27, 8, pa1-unknown-h-output1.txt
  195.63,   189.78,   201.22
  409.19,   406.22,   207.82
  211.56,   210.14,   211.61
  211.33,   207.44,   336.58
  211.10,   204.74,   461.55
  213.55,   335.10,   214.32
  213.32,   332.39,   339.29
  213.09,   329.69,   464.26
  215.53,   460.05,   217.02
  215.30,   457.35,   341.99
  215.07,   454.65,   466.96
  336.55,   208.15,   211.80
  336.32,   205.45,   336.77
  336.09,   202.75,   461.74
  338.53,   333.11,   214.50
  338.30,   330.40,   339.47
  338.07,   327.70,   464.44
  340.52,   458.06,   217.21
  340.29,   455.36,   342.18
  340.06,   452.66,   467.15
  461.53,   206.16,   211.99
  461.30,   203.46,   336.96
  461.07,   200.76,   461.93
  463.52,   331.12,   214.69
  463.29,   328.41,   339.66
  463.05,   325.71,   464.63
  465.50,   456.07,   217.40
  465.27,   453.37,   342.37
  465.04,   450.67,   467.34
  208.65,   208.58,   449.99
  211.96,   206.13,   574.92
  215.27,   203.69,   699.85
  207.83,   333.55,   452.45
  211.14,   331.10,   577.39
  214.44,   328.66,   702.32
  207.00,   458.52,   454.92
  210.31,   456.08,   579.85
  213.62,   453.63,   704.79
  333.61,   209.47,   446.70
  336.91,   207.02,   571.63
  340.22,   204.58,   696.56
  332.78,   334.44,   449.17
  336.09,   331.99,   574.10
  339.39,   329.55,   699.03
  331.96,   459.41,   451.63
  335.26,   456.97,   576.57
  338.57,   454.52,   701.50
  458.56,   210.36,   443.41
  461.87,   207.91,   568.34
  465.17,   205.47,   693.27
  457.74,   335.33,   445.88
  461.04,   332.88,   570.81
  464.35,   330.44,   695.74
  456.91,   460.30,   448.34
  460.22,   457.86,   573.28
  463.52,   455.41,   698.21
  210.15,   448.43,   209.53
  206.78,   449.23,   334.49
  203.42,   450.02,   459.44
  206.70,   573.38,   208.65
  203.34,   574.18,   333.60
  199.98,   574.97,   458.55
  203.26,   698.33,   207.76
  199.89,   699.12,   332.72
  196.53,   699.92,   457.67
  335.06,   451.90,   212.87
  331.69,   452.69,   337.83
  328.33,   453.49,   462.78
  331.61,   576.85,   211.99
  328.25,   577.64,   336.94
  324.88,   578.43,   461.89
  328.17,   701.80,   211.11
  324.80,   702.59,   336.06
  321.44,   703.38,   461.01
  459.96,   455.37,   216.21
  456.60,   456.16,   341.17
  453.24,   456.95,   466.12
  456.52,   580.32,   215.33
  453.15,   581.11,   340.28
  449.79,   581.90,   465.23
  453.07,   705.27,   214.45
  449.71,   706.06,   339.40
  446.35,   706.85,   464.35
  208.71,   449.38,   451.17
  206.90,   446.24,   576.12
  205.09,   443.10,   701.07
  208.28,   574.34,   454.30
  206.47,   571.20,   579.25
  204.66,   568.06,   704.20
  207.84,   699.30,   457.44
  206.03,   696.16,   582.39
  204.23,   693.02,   707.33
  333.70,   449.77,   452.99
  331.89,   446.63,   577.94
  330.08,   443.49,   702.88
  333.26,   574.73,   456.12
  331.45,   571.59,   581.07
  329.65,   568.45,   706.02
  332.83,   699.69,   459.26
  331.02,   696.55,   584.20
  329.21,   693.41,   709.15
  458.68,   450.16,   454.81
  456.87,   447.02,   579.76
  455.07,   443.88,   704.70
  458.25,   575.12,   457.94
  456.44,   571.98,   582.89
  454.63,   568.84,   707.84
  457.81,   700.08,   461.07
  456.01,   696.94,   586.02
  454.20,   693.80,   710.97
  448.78,   211.28,   210.79
  447.44,   210.69,   335.78
  446.11,   210.09,   460.78
  446.89,   336.27,   211.37
  445.55,   335.67,   336.36
  444.22,   335.07,   461.35
  445.00,   461.25,   211.95
  443.67,   460.65,   336.94
  442.33,   460.06,   461.93
  573.75,   213.16,   212.14
  572.42,   212.57,   337.13
  571.09,   211.97,   462.12
  571.87,   338.15,   212.71
  570.53,   337.55,   337.70
  569.20,   336.96,   462.69
  569.98,   463.13,   213.29
  568.64,   462.54,   338.28
  567.31,   461.94,   463.27
  698.73,   215.04,   213.48
  697.40,   214.45,   338.47
  696.06,   213.85,   463.46
  696.84,   340.03,   214.05
  695.51,   339.43,   339.05
  694.18,   338.84,   464.04
  694.96,   465.01,   214.63
  693.62,   464.42,   339.62
  692.29,   463.82,   464.61
  451.27,   211.03,   448.33
  453.08,   213.66,   573.29
  454.88,   216.29,   698.24
  454.75,   335.95,   445.65
  456.55,   338.58,   570.61
  458.35,   341.21,   695.57
  458.23,   460.88,   442.97
  460.03,   463.51,   567.93
  461.83,   466.14,   692.89
  576.21,   207.52,   446.60
  578.02,   210.15,   571.56
  579.82,   212.78,   696.52
  579.69,   332.44,   443.92
  581.49,   335.07,   568.88
  583.29,   337.70,   693.84
  583.17,   457.36,   441.24
  584.97,   459.99,   566.20
  586.77,   462.62,   691.16
  701.15,   204.00,   444.87
  702.95,   206.63,   569.83
  704.76,   209.26,   694.79
  704.63,   328.93,   442.19
  706.43,   331.56,   567.15
  708.23,   334.19,   692.11
  708.10,   453.85,   439.51
  709.91,   456.48,   564.47
  711.71,   459.11,   689.43
  451.24,   451.17,   210.68
  452.05,   450.04,   335.67
  452.85,   448.91,   460.66
  448.58,   576.14,   211.83
  449.38,   575.01,   336.82
  450.19,   573.87,   461.81
  445.91,   701.10,   212.97
  446.72,   699.97,   337.97
  447.53,   698.84,   462.96
  576.21,   453.84,   209.90
  577.02,   452.71,   334.89
  577.82,   451.58,   459.88
  573.55,   578.81,   211.04
  574.35,   577.68,   336.04
  575.16,   576.55,   461.03
  570.88,   703.77,   212.19
  571.69,   702.64,   337.18
  572.49,   701.51,   462.18
  701.18,   456.51,   209.11
  701.99,   455.38,   334.11
  702.79,   454.25,   459.10
  698.51,   581.48,   210.26
  699.32,   580.35,   335.25
  700.13,   579.22,   460.25
  695.85,   706.45,   211.41
  696.66,   705.31,   336.40
  697.46,   704.18,   461.39
  449.12,   448.97,   450.35
  445.73,   451.76,   575.27
  442.34,   454.55,   700.19
  446.89,   573.92,   447.50
  443.49,   576.71,   572.42
  440.10,   579.49,   697.34
  444.65,   698.87,   444.65
  441.26,   701.65,   569.57
  437.86,   704.44,   694.50
  574.06,   451.28,   453.69
  570.66,   454.07,   578.61
  567.27,   456.86,   703.54
  571.82,   576.23,   450.84
  568.43,   579.02,   575.76
  565.03,   581.80,   700.69
  569.59,   701.18,   447.99
  566.19,   703.96,   572.91
  562.80,   706.75,   697.84
  698.99,   453.59,   457.03
  695.60,   456.38,   581.95
  692.20,   459.17,   706.88
  696.76,   578.54,   454.18
  693.36,   581.33,   579.11
  689.97,   584.12,   704.03
  694.52,   703.49,   451.33
  691.13,   706.28,   576.26
  687.73,   709.06,   701.18
