27, 125, pa2-debug-d-output1.txt
  197.08,   202.27,   209.02
  402.59,   394.38,   204.58
  99.23,   99.28,   101.07
  101.75,   97.79,   226.04
  104.27,   96.29,   351.00
  97.96,   224.27,   102.59
  100.48,   222.77,   227.56
  103.00,   221.28,   352.52
  96.69,   349.25,   104.11
  99.21,   347.76,   229.08
  101.73,   346.26,   354.04
  224.20,   100.59,   98.56
  226.72,   99.09,   223.53
  229.24,   97.60,   348.50
  222.93,   225.57,   100.09
  225.45,   224.07,   225.05
  227.97,   222.58,   350.02
  221.65,   350.55,   101.61
  224.18,   349.06,   226.57
  226.70,   347.56,   351.54
  349.17,   101.89,   96.06
  351.69,   100.39,   221.02
  354.21,   98.90,   345.99
  347.89,   226.87,   97.58
  350.42,   225.38,   222.54
  352.94,   223.88,   347.51
  346.62,   351.86,   99.10
  349.14,   350.36,   224.07
  351.67,   348.87,   349.03
  99.56,   101.54,   224.98
  101.00,   101.10,   349.97
  102.45,   100.67,   474.96
  98.15,   226.53,   225.43
  99.59,   226.09,   350.42
  101.04,   225.66,   475.41
  96.74,   351.52,   225.88
  98.19,   351.08,   350.87
  99.63,   350.65,   475.87
  224.54,   102.95,   223.54
  225.99,   102.52,   348.53
  227.43,   102.08,   473.52
  223.13,   227.94,   223.99
  224.58,   227.51,   348.98
  226.02,   227.07,   473.97
  221.72,   352.93,   224.44
  223.17,   352.50,   349.43
  224.62,   352.06,   474.42
  349.53,   104.36,   222.10
  350.97,   103.93,   347.09
  352.42,   103.49,   472.08
  348.12,   229.36,   222.55
  349.56,   228.92,   347.54
  351.01,   228.49,   472.53
  346.71,   354.35,   223.00
  348.15,   353.91,   347.99
  349.60,   353.48,   472.98
  99.26,   99.44,   351.19
  101.91,   101.92,   476.14
  104.57,   104.41,   601.09
  101.56,   224.39,   348.66
  104.22,   226.88,   473.61
  106.87,   229.36,   598.56
  103.86,   349.35,   346.13
  106.52,   351.83,   471.08
  109.17,   354.31,   596.02
  224.21,   97.08,   348.59
  226.86,   99.57,   473.53
  229.52,   102.05,   598.48
  226.51,   222.04,   346.05
  229.17,   224.52,   471.00
  231.82,   227.01,   595.95
  228.81,   346.99,   343.52
  231.47,   349.47,   468.47
  234.12,   351.96,   593.42
  349.16,   94.73,   345.98
  351.81,   97.21,   470.93
  354.47,   99.70,   595.87
  351.46,   219.68,   343.45
  354.12,   222.17,   468.39
  356.77,   224.65,   593.34
  353.77,   344.64,   340.91
  356.42,   347.12,   465.86
  359.07,   349.60,   590.81
  100.48,   98.95,   475.55
  98.35,   98.28,   600.53
  96.21,   97.60,   725.51
  100.83,   223.95,   476.23
  98.70,   223.28,   601.21
  96.57,   222.60,   726.19
  101.19,   348.95,   476.91
  99.05,   348.27,   601.89
  96.92,   347.60,   726.87
  225.46,   98.59,   477.68
  223.33,   97.91,   602.66
  221.19,   97.24,   727.64
  225.82,   223.59,   478.36
  223.68,   222.91,   603.34
  221.55,   222.24,   728.32
  226.17,   348.58,   479.04
  224.04,   347.91,   604.02
  221.90,   347.24,   729.00
  350.44,   98.22,   479.81
  348.31,   97.55,   604.79
  346.18,   96.88,   729.77
  350.80,   223.22,   480.49
  348.66,   222.55,   605.47
  346.53,   221.87,   730.45
  351.15,   348.22,   481.17
  349.02,   347.54,   606.15
  346.88,   346.87,   731.13
  99.59,   99.82,   600.00
  100.74,   101.68,   724.98
  101.88,   103.55,   849.96
  100.79,   224.80,   598.13
  101.93,   226.66,   723.11
  103.08,   228.53,   848.09
  101.99,   349.78,   596.25
  103.13,   351.64,   721.24
  104.28,   353.51,   846.22
  224.58,   98.61,   598.87
  225.73,   100.47,   723.85
  226.87,   102.33,   848.83
  225.78,   223.59,   597.00
  226.92,   225.45,   721.98
  228.07,   227.31,   846.96
  226.98,   348.57,   595.13
  228.12,   350.43,   720.11
  229.27,   352.29,   845.09
  349.57,   97.39,   597.75
  350.71,   99.25,   722.73
  351.86,   101.11,   847.71
  350.77,   222.37,   595.87
  351.91,   224.23,   720.85
  353.06,   226.09,   845.83
  351.97,   347.35,   594.00
  353.11,   349.21,   718.98
  354.26,   351.08,   843.96
  99.32,   224.18,   101.27
  97.16,   224.89,   226.25
  94.99,   225.60,   351.23
  101.58,   349.16,   100.61
  99.42,   349.87,   225.59
  97.25,   350.57,   350.56
  103.85,   474.14,   99.94
  101.68,   474.84,   224.92
  99.52,   475.55,   349.90
  224.28,   221.93,   103.45
  222.12,   222.64,   228.43
  219.95,   223.34,   353.41
  226.55,   346.91,   102.78
  224.38,   347.62,   227.76
  222.21,   348.32,   352.74
  228.81,   471.89,   102.12
  226.64,   472.59,   227.10
  224.48,   473.30,   352.08
  349.24,   219.68,   105.63
  347.08,   220.39,   230.61
  344.91,   221.09,   355.59
  351.51,   344.66,   104.96
  349.34,   345.37,   229.94
  347.17,   346.07,   354.92
  353.77,   469.64,   104.30
  351.60,   470.34,   229.28
  349.44,   471.05,   354.25
  100.09,   223.84,   223.75
  101.50,   222.57,   348.74
  102.91,   221.31,   473.72
  101.79,   348.82,   225.00
  103.20,   347.55,   349.98
  104.61,   346.29,   474.97
  103.49,   473.80,   226.24
  104.90,   472.54,   351.23
  106.31,   471.27,   476.22
  225.07,   222.15,   222.32
  226.48,   220.89,   347.31
  227.89,   219.62,   472.29
  226.77,   347.13,   223.57
  228.18,   345.87,   348.56
  229.59,   344.60,   473.54
  228.47,   472.12,   224.82
  229.88,   470.85,   349.80
  231.29,   469.58,   474.79
  350.05,   220.46,   220.90
  351.46,   219.20,   345.88
  352.87,   217.93,   470.87
  351.75,   345.45,   222.14
  353.16,   344.18,   347.13
  354.57,   342.91,   472.11
  353.45,   470.43,   223.39
  354.86,   469.16,   348.38
  356.27,   467.90,   473.36
  99.16,   226.25,   349.64
  102.33,   229.53,   474.56
  105.49,   232.81,   599.48
  96.02,   351.17,   346.44
  99.18,   354.45,   471.36
  102.35,   357.73,   596.27
  92.87,   476.08,   343.24
  96.04,   479.37,   468.15
  99.21,   482.65,   593.07
  224.08,   229.31,   346.40
  227.25,   232.59,   471.31
  230.41,   235.87,   596.23
  220.94,   354.22,   343.19
  224.10,   357.51,   468.11
  227.27,   360.79,   593.03
  217.79,   479.14,   339.99
  220.96,   482.43,   464.91
  224.13,   485.71,   589.82
  349.00,   232.37,   343.15
  352.17,   235.65,   468.07
  355.33,   238.93,   592.98
  345.86,   357.28,   339.95
  349.02,   360.57,   464.86
  352.19,   363.85,   589.78
  342.72,   482.20,   336.74
  345.88,   485.49,   461.66
  349.05,   488.77,   586.58
  101.79,   223.49,   476.15
  98.87,   220.76,   601.09
  95.95,   218.03,   726.02
  103.64,   348.45,   478.92
  100.72,   345.72,   603.86
  97.81,   342.99,   728.80
  105.50,   473.40,   481.70
  102.58,   470.67,   606.63
  99.66,   467.94,   731.57
  226.74,   221.57,   479.03
  223.82,   218.84,   603.96
  220.90,   216.11,   728.90
  228.60,   346.53,   481.80
  225.68,   343.80,   606.74
  222.76,   341.07,   731.67
  230.45,   471.48,   484.57
  227.53,   468.75,   609.51
  224.61,   466.02,   734.45
  351.69,   219.65,   481.90
  348.77,   216.92,   606.84
  345.86,   214.19,   731.78
  353.55,   344.61,   484.68
  350.63,   341.88,   609.61
  347.71,   339.15,   734.55
  355.40,   469.57,   487.45
  352.48,   466.84,   612.39
  349.56,   464.11,   737.32
  100.30,   223.13,   601.17
  103.47,   223.08,   726.13
  106.64,   223.03,   851.09
  101.49,   348.12,   601.19
  104.66,   348.07,   726.15
  107.83,   348.03,   851.11
  102.68,   473.12,   601.21
  105.85,   473.07,   726.17
  109.02,   473.02,   851.13
  225.25,   221.94,   598.00
  228.42,   221.89,   722.96
  231.59,   221.84,   847.92
  226.45,   346.93,   598.02
  229.62,   346.88,   722.98
  232.79,   346.84,   847.94
  227.64,   471.92,   598.04
  230.81,   471.88,   723.00
  233.98,   471.83,   847.96
  350.21,   220.74,   594.83
  353.38,   220.70,   719.79
  356.55,   220.65,   844.75
  351.40,   345.74,   594.85
  354.57,   345.69,   719.81
  357.74,   345.64,   844.77
  352.59,   470.73,   594.87
  355.76,   470.69,   719.83
  358.93,   470.64,   844.79
  99.06,   349.29,   98.45
  96.14,   351.65,   223.39
  93.22,   354.02,   348.33
  96.52,   474.24,   96.02
  93.60,   476.60,   220.96
  90.68,   478.97,   345.91
  93.98,   599.19,   93.59
  91.06,   601.56,   218.54
  88.14,   603.92,   343.48
  224.00,   351.88,   101.32
  221.08,   354.25,   226.26
  218.16,   356.62,   351.21
  221.46,   476.83,   98.89
  218.54,   479.20,   223.83
  215.62,   481.57,   348.78
  218.92,   601.78,   96.46
  216.00,   604.15,   221.41
  213.08,   606.52,   346.35
  348.94,   354.48,   104.19
  346.02,   356.84,   229.13
  343.10,   359.21,   354.08
  346.40,   479.43,   101.76
  343.48,   481.80,   226.71
  340.56,   484.16,   351.65
  343.86,   604.38,   99.33
  340.94,   606.75,   224.28
  338.02,   609.11,   349.22
  98.03,   351.99,   223.00
  95.12,   354.69,   347.94
  92.21,   357.39,   472.88
  96.49,   476.95,   220.26
  93.58,   479.65,   345.20
  90.67,   482.35,   470.14
  94.95,   601.91,   217.52
  92.04,   604.61,   342.46
  89.13,   607.31,   467.40
  222.98,   353.59,   225.88
  220.08,   356.29,   350.81
  217.17,   359.00,   475.75
  221.44,   478.55,   223.14
  218.54,   481.25,   348.07
  215.63,   483.96,   473.01
  219.90,   603.51,   220.40
  217.00,   606.21,   345.33
  214.09,   608.92,   470.27
  347.94,   355.19,   228.75
  345.03,   357.90,   353.69
  342.12,   360.60,   478.63
  346.40,   480.15,   226.01
  343.49,   482.86,   350.95
  340.59,   485.56,   475.89
  344.86,   605.11,   223.27
  341.95,   607.82,   348.21
  339.05,   610.52,   473.15
  99.55,   350.90,   349.07
  97.39,   349.56,   474.04
  95.23,   348.21,   599.02
  100.60,   475.89,   350.43
  98.44,   474.54,   475.41
  96.28,   473.20,   600.38
  101.65,   600.88,   351.80
  99.49,   599.53,   476.77
  97.33,   598.19,   601.74
  224.53,   349.83,   351.22
  222.37,   348.48,   476.19
  220.21,   347.14,   601.16
  225.57,   474.82,   352.58
  223.42,   473.47,   477.55
  221.26,   472.13,   602.53
  226.62,   599.81,   353.94
  224.46,   598.46,   478.92
  222.31,   597.12,   603.89
  349.50,   348.76,   353.36
  347.34,   347.41,   478.34
  345.19,   346.07,   603.31
  350.55,   473.75,   354.73
  348.39,   472.40,   479.70
  346.23,   471.06,   604.68
  351.60,   598.74,   356.09
  349.44,   597.39,   481.06
  347.28,   596.04,   606.04
  101.32,   350.56,   475.53
  103.21,   353.21,   600.49
  105.09,   355.86,   725.45
  103.23,   475.52,   472.86
  105.11,   478.17,   597.82
  106.99,   480.81,   722.77
  105.13,   600.48,   470.18
  107.01,   603.13,   595.14
  108.89,   605.77,   720.10
  226.30,   348.62,   473.69
  228.18,   351.27,   598.65
  230.06,   353.92,   723.61
  228.20,   473.58,   471.02
  230.08,   476.23,   595.98
  231.96,   478.87,   720.93
  230.10,   598.54,   468.34
  231.98,   601.18,   593.30
  233.87,   603.83,   718.26
  351.27,   346.68,   471.85
  353.15,   349.33,   596.81
  355.03,   351.97,   721.77
  353.17,   471.64,   469.18
  355.05,   474.28,   594.13
  356.93,   476.93,   719.09
  355.07,   596.59,   466.50
  356.95,   599.24,   591.46
  358.84,   601.89,   716.42
  99.89,   348.70,   601.25
  98.50,   351.38,   726.22
  97.11,   354.07,   851.18
  99.49,   473.67,   598.56
  98.10,   476.36,   723.52
  96.71,   479.04,   848.49
  99.09,   598.64,   595.87
  97.70,   601.33,   720.83
  96.31,   604.01,   845.80
  224.88,   349.13,   602.63
  223.49,   351.81,   727.60
  222.10,   354.50,   852.56
  224.48,   474.10,   599.94
  223.09,   476.78,   724.91
  221.70,   479.47,   849.87
  224.08,   599.07,   597.25
  222.69,   601.75,   722.21
  221.30,   604.44,   847.18
  349.87,   349.55,   604.01
  348.48,   352.24,   728.98
  347.09,   354.93,   853.94
  349.47,   474.53,   601.32
  348.08,   477.21,   726.29
  346.69,   479.90,   851.25
  349.07,   599.50,   598.63
  347.68,   602.18,   723.59
  346.29,   604.87,   848.56
  101.08,   475.31,   99.74
  98.70,   475.44,   224.72
  96.31,   475.56,   349.69
  101.63,   600.31,   99.63
  99.24,   600.43,   224.60
  96.86,   600.56,   349.58
  102.18,   725.31,   99.52
  99.79,   725.43,   224.49
  97.41,   725.56,   349.47
  226.06,   474.77,   102.13
  223.67,   474.89,   227.10
  221.29,   475.01,   352.08
  226.60,   599.77,   102.01
  224.22,   599.89,   226.99
  221.84,   600.01,   351.97
  227.15,   724.76,   101.90
  224.77,   724.89,   226.88
  222.38,   725.01,   351.85
  351.03,   474.22,   104.51
  348.65,   474.34,   229.49
  346.26,   474.47,   354.46
  351.58,   599.22,   104.40
  349.20,   599.34,   229.37
  346.81,   599.47,   354.35
  352.13,   724.22,   104.28
  349.74,   724.34,   229.26
  347.36,   724.47,   354.24
  99.13,   474.22,   226.18
  96.38,   471.73,   351.13
  93.63,   469.25,   476.07
  102.37,   599.15,   228.73
  99.62,   596.67,   353.68
  96.87,   594.18,   478.63
  105.60,   724.08,   231.29
  102.85,   721.60,   356.23
  100.10,   719.12,   481.18
  224.06,   470.93,   228.87
  221.31,   468.44,   353.81
  218.56,   465.96,   478.76
  227.29,   595.86,   231.42
  224.54,   593.38,   356.36
  221.79,   590.89,   481.31
  230.53,   720.79,   233.97
  227.78,   718.31,   358.92
  225.03,   715.83,   483.86
  348.99,   467.64,   231.55
  346.24,   465.15,   356.50
  343.49,   462.67,   481.44
  352.22,   592.57,   234.10
  349.47,   590.09,   359.05
  346.72,   587.60,   483.99
  355.46,   717.50,   236.66
  352.71,   715.02,   361.60
  349.96,   712.54,   486.55
  100.59,   476.81,   348.15
  98.78,   479.33,   473.11
  96.98,   481.86,   598.07
  99.15,   601.77,   345.61
  97.35,   604.30,   470.57
  95.54,   606.82,   595.53
  97.72,   726.74,   343.06
  95.91,   729.26,   468.02
  94.10,   731.79,   592.99
  225.57,   478.28,   349.93
  223.76,   480.81,   474.89
  221.96,   483.33,   599.85
  224.13,   603.25,   347.38
  222.33,   605.77,   472.35
  220.52,   608.30,   597.31
  222.70,   728.21,   344.84
  220.89,   730.74,   469.80
  219.08,   733.26,   594.76
  350.55,   479.75,   351.71
  348.74,   482.28,   476.67
  346.94,   484.80,   601.63
  349.11,   604.72,   349.16
  347.31,   607.24,   474.12
  345.50,   609.77,   599.08
  347.68,   729.69,   346.62
  345.87,   732.21,   471.58
  344.06,   734.73,   596.54
  98.54,   473.10,   476.75
  102.14,   473.32,   601.70
  105.74,   473.54,   726.65
  99.26,   598.10,   476.51
  102.86,   598.32,   601.46
  106.46,   598.54,   726.41
  99.98,   723.10,   476.27
  103.58,   723.31,   601.22
  107.18,   723.53,   726.17
  223.49,   472.37,   473.16
  227.09,   472.59,   598.10
  230.69,   472.81,   723.05
  224.20,   597.37,   472.92
  227.80,   597.59,   597.86
  231.40,   597.81,   722.81
  224.92,   722.37,   472.68
  228.52,   722.59,   597.62
  232.12,   722.81,   722.57
  348.43,   471.65,   469.56
  352.03,   471.87,   594.51
  355.63,   472.09,   719.45
  349.15,   596.65,   469.32
  352.75,   596.87,   594.27
  356.35,   597.08,   719.21
  349.87,   721.64,   469.08
  353.47,   721.86,   594.03
  357.07,   722.08,   718.97
  101.59,   474.74,   601.04
  105.01,   474.10,   725.99
  108.44,   473.47,   850.94
  101.92,   599.74,   601.67
  105.34,   599.10,   726.62
  108.77,   598.47,   851.57
  102.25,   724.73,   602.29
  105.67,   724.10,   727.24
  109.10,   723.46,   852.20
  226.54,   474.43,   597.61
  229.97,   473.79,   722.56
  233.39,   473.16,   847.52
  226.87,   599.43,   598.24
  230.30,   598.79,   723.19
  233.72,   598.16,   848.14
  227.20,   724.42,   598.87
  230.62,   723.79,   723.82
  234.05,   723.15,   848.77
  351.49,   474.12,   594.19
  354.92,   473.48,   719.14
  358.35,   472.85,   844.09
  351.82,   599.11,   594.81
  355.25,   598.48,   719.76
  358.67,   597.84,   844.72
  352.15,   724.11,   595.44
  355.58,   723.48,   720.39
  359.00,   722.84,   845.34
  98.80,   600.34,   99.19
  98.46,   602.05,   224.18
  98.11,   603.76,   349.16
  96.45,   725.31,   97.47
  96.10,   727.02,   222.46
  95.76,   728.72,   347.45
  94.09,   850.28,   95.76
  93.75,   851.98,   220.75
  93.41,   853.69,   345.74
  223.78,   602.70,   99.50
  223.43,   604.41,   224.49
  223.09,   606.12,   349.48
  221.42,   727.67,   97.79
  221.08,   729.37,   222.77
  220.74,   731.08,   347.76
  219.07,   852.63,   96.07
  218.73,   854.34,   221.06
  218.38,   856.05,   346.05
  348.75,   605.06,   99.81
  348.41,   606.77,   224.80
  348.07,   608.47,   349.79
  346.40,   730.03,   98.10
  346.06,   731.73,   223.09
  345.71,   733.44,   348.08
  344.05,   854.99,   96.39
  343.70,   856.70,   221.37
  343.36,   858.41,   346.36
  99.59,   599.52,   225.72
  96.79,   602.13,   350.67
  93.98,   604.75,   475.61
  102.13,   724.47,   223.17
  99.32,   727.08,   348.11
  96.52,   729.69,   473.05
  104.66,   849.41,   220.61
  101.86,   852.03,   345.55
  99.05,   854.64,   470.49
  224.53,   597.04,   228.58
  221.73,   599.65,   353.52
  218.92,   602.27,   478.46
  227.07,   721.99,   226.02
  224.26,   724.60,   350.97
  221.46,   727.22,   475.91
  229.61,   846.94,   223.47
  226.80,   849.55,   348.41
  224.00,   852.16,   473.35
  349.48,   594.56,   231.44
  346.67,   597.18,   356.38
  343.87,   599.79,   481.32
  352.01,   719.51,   228.88
  349.21,   722.12,   353.82
  346.40,   724.74,   478.76
  354.55,   844.46,   226.32
  351.74,   847.07,   351.26
  348.94,   849.69,   476.21
  100.58,   599.97,   348.28
  102.70,   602.80,   473.23
  104.83,   605.63,   598.18
  104.13,   724.89,   345.40
  106.26,   727.72,   470.35
  108.39,   730.54,   595.30
  107.69,   849.81,   342.51
  109.81,   852.63,   467.46
  111.94,   855.46,   592.41
  225.51,   596.37,   346.24
  227.64,   599.20,   471.19
  229.76,   602.02,   596.14
  229.06,   721.29,   343.35
  231.19,   724.11,   468.30
  233.32,   726.94,   593.25
  232.62,   846.20,   340.47
  234.74,   849.03,   465.42
  236.87,   851.86,   590.37
  350.44,   592.77,   344.19
  352.57,   595.60,   469.14
  354.69,   598.42,   594.09
  353.99,   717.69,   341.31
  356.12,   720.51,   466.26
  358.25,   723.34,   591.21
  357.55,   842.60,   338.42
  359.68,   845.43,   463.37
  361.80,   848.25,   588.32
  98.25,   601.85,   475.42
  100.35,   601.12,   600.40
  102.44,   600.38,   725.38
  101.50,   726.81,   476.10
  103.59,   726.07,   601.08
  105.69,   725.34,   726.06
  104.75,   851.76,   476.78
  106.84,   851.03,   601.76
  108.94,   850.29,   726.74
  223.19,   598.62,   473.31
  225.29,   597.88,   598.29
  227.38,   597.15,   723.27
  226.44,   723.57,   473.99
  228.54,   722.84,   598.97
  230.63,   722.10,   723.95
  229.69,   848.53,   474.67
  231.78,   847.79,   599.65
  233.88,   847.06,   724.63
  348.13,   595.38,   471.19
  350.23,   594.65,   596.17
  352.33,   593.91,   721.15
  351.38,   720.34,   471.87
  353.48,   719.60,   596.85
  355.57,   718.87,   721.83
  354.63,   845.29,   472.55
  356.72,   844.56,   597.53
  358.82,   843.82,   722.51
  98.52,   598.12,   600.32
  101.82,   601.50,   725.23
  105.13,   604.87,   850.14
  98.49,   723.08,   596.95
  101.79,   726.45,   721.86
  105.10,   729.82,   846.77
  98.46,   848.03,   593.57
  101.76,   851.40,   718.48
  105.07,   854.78,   843.39
  223.47,   598.06,   597.02
  226.78,   601.44,   721.93
  230.08,   604.81,   846.84
  223.44,   723.01,   593.64
  226.75,   726.39,   718.55
  230.05,   729.76,   843.46
  223.41,   847.97,   590.27
  226.72,   851.34,   715.18
  230.02,   854.72,   840.09
  348.43,   598.00,   593.71
  351.73,   601.37,   718.62
  355.04,   604.75,   843.53
  348.40,   722.95,   590.34
  351.70,   726.33,   715.25
  355.01,   729.70,   840.16
  348.37,   847.91,   586.96
  351.68,   851.28,   711.87
  354.98,   854.66,   836.78
  224.63,   100.30,   101.01
  227.92,   98.67,   225.96
  231.20,   97.04,   350.90
  222.15,   225.26,   102.70
  225.44,   223.63,   227.65
  228.72,   222.00,   352.60
  219.67,   350.22,   104.40
  222.96,   348.60,   229.34
  226.24,   346.97,   354.29
  349.56,   102.82,   97.76
  352.85,   101.19,   222.70
  356.13,   99.56,   347.65
  347.08,   227.78,   99.45
  350.37,   226.16,   224.40
  353.65,   224.53,   349.34
  344.60,   352.75,   101.15
  347.89,   351.12,   226.09
  351.17,   349.49,   351.04
  474.49,   105.34,   94.50
  477.78,   103.72,   219.45
  481.07,   102.09,   344.40
  472.01,   230.31,   96.20
  475.30,   228.68,   221.14
  478.59,   227.05,   346.09
  469.53,   355.27,   97.89
  472.82,   353.64,   222.84
  476.11,   352.01,   347.78
  223.31,   101.41,   226.69
  225.17,   100.54,   351.67
  227.02,   99.66,   476.65
  225.67,   226.39,   227.53
  227.52,   225.51,   352.51
  229.37,   224.64,   477.49
  228.02,   351.36,   228.37
  229.88,   350.49,   353.35
  231.73,   349.61,   478.33
  348.28,   99.07,   224.82
  350.13,   98.19,   349.80
  351.98,   97.32,   474.78
  350.63,   224.04,   225.66
  352.49,   223.17,   350.64
  354.34,   222.29,   475.62
  352.99,   349.02,   226.50
  354.84,   348.14,   351.48
  356.70,   347.27,   476.46
  473.24,   96.72,   222.95
  475.09,   95.85,   347.93
  476.95,   94.98,   472.92
  475.60,   221.70,   223.79
  477.45,   220.82,   348.77
  479.30,   219.95,   473.75
  477.95,   346.67,   224.63
  479.81,   345.80,   349.61
  481.66,   344.93,   474.59
  223.51,   98.14,   351.59
  220.50,   94.43,   476.50
  217.48,   90.72,   601.41
  222.43,   223.08,   355.28
  219.41,   219.37,   480.19
  216.40,   215.66,   605.09
  221.34,   348.02,   358.96
  218.33,   344.31,   483.87
  215.31,   340.60,   608.78
  348.47,   99.14,   354.64
  345.46,   95.43,   479.55
  342.44,   91.72,   604.46
  347.39,   224.08,   358.32
  344.37,   220.37,   483.23
  341.36,   216.66,   608.14
  346.30,   349.02,   362.01
  343.29,   345.31,   486.92
  340.27,   341.60,   611.83
  473.43,   100.14,   357.69
  470.42,   96.42,   482.59
  467.40,   92.71,   607.50
  472.35,   225.08,   361.37
  469.33,   221.37,   486.28
  466.31,   217.65,   611.19
  471.26,   350.02,   365.06
  468.24,   346.31,   489.96
  465.23,   342.60,   614.87
  223.28,   100.78,   474.19
  225.90,   99.08,   599.15
  228.51,   97.39,   724.11
  220.49,   225.73,   475.94
  223.11,   224.04,   600.90
  225.73,   222.35,   725.86
  217.71,   350.69,   477.69
  220.32,   349.00,   602.65
  222.94,   347.31,   727.61
  348.22,   103.60,   471.61
  350.84,   101.91,   596.57
  353.45,   100.21,   721.53
  345.43,   228.55,   473.36
  348.05,   226.86,   598.32
  350.67,   225.17,   723.28
  342.65,   353.51,   475.11
  345.27,   351.82,   600.07
  347.88,   350.13,   725.03
  473.16,   106.42,   469.03
  475.78,   104.73,   594.00
  478.40,   103.04,   718.96
  470.38,   231.37,   470.78
  472.99,   229.68,   595.74
  475.61,   227.99,   720.71
  467.59,   356.33,   472.53
  470.21,   354.64,   597.49
  472.82,   352.95,   722.46
  226.80,   98.48,   599.44
  223.49,   101.07,   724.37
  220.19,   103.67,   849.30
  226.40,   223.45,   596.84
  223.10,   226.05,   721.77
  219.79,   228.64,   846.70
  226.00,   348.42,   594.23
  222.70,   351.02,   719.16
  219.40,   353.61,   844.09
  351.75,   98.94,   602.74
  348.45,   101.54,   727.67
  345.14,   104.13,   852.60
  351.36,   223.92,   600.13
  348.05,   226.51,   725.06
  344.75,   229.10,   849.99
  350.96,   348.89,   597.53
  347.66,   351.48,   722.46
  344.35,   354.08,   847.39
  476.71,   99.41,   606.03
  473.40,   102.00,   730.96
  470.10,   104.60,   855.89
  476.31,   224.38,   603.43
  473.01,   226.97,   728.36
  469.70,   229.57,   853.29
  475.92,   349.35,   600.82
  472.61,   351.95,   725.75
  469.31,   354.54,   850.68
  223.56,   224.38,   101.58
  221.01,   220.79,   226.51
  218.47,   217.20,   351.43
  221.18,   349.30,   105.12
  218.64,   345.72,   230.04
  216.10,   342.13,   354.97
  218.81,   474.23,   108.66
  216.27,   470.64,   233.58
  213.72,   467.06,   358.50
  348.51,   226.68,   104.19
  345.97,   223.09,   229.12
  343.42,   219.50,   354.04
  346.13,   351.60,   107.73
  343.59,   348.02,   232.65
  341.05,   344.43,   357.58
  343.76,   476.53,   111.27
  341.22,   472.94,   236.19
  338.67,   469.36,   361.11
  473.46,   228.98,   106.80
  470.92,   225.39,   231.73
  468.37,   221.80,   356.65
  471.09,   353.90,   110.34
  468.54,   350.32,   235.26
  466.00,   346.73,   360.19
  468.71,   478.83,   113.88
  466.17,   475.24,   238.80
  463.63,   471.66,   363.72
  225.40,   225.68,   223.95
  222.00,   224.52,   348.90
  218.60,   223.36,   473.84
  225.78,   350.68,   225.12
  222.39,   349.52,   350.07
  218.99,   348.35,   475.02
  226.17,   475.67,   226.29
  222.77,   474.51,   351.24
  219.37,   473.35,   476.19
  350.35,   225.26,   227.34
  346.95,   224.10,   352.29
  343.55,   222.94,   477.24
  350.74,   350.26,   228.51
  347.34,   349.10,   353.46
  343.94,   347.94,   478.41
  351.12,   475.25,   229.69
  347.73,   474.09,   354.63
  344.33,   472.93,   479.58
  475.30,   224.85,   230.74
  471.90,   223.68,   355.68
  468.51,   222.52,   480.63
  475.69,   349.84,   231.91
  472.29,   348.68,   356.86
  468.89,   347.52,   481.80
  476.08,   474.83,   233.08
  472.68,   473.67,   358.03
  469.28,   472.51,   482.98
  225.51,   224.98,   351.62
  227.20,   227.04,   476.59
  228.89,   229.10,   601.56
  224.23,   349.95,   349.57
  225.92,   352.02,   474.55
  227.60,   354.08,   599.52
  222.95,   474.93,   347.53
  224.64,   476.99,   472.50
  226.32,   479.05,   597.47
  350.49,   226.23,   349.91
  352.18,   228.29,   474.88
  353.87,   230.35,   599.85
  349.21,   351.21,   347.87
  350.90,   353.27,   472.84
  352.59,   355.33,   597.81
  347.93,   476.19,   345.82
  349.62,   478.25,   470.79
  351.31,   480.31,   595.77
  475.48,   227.49,   348.20
  477.16,   229.55,   473.17
  478.85,   231.61,   598.14
  474.19,   352.46,   346.16
  475.88,   354.52,   471.13
  477.57,   356.58,   596.10
  472.91,   477.44,   344.11
  474.60,   479.50,   469.09
  476.29,   481.56,   594.06
  225.94,   223.69,   474.98
  224.69,   224.91,   599.97
  223.44,   226.12,   724.95
  222.61,   348.64,   473.73
  221.35,   349.86,   598.72
  220.10,   351.07,   723.71
  219.27,   473.59,   472.48
  218.02,   474.81,   597.47
  216.76,   476.02,   722.46
  350.89,   227.04,   476.20
  349.64,   228.26,   601.19
  348.39,   229.47,   726.17
  347.56,   351.99,   474.95
  346.30,   353.21,   599.94
  345.05,   354.42,   724.93
  344.22,   476.94,   473.70
  342.97,   478.15,   598.69
  341.71,   479.37,   723.68
  475.84,   230.39,   477.42
  474.59,   231.61,   602.41
  473.34,   232.82,   727.39
  472.51,   355.34,   476.17
  471.25,   356.55,   601.16
  470.00,   357.77,   726.15
  469.17,   480.29,   474.92
  467.92,   481.50,   599.91
  466.66,   482.72,   724.90
  225.28,   224.50,   599.22
  228.24,   228.07,   724.14
  231.20,   231.65,   849.05
  225.92,   349.45,   595.63
  228.88,   353.02,   720.54
  231.84,   356.60,   845.46
  226.55,   474.39,   592.04
  229.51,   477.97,   716.95
  232.47,   481.54,   841.87
  350.25,   223.78,   596.28
  353.21,   227.36,   721.19
  356.17,   230.93,   846.11
  350.88,   348.73,   592.69
  353.84,   352.30,   717.60
  356.80,   355.88,   842.52
  351.51,   473.67,   589.10
  354.47,   477.25,   714.01
  357.43,   480.83,   838.93
  475.21,   223.06,   593.34
  478.17,   226.64,   718.25
  481.13,   230.21,   843.17
  475.84,   348.01,   589.75
  478.80,   351.58,   714.66
  481.76,   355.16,   839.58
  476.48,   472.96,   586.16
  479.44,   476.53,   711.07
  482.40,   480.11,   835.99
  223.03,   348.75,   100.85
  219.31,   346.87,   225.78
  215.58,   344.98,   350.71
  224.41,   473.73,   102.78
  220.68,   471.84,   227.71
  216.96,   469.96,   352.64
  225.78,   598.71,   104.71
  222.06,   596.82,   229.64
  218.33,   594.93,   354.57
  347.97,   347.32,   104.56
  344.24,   345.44,   229.49
  340.52,   343.55,   354.42
  349.34,   472.30,   106.49
  345.62,   470.41,   231.42
  341.89,   468.53,   356.35
  350.72,   597.28,   108.42
  346.99,   595.39,   233.35
  343.27,   593.50,   358.28
  472.91,   345.89,   108.26
  469.18,   344.00,   233.19
  465.46,   342.12,   358.12
  474.28,   470.87,   110.19
  470.55,   468.98,   235.12
  466.83,   467.09,   360.05
  475.65,   595.85,   112.12
  471.93,   593.96,   237.05
  468.20,   592.07,   361.98
  225.49,   348.02,   226.66
  223.19,   346.48,   351.63
  220.88,   344.93,   476.60
  226.92,   473.01,   228.24
  224.61,   471.46,   353.20
  222.30,   469.91,   478.17
  228.34,   597.99,   229.81
  226.03,   596.44,   354.78
  223.73,   594.89,   479.75
  350.47,   346.57,   228.95
  348.16,   345.02,   353.92
  345.85,   343.48,   478.89
  351.89,   471.55,   230.53
  349.58,   470.01,   355.50
  347.27,   468.46,   480.46
  353.31,   596.54,   232.10
  351.00,   594.99,   357.07
  348.70,   593.44,   482.04
  475.44,   345.12,   231.24
  473.13,   343.57,   356.21
  470.82,   342.03,   481.18
  476.86,   470.10,   232.82
  474.55,   468.55,   357.79
  472.24,   467.01,   482.76
  478.28,   595.08,   234.39
  475.97,   593.54,   359.36
  473.67,   591.99,   484.33
  226.01,   349.17,   348.56
  222.49,   352.87,   473.45
  218.96,   356.58,   598.35
  226.81,   474.11,   344.88
  223.28,   477.82,   469.77
  219.76,   481.52,   594.67
  227.61,   599.05,   341.19
  224.08,   602.76,   466.09
  220.56,   606.46,   590.98
  350.96,   348.48,   352.11
  347.43,   352.18,   477.00
  343.91,   355.89,   601.90
  351.76,   473.42,   348.42
  348.23,   477.12,   473.32
  344.71,   480.83,   598.21
  352.55,   598.36,   344.74
  349.03,   602.07,   469.63
  345.50,   605.77,   594.53
  475.91,   347.78,   355.65
  472.38,   351.49,   480.55
  468.86,   355.19,   605.44
  476.70,   472.73,   351.97
  473.18,   476.43,   476.87
  469.65,   480.14,   601.76
  477.50,   597.67,   348.29
  473.98,   601.37,   473.18
  470.45,   605.08,   598.08
  225.55,   350.76,   474.37
  223.70,   348.52,   599.33
  221.86,   346.28,   724.30
  222.98,   475.71,   476.57
  221.14,   473.47,   601.53
  219.29,   471.24,   726.50
  220.42,   600.67,   478.77
  218.57,   598.43,   603.73
  216.72,   596.19,   728.70
  350.51,   353.29,   476.26
  348.66,   351.05,   601.22
  346.82,   348.81,   726.19
  347.94,   478.24,   478.46
  346.10,   476.01,   603.42
  344.25,   473.77,   728.39
  345.38,   603.20,   480.66
  343.53,   600.96,   605.62
  341.68,   598.72,   730.59
  475.47,   355.82,   478.15
  473.62,   353.59,   603.12
  471.78,   351.35,   728.08
  472.90,   480.78,   480.35
  471.06,   478.54,   605.32
  469.21,   476.30,   730.28
  470.34,   605.73,   482.55
  468.49,   603.49,   607.52
  466.64,   601.26,   732.48
  223.70,   351.21,   601.28
  224.93,   348.05,   726.23
  226.16,   344.88,   851.19
  226.84,   476.13,   604.41
  228.07,   472.97,   729.36
  229.30,   469.80,   854.32
  229.98,   601.05,   607.54
  231.21,   597.89,   732.50
  232.44,   594.72,   857.45
  348.66,   348.10,   599.97
  349.89,   344.94,   724.92
  351.12,   341.77,   849.88
  351.80,   473.02,   603.10
  353.03,   469.86,   728.05
  354.26,   466.70,   853.01
  354.94,   597.94,   606.23
  356.17,   594.78,   731.19
  357.40,   591.62,   856.14
  473.61,   344.99,   598.66
  474.84,   341.83,   723.61
  476.07,   338.67,   848.57
  476.75,   469.91,   601.79
  477.98,   466.75,   726.74
  479.21,   463.59,   851.70
  479.89,   594.84,   604.92
  481.12,   591.67,   729.88
  482.35,   588.51,   854.83
  225.14,   476.02,   100.74
  225.33,   474.90,   225.73
  225.52,   473.77,   350.73
  221.58,   600.97,   101.87
  221.77,   599.84,   226.86
  221.96,   598.72,   351.86
  218.02,   725.91,   103.00
  218.21,   724.79,   227.99
  218.40,   723.66,   352.99
  350.09,   479.59,   100.58
  350.28,   478.46,   225.57
  350.47,   477.34,   350.57
  346.53,   604.53,   101.71
  346.72,   603.41,   226.70
  346.91,   602.28,   351.70
  342.96,   729.48,   102.84
  343.16,   728.35,   227.83
  343.35,   727.22,   352.83
  475.04,   483.15,   100.42
  475.23,   482.03,   225.41
  475.42,   480.90,   350.41
  471.48,   608.10,   101.55
  471.67,   606.97,   226.55
  471.86,   605.84,   351.54
  467.91,   733.04,   102.68
  468.10,   731.91,   227.68
  468.30,   730.79,   352.67
  224.61,   475.20,   223.34
  227.78,   474.37,   348.29
  230.95,   473.55,   473.25
  223.30,   600.19,   224.19
  226.48,   599.37,   349.15
  229.65,   598.54,   474.10
  222.00,   725.18,   225.04
  225.17,   724.36,   350.00
  228.35,   723.53,   474.96
  349.56,   476.52,   220.17
  352.73,   475.70,   345.13
  355.91,   474.88,   470.09
  348.26,   601.51,   221.03
  351.43,   600.69,   345.98
  354.60,   599.87,   470.94
  346.95,   726.50,   221.88
  350.13,   725.68,   346.84
  353.30,   724.86,   471.79
  474.51,   477.84,   217.01
  477.69,   477.02,   341.96
  480.86,   476.20,   466.92
  473.21,   602.83,   217.86
  476.38,   602.01,   342.82
  479.56,   601.19,   467.78
  471.91,   727.83,   218.72
  475.08,   727.00,   343.67
  478.25,   726.18,   468.63
  224.50,   476.29,   351.09
  228.15,   473.00,   475.99
  231.80,   469.72,   600.90
  224.41,   601.25,   354.38
  228.06,   597.96,   479.29
  231.71,   594.67,   604.19
  224.32,   726.21,   357.68
  227.97,   722.92,   482.58
  231.62,   719.63,   607.48
  349.45,   476.48,   347.45
  353.10,   473.19,   472.35
  356.74,   469.90,   597.25
  349.36,   601.44,   350.74
  353.01,   598.15,   475.64
  356.65,   594.86,   600.55
  349.27,   726.39,   354.03
  352.92,   723.10,   478.94
  356.56,   719.81,   603.84
  474.40,   476.66,   343.80
  478.04,   473.38,   468.71
  481.69,   470.09,   593.61
  474.31,   601.62,   347.10
  477.95,   598.33,   472.00
  481.60,   595.04,   596.90
  474.22,   726.58,   350.39
  477.86,   723.29,   475.29
  481.51,   720.00,   600.20
  225.07,   473.10,   475.67
  227.11,   471.95,   600.65
  229.14,   470.79,   725.62
  227.58,   598.07,   476.78
  229.61,   596.92,   601.76
  231.65,   595.76,   726.74
  230.08,   723.04,   477.90
  232.12,   721.89,   602.87
  234.15,   720.73,   727.85
  350.03,   470.62,   473.61
  352.07,   469.46,   598.59
  354.10,   468.31,   723.57
  352.54,   595.59,   474.72
  354.57,   594.43,   599.70
  356.61,   593.28,   724.68
  355.04,   720.56,   475.84
  357.08,   719.40,   600.82
  359.11,   718.25,   725.79
  474.99,   468.13,   471.55
  477.03,   466.98,   596.53
  479.06,   465.82,   721.51
  477.49,   593.10,   472.67
  479.53,   591.95,   597.64
  481.56,   590.79,   722.62
  480.00,   718.07,   473.78
  482.03,   716.92,   598.76
  484.07,   715.76,   723.74
  226.14,   474.79,   601.80
  222.46,   474.73,   726.75
  218.79,   474.68,   851.70
  227.37,   599.79,   601.90
  223.70,   599.73,   726.85
  220.03,   599.67,   851.79
  228.61,   724.78,   602.00
  224.94,   724.72,   726.94
  221.26,   724.66,   851.89
  351.08,   473.56,   605.48
  347.40,   473.50,   730.42
  343.73,   473.44,   855.37
  352.31,   598.55,   605.57
  348.64,   598.49,   730.52
  344.97,   598.43,   855.47
  353.55,   723.54,   605.67
  349.88,   723.48,   730.61
  346.20,   723.42,   855.56
  476.02,   472.32,   609.15
  472.34,   472.26,   734.10
  468.67,   472.20,   859.04
  477.25,   597.31,   609.25
  473.58,   597.25,   734.19
  469.91,   597.19,   859.14
  478.49,   722.30,   609.34
  474.82,   722.24,   734.29
  471.14,   722.19,   859.23
  224.58,   600.21,   99.80
  222.46,   597.50,   224.75
  220.33,   594.79,   349.70
  227.76,   725.14,   102.56
  225.64,   722.43,   227.51
  223.51,   719.72,   352.46
  230.94,   850.07,   105.32
  228.82,   847.36,   230.27
  226.70,   844.65,   355.22
  349.52,   596.98,   101.85
  347.40,   594.27,   226.80
  345.27,   591.57,   351.76
  352.70,   721.91,   104.61
  350.58,   719.20,   229.56
  348.46,   716.50,   354.52
  355.89,   846.84,   107.37
  353.76,   844.13,   232.32
  351.64,   841.42,   357.28
  474.46,   593.75,   103.90
  472.34,   591.05,   228.86
  470.21,   588.34,   353.81
  477.64,   718.68,   106.66
  475.52,   715.97,   231.62
  473.40,   713.27,   356.57
  480.83,   843.61,   109.43
  478.70,   840.90,   234.38
  476.58,   838.20,   359.33
  224.21,   601.50,   223.42
  221.89,   604.79,   348.35
  219.56,   608.09,   473.29
  226.07,   726.44,   220.15
  223.75,   729.74,   345.09
  221.42,   733.03,   470.02
  227.93,   851.39,   216.89
  225.61,   854.68,   341.83
  223.29,   857.98,   466.76
  349.18,   599.70,   225.79
  346.85,   602.99,   350.72
  344.53,   606.29,   475.66
  351.04,   724.64,   222.53
  348.71,   727.94,   347.46
  346.39,   731.23,   472.40
  352.90,   849.59,   219.27
  350.57,   852.88,   344.20
  348.25,   856.18,   469.14
  474.14,   597.90,   228.16
  471.82,   601.19,   353.09
  469.49,   604.49,   478.03
  476.00,   722.84,   224.90
  473.68,   726.14,   349.83
  471.35,   729.43,   474.77
  477.86,   847.79,   221.64
  475.54,   851.08,   346.57
  473.21,   854.38,   471.51
  224.15,   598.29,   349.75
  225.31,   599.17,   474.74
  226.48,   600.05,   599.73
  224.53,   723.28,   348.87
  225.69,   724.16,   473.86
  226.85,   725.04,   598.85
  224.91,   848.28,   347.99
  226.07,   849.16,   472.98
  227.23,   850.04,   597.97
  349.15,   597.90,   348.59
  350.31,   598.78,   473.58
  351.47,   599.66,   598.57
  349.52,   722.90,   347.71
  350.69,   723.78,   472.70
  351.85,   724.66,   597.69
  349.90,   847.89,   346.83
  351.06,   848.77,   471.82
  352.23,   849.65,   596.81
  474.14,   597.52,   347.43
  475.30,   598.40,   472.42
  476.46,   599.27,   597.42
  474.52,   722.51,   346.55
  475.68,   723.39,   471.54
  476.84,   724.27,   596.53
  474.90,   847.51,   345.67
  476.06,   848.39,   470.66
  477.22,   849.27,   595.65
  224.92,   601.96,   476.10
  224.32,   599.95,   601.08
  223.72,   597.94,   726.06
  224.14,   726.94,   478.10
  223.54,   724.93,   603.09
  222.93,   722.92,   728.07
  223.35,   851.92,   480.11
  222.75,   849.91,   605.09
  222.15,   847.90,   730.07
  349.92,   602.73,   476.71
  349.32,   600.72,   601.69
  348.72,   598.71,   726.68
  349.14,   727.71,   478.72
  348.53,   725.70,   603.70
  347.93,   723.69,   728.68
  348.35,   852.69,   480.72
  347.75,   850.68,   605.71
  347.15,   848.67,   730.69
  474.92,   603.51,   477.33
  474.31,   601.50,   602.31
  473.71,   599.49,   727.29
  474.13,   728.49,   479.33
  473.53,   726.48,   604.32
  472.93,   724.47,   729.30
  473.35,   853.47,   481.34
  472.74,   851.46,   606.32
  472.14,   849.45,   731.30
  225.09,   598.98,   601.57
  226.40,   597.54,   726.56
  227.70,   596.11,   851.54
  223.12,   723.95,   603.03
  224.42,   722.52,   728.01
  225.73,   721.09,   853.00
  221.14,   848.93,   604.48
  222.45,   847.50,   729.47
  223.76,   846.06,   854.45
  350.07,   600.97,   600.29
  351.37,   599.53,   725.27
  352.68,   598.10,   850.26
  348.10,   725.94,   601.74
  349.40,   724.51,   726.73
  350.71,   723.07,   851.71
  346.12,   850.92,   603.20
  347.43,   849.48,   728.18
  348.73,   848.05,   853.17
  475.05,   602.95,   599.01
  476.35,   601.52,   723.99
  477.66,   600.09,   848.98
  473.07,   727.93,   600.46
  474.38,   726.50,   725.45
  475.68,   725.06,   850.43
  471.10,   852.91,   601.92
  472.41,   851.47,   726.90
  473.71,   850.04,   851.89
  351.59,   98.36,   101.41
  350.20,   101.32,   226.37
  348.82,   104.27,   351.32
  354.43,   223.29,   98.48
  353.04,   226.25,   223.44
  351.66,   229.21,   348.40
  357.27,   348.22,   95.56
  355.88,   351.18,   220.51
  354.50,   354.14,   345.47
  476.55,   95.55,   102.86
  475.16,   98.51,   227.82
  473.78,   101.47,   352.77
  479.39,   220.48,   99.93
  478.00,   223.44,   224.89
  476.62,   226.40,   349.85
  482.23,   345.42,   97.01
  480.84,   348.38,   221.96
  479.46,   351.33,   346.92
  601.51,   92.74,   104.31
  600.12,   95.70,   229.27
  598.74,   98.66,   354.23
  604.35,   217.68,   101.38
  602.96,   220.64,   226.34
  601.58,   223.59,   351.30
  607.19,   342.61,   98.46
  605.80,   345.57,   223.42
  604.42,   348.53,   348.37
  349.61,   99.08,   223.40
  349.45,   102.54,   348.35
  349.30,   106.00,   473.30
  350.48,   224.03,   219.94
  350.33,   227.49,   344.89
  350.17,   230.95,   469.84
  351.35,   348.98,   216.48
  351.20,   352.44,   341.43
  351.04,   355.90,   466.38
  474.60,   98.21,   223.58
  474.45,   101.67,   348.53
  474.29,   105.13,   473.48
  475.48,   223.16,   220.12
  475.32,   226.62,   345.07
  475.17,   230.08,   470.02
  476.35,   348.11,   216.66
  476.20,   351.57,   341.61
  476.04,   355.03,   466.56
  599.60,   97.34,   223.76
  599.45,   100.81,   348.71
  599.29,   104.27,   473.66
  600.47,   222.29,   220.30
  600.32,   225.75,   345.25
  600.16,   229.21,   470.20
  601.35,   347.24,   216.84
  601.19,   350.70,   341.79
  601.04,   354.16,   466.74
  350.48,   99.23,   348.90
  347.79,   102.60,   473.83
  345.10,   105.97,   598.75
  352.70,   224.16,   345.58
  350.01,   227.53,   470.50
  347.32,   230.90,   595.43
  354.91,   349.10,   342.26
  352.22,   352.47,   467.18
  349.53,   355.84,   592.11
  475.43,   97.09,   351.65
  472.74,   100.45,   476.58
  470.05,   103.82,   601.50
  477.65,   222.02,   348.33
  474.96,   225.39,   473.25
  472.27,   228.76,   598.18
  479.86,   346.96,   345.01
  477.17,   350.33,   469.93
  474.48,   353.70,   594.86
  600.39,   94.94,   354.40
  597.69,   98.31,   479.32
  595.00,   101.68,   604.25
  602.60,   219.88,   351.08
  599.91,   223.25,   476.00
  597.22,   226.62,   600.93
  604.82,   344.82,   347.75
  602.13,   348.18,   472.68
  599.44,   351.55,   597.61
  349.38,   101.21,   473.56
  345.74,   103.77,   598.48
  342.10,   106.33,   723.40
  352.45,   226.15,   471.09
  348.81,   228.71,   596.01
  345.17,   231.26,   720.93
  355.52,   351.09,   468.62
  351.88,   353.64,   593.54
  348.24,   356.20,   718.47
  474.29,   98.21,   477.26
  470.65,   100.77,   602.18
  467.01,   103.33,   727.10
  477.36,   223.15,   474.79
  473.72,   225.71,   599.71
  470.08,   228.27,   724.63
  480.43,   348.09,   472.32
  476.79,   350.65,   597.24
  473.15,   353.20,   722.16
  599.20,   95.22,   480.96
  595.56,   97.77,   605.88
  591.92,   100.33,   730.80
  602.27,   220.15,   478.49
  598.63,   222.71,   603.41
  594.99,   225.27,   728.33
  605.34,   345.09,   476.02
  601.70,   347.65,   600.94
  598.06,   350.21,   725.86
  349.86,   99.81,   598.68
  349.80,   98.00,   723.67
  349.74,   96.20,   848.66
  349.65,   224.79,   600.49
  349.59,   222.99,   725.47
  349.53,   221.18,   850.46
  349.45,   349.78,   602.29
  349.39,   347.98,   727.28
  349.33,   346.17,   852.26
  474.86,   100.01,   598.74
  474.80,   98.21,   723.73
  474.74,   96.40,   848.72
  474.65,   225.00,   600.55
  474.59,   223.19,   725.54
  474.53,   221.39,   850.52
  474.44,   349.99,   602.35
  474.39,   348.18,   727.34
  474.33,   346.38,   852.33
  599.86,   100.22,   598.81
  599.80,   98.41,   723.79
  599.74,   96.61,   848.78
  599.65,   225.20,   600.61
  599.59,   223.40,   725.60
  599.53,   221.60,   850.59
  599.44,   350.19,   602.42
  599.38,   348.39,   727.40
  599.33,   346.58,   852.39
  351.73,   223.01,   100.57
  349.75,   222.27,   225.56
  347.77,   221.54,   350.54
  351.89,   348.01,   101.31
  349.91,   347.27,   226.29
  347.93,   346.53,   351.28
  352.05,   473.00,   102.05
  350.07,   472.27,   227.03
  348.09,   471.53,   352.02
  476.71,   222.84,   102.55
  474.73,   222.10,   227.53
  472.76,   221.36,   352.51
  476.87,   347.83,   103.29
  474.89,   347.10,   228.27
  472.92,   346.36,   353.25
  477.03,   472.83,   104.03
  475.06,   472.09,   229.01
  473.08,   471.36,   353.99
  601.70,   222.66,   104.53
  599.72,   221.93,   229.51
  597.74,   221.19,   354.49
  601.86,   347.66,   105.26
  599.88,   346.92,   230.25
  597.90,   346.19,   355.23
  602.02,   472.66,   106.00
  600.04,   471.92,   230.99
  598.06,   471.19,   355.97
  349.74,   224.78,   223.88
  353.52,   221.44,   348.78
  357.29,   218.10,   473.67
  347.18,   349.71,   227.30
  350.95,   346.37,   352.20
  354.73,   343.02,   477.09
  344.62,   474.63,   230.72
  348.39,   471.29,   355.62
  352.17,   467.95,   480.51
  474.66,   227.44,   220.17
  478.43,   224.10,   345.07
  482.21,   220.76,   469.97
  472.10,   352.37,   223.59
  475.87,   349.03,   348.49
  479.64,   345.69,   473.39
  469.53,   477.30,   227.01
  473.31,   473.96,   351.91
  477.08,   470.61,   476.81
  599.57,   230.11,   216.47
  603.35,   226.77,   341.37
  607.12,   223.42,   466.27
  597.01,   355.04,   219.89
  600.79,   351.69,   344.79
  604.56,   348.35,   469.69
  594.45,   479.96,   223.31
  598.22,   476.62,   348.21
  602.00,   473.28,   473.11
  350.24,   224.72,   349.89
  352.37,   221.40,   474.83
  354.51,   218.08,   599.76
  352.56,   349.65,   353.17
  354.70,   346.33,   478.11
  356.83,   343.01,   603.04
  354.88,   474.59,   356.45
  357.02,   471.27,   481.39
  359.15,   467.95,   606.32
  475.20,   222.45,   347.69
  477.33,   219.13,   472.63
  479.47,   215.81,   597.57
  477.52,   347.39,   350.97
  479.66,   344.07,   475.91
  481.79,   340.75,   600.85
  479.84,   472.32,   354.25
  481.98,   469.00,   479.19
  484.11,   465.68,   604.13
  600.16,   220.18,   345.50
  602.29,   216.86,   470.43
  604.43,   213.54,   595.37
  602.48,   345.12,   348.78
  604.62,   341.80,   473.71
  606.75,   338.48,   598.65
  604.80,   470.06,   352.06
  606.94,   466.73,   476.99
  609.07,   463.41,   601.93
  350.68,   226.82,   473.25
  354.14,   229.81,   598.17
  357.61,   232.80,   723.08
  348.01,   351.76,   470.33
  351.48,   354.75,   595.25
  354.94,   357.74,   720.16
  345.35,   476.70,   467.42
  348.82,   479.69,   592.33
  352.28,   482.68,   717.25
  475.60,   229.40,   469.72
  479.07,   232.39,   594.64
  482.53,   235.38,   719.56
  472.94,   354.34,   466.81
  476.40,   357.33,   591.72
  479.87,   360.32,   716.64
  470.27,   479.28,   463.89
  473.74,   482.27,   588.80
  477.20,   485.26,   713.72
  600.52,   231.98,   466.20
  603.99,   234.97,   591.11
  607.45,   237.96,   716.03
  597.86,   356.92,   463.28
  601.33,   359.91,   588.19
  604.79,   362.90,   713.11
  595.20,   481.86,   460.36
  598.66,   484.85,   585.28
  602.13,   487.84,   710.19
  350.13,   225.34,   601.68
  347.52,   227.70,   726.63
  344.91,   230.06,   851.58
  352.07,   350.30,   599.35
  349.46,   352.66,   724.30
  346.85,   355.03,   849.25
  354.01,   475.26,   597.03
  351.40,   477.63,   721.98
  348.78,   479.99,   846.93
  475.09,   223.45,   604.32
  472.48,   225.81,   729.28
  469.87,   228.17,   854.23
  477.03,   348.41,   602.00
  474.42,   350.78,   726.95
  471.80,   353.14,   851.90
  478.97,   473.38,   599.68
  476.35,   475.74,   724.63
  473.74,   478.10,   849.58
  600.05,   221.56,   606.97
  597.44,   223.92,   731.92
  594.82,   226.29,   856.87
  601.99,   346.52,   604.65
  599.37,   348.89,   729.60
  596.76,   351.25,   854.55
  603.93,   471.49,   602.33
  601.31,   473.85,   727.28
  598.70,   476.21,   852.23
  351.20,   351.19,   98.67
  349.75,   348.04,   223.63
  348.30,   344.89,   348.58
  354.89,   476.10,   101.87
  353.44,   472.95,   226.82
  351.99,   469.79,   351.77
  358.58,   601.00,   105.06
  357.13,   597.85,   230.01
  355.68,   594.70,   354.96
  476.14,   347.47,   100.03
  474.69,   344.32,   224.98
  473.24,   341.17,   349.93
  479.83,   472.37,   103.22
  478.38,   469.22,   228.18
  476.93,   466.07,   353.13
  483.52,   597.28,   106.42
  482.06,   594.13,   231.37
  480.61,   590.97,   356.32
  601.08,   343.75,   101.39
  599.63,   340.59,   226.34
  598.18,   337.44,   351.29
  604.77,   468.65,   104.58
  603.31,   465.50,   229.53
  601.86,   462.35,   354.49
  608.45,   593.56,   107.78
  607.00,   590.40,   232.73
  605.55,   587.25,   357.68
  351.61,   351.47,   223.81
  349.57,   348.74,   348.76
  347.53,   346.01,   473.71
  354.96,   476.40,   226.59
  352.91,   473.67,   351.55
  350.87,   470.93,   476.50
  358.30,   601.32,   229.38
  356.26,   598.59,   354.33
  354.21,   595.86,   479.29
  476.55,   348.09,   225.78
  474.51,   345.36,   350.73
  472.47,   342.62,   475.68
  479.90,   473.01,   228.56
  477.85,   470.28,   353.51
  475.81,   467.55,   478.47
  483.24,   597.94,   231.35
  481.20,   595.20,   356.30
  479.15,   592.47,   481.25
  601.49,   344.70,   227.74
  599.45,   341.97,   352.70
  597.41,   339.24,   477.65
  604.83,   469.62,   230.53
  602.79,   466.89,   355.48
  600.75,   464.16,   480.44
  608.18,   594.55,   233.31
  606.13,   591.82,   358.27
  604.09,   589.09,   483.22
  349.70,   348.09,   348.78
  352.00,   347.03,   473.75
  354.30,   345.97,   598.72
  353.33,   473.03,   349.77
  355.63,   471.97,   474.74
  357.93,   470.91,   599.72
  356.95,   597.98,   350.76
  359.25,   596.92,   475.74
  361.55,   595.85,   600.71
  474.63,   344.48,   346.45
  476.93,   343.42,   471.42
  479.23,   342.36,   596.40
  478.25,   469.43,   347.44
  480.55,   468.36,   472.42
  482.85,   467.30,   597.39
  481.88,   594.37,   348.44
  484.18,   593.31,   473.41
  486.48,   592.25,   598.38
  599.55,   340.88,   344.12
  601.85,   339.81,   469.09
  604.15,   338.75,   594.07
  603.18,   465.82,   345.11
  605.48,   464.76,   470.09
  607.78,   463.70,   595.06
  606.81,   590.76,   346.11
  609.11,   589.70,   471.08
  611.40,   588.64,   596.06
  351.33,   351.07,   475.66
  349.76,   351.84,   600.65
  348.19,   352.61,   725.63
  351.37,   476.06,   474.89
  349.79,   476.83,   599.88
  348.22,   477.61,   724.86
  351.40,   601.06,   474.12
  349.83,   601.83,   599.10
  348.26,   602.60,   724.09
  476.32,   351.04,   477.23
  474.75,   351.81,   602.22
  473.18,   352.58,   727.21
  476.36,   476.04,   476.46
  474.78,   476.81,   601.45
  473.21,   477.58,   726.43
  476.39,   601.04,   475.69
  474.82,   601.81,   600.68
  473.25,   602.58,   725.66
  601.31,   351.02,   478.80
  599.74,   351.79,   603.79
  598.17,   352.56,   728.78
  601.35,   476.02,   478.03
  599.77,   476.79,   603.02
  598.20,   477.56,   728.01
  601.38,   601.01,   477.26
  599.81,   601.78,   602.25
  598.24,   602.56,   727.24
  349.45,   351.47,   601.38
  346.69,   354.12,   726.32
  343.94,   356.78,   851.26
  350.08,   476.44,   598.73
  347.33,   479.09,   723.67
  344.57,   481.75,   848.62
  350.71,   601.41,   596.09
  347.96,   604.07,   721.03
  345.21,   606.72,   845.97
  474.41,   350.89,   604.14
  471.66,   353.55,   729.08
  468.91,   356.21,   854.03
  475.05,   475.86,   601.50
  472.29,   478.52,   726.44
  469.54,   481.18,   851.38
  475.68,   600.83,   598.85
  472.93,   603.49,   723.80
  470.17,   606.15,   848.74
  599.38,   350.32,   606.91
  596.63,   352.98,   731.85
  593.88,   355.63,   856.79
  600.01,   475.29,   604.26
  597.26,   477.95,   729.21
  594.51,   480.60,   854.15
  600.65,   600.26,   601.62
  597.89,   602.92,   726.56
  595.14,   605.57,   851.50
  348.06,   474.27,   99.23
  348.44,   472.25,   224.21
  348.82,   470.24,   349.19
  345.84,   599.23,   101.24
  346.22,   597.22,   226.23
  346.60,   595.21,   351.21
  343.62,   724.20,   103.26
  344.00,   722.18,   228.25
  344.38,   720.17,   353.23
  473.03,   476.49,   98.88
  473.42,   474.48,   223.86
  473.80,   472.46,   348.85
  470.82,   601.45,   100.90
  471.20,   599.44,   225.88
  471.58,   597.43,   350.87
  468.60,   726.42,   102.92
  468.98,   724.40,   227.90
  469.36,   722.39,   352.89
  598.01,   478.71,   98.54
  598.40,   476.70,   223.52
  598.78,   474.69,   348.50
  595.80,   603.68,   100.55
  596.18,   601.66,   225.54
  596.56,   599.65,   350.52
  593.58,   728.64,   102.57
  593.96,   726.63,   227.56
  594.34,   724.61,   352.54
  349.78,   475.41,   225.50
  353.18,   477.45,   350.44
  356.57,   479.49,   475.38
  351.37,   600.38,   223.42
  354.77,   602.42,   348.36
  358.16,   604.46,   473.30
  352.96,   725.35,   221.34
  356.36,   727.39,   346.27
  359.75,   729.43,   471.21
  474.73,   473.76,   222.14
  478.12,   475.80,   347.08
  481.51,   477.84,   472.01
  476.32,   598.74,   220.06
  479.71,   600.77,   344.99
  483.10,   602.81,   469.93
  477.91,   723.71,   217.97
  481.30,   725.75,   342.91
  484.69,   727.79,   467.85
  599.67,   472.12,   218.77
  603.06,   474.16,   343.71
  606.46,   476.20,   468.65
  601.26,   597.09,   216.69
  604.65,   599.13,   341.63
  608.05,   601.17,   466.56
  602.85,   722.06,   214.61
  606.24,   724.10,   339.54
  609.64,   726.14,   464.48
  350.22,   475.09,   348.75
  353.55,   476.17,   473.70
  356.87,   477.25,   598.65
  353.16,   600.05,   347.59
  356.48,   601.13,   472.54
  359.80,   602.21,   597.49
  356.09,   725.01,   346.44
  359.41,   726.09,   471.39
  362.74,   727.17,   596.34
  475.15,   472.13,   345.45
  478.47,   473.21,   470.40
  481.79,   474.29,   595.35
  478.08,   597.09,   344.29
  481.40,   598.17,   469.25
  484.73,   599.25,   594.20
  481.01,   722.05,   343.14
  484.33,   723.13,   468.09
  487.66,   724.21,   593.04
  600.07,   469.17,   342.15
  603.39,   470.25,   467.10
  606.72,   471.33,   592.06
  603.00,   594.13,   341.00
  606.32,   595.21,   465.95
  609.65,   596.29,   590.90
  605.93,   719.09,   339.84
  609.25,   720.17,   464.79
  612.58,   721.25,   589.74
  348.68,   476.92,   476.28
  348.48,   478.89,   601.26
  348.28,   480.87,   726.25
  346.30,   601.88,   474.30
  346.10,   603.85,   599.28
  345.90,   605.83,   724.27
  343.92,   726.84,   472.32
  343.72,   728.82,   597.30
  343.52,   730.79,   722.29
  473.66,   479.30,   476.44
  473.45,   481.27,   601.43
  473.25,   483.25,   726.41
  471.28,   604.26,   474.46
  471.08,   606.23,   599.45
  470.88,   608.21,   724.43
  468.90,   729.22,   472.48
  468.70,   731.20,   597.47
  468.50,   733.17,   722.45
  598.63,   481.68,   476.61
  598.43,   483.65,   601.59
  598.23,   485.63,   726.58
  596.26,   606.64,   474.63
  596.05,   608.61,   599.61
  595.85,   610.59,   724.60
  593.88,   731.60,   472.65
  593.68,   733.58,   597.63
  593.47,   735.55,   722.62
  349.58,   474.96,   599.03
  347.62,   477.29,   723.99
  345.67,   479.62,   848.96
  352.81,   599.90,   596.75
  350.85,   602.23,   721.72
  348.90,   604.56,   846.68
  356.04,   724.84,   594.48
  354.08,   727.17,   719.44
  352.13,   729.49,   844.40
  474.52,   471.77,   601.04
  472.57,   474.10,   726.01
  470.61,   476.42,   850.97
  477.75,   596.71,   598.77
  475.80,   599.03,   723.73
  473.84,   601.36,   848.69
  480.98,   721.65,   596.49
  479.03,   723.97,   721.45
  477.07,   726.30,   846.42
  599.46,   468.58,   603.06
  597.51,   470.90,   728.02
  595.55,   473.23,   852.98
  602.69,   593.51,   600.78
  600.74,   595.84,   725.74
  598.78,   598.17,   850.71
  605.92,   718.45,   598.50
  603.97,   720.78,   723.47
  602.02,   723.11,   848.43
  351.36,   598.68,   99.52
  348.31,   601.91,   224.44
  345.26,   605.15,   349.36
  350.84,   723.64,   96.28
  347.79,   726.87,   221.20
  344.74,   730.10,   346.12
  350.32,   848.59,   93.03
  347.27,   851.83,   217.95
  344.22,   855.06,   342.87
  476.32,   599.28,   102.55
  473.27,   602.51,   227.48
  470.22,   605.74,   352.40
  475.80,   724.23,   99.31
  472.75,   727.47,   224.23
  469.70,   730.70,   349.15
  475.28,   849.19,   96.06
  472.23,   852.42,   220.98
  469.18,   855.66,   345.90
  601.28,   599.88,   105.59
  598.23,   603.11,   230.51
  595.18,   606.34,   355.43
  600.76,   724.83,   102.34
  597.71,   728.07,   227.26
  594.67,   731.30,   352.18
  600.24,   849.79,   99.09
  597.19,   853.02,   224.02
  594.15,   856.26,   348.94
  351.87,   599.15,   223.10
  351.52,   597.99,   348.09
  351.18,   596.83,   473.09
  354.63,   724.11,   224.26
  354.29,   722.95,   349.26
  353.94,   721.79,   474.25
  357.39,   849.07,   225.43
  357.05,   847.92,   350.42
  356.70,   846.76,   475.42
  476.84,   596.38,   223.42
  476.49,   595.22,   348.41
  476.15,   594.06,   473.40
  479.60,   721.35,   224.58
  479.25,   720.19,   349.58
  478.91,   719.03,   474.57
  482.36,   846.31,   225.75
  482.02,   845.15,   350.74
  481.67,   843.99,   475.74
  601.81,   593.62,   223.73
  601.46,   592.46,   348.73
  601.12,   591.30,   473.72
  604.57,   718.58,   224.90
  604.22,   717.42,   349.89
  603.88,   716.26,   474.89
  607.33,   843.54,   226.07
  606.99,   842.39,   351.06
  606.64,   841.23,   476.06
  349.75,   600.03,   349.68
  347.54,   599.61,   474.66
  345.33,   599.18,   599.64
  353.29,   724.98,   350.17
  351.08,   724.56,   475.15
  348.87,   724.13,   600.13
  356.82,   849.93,   350.65
  354.61,   849.50,   475.63
  352.40,   849.08,   600.61
  474.68,   596.49,   351.88
  472.47,   596.06,   476.86
  470.26,   595.64,   601.84
  478.22,   721.43,   352.36
  476.01,   721.01,   477.34
  473.80,   720.59,   602.32
  481.75,   846.38,   352.85
  479.54,   845.96,   477.83
  477.34,   845.54,   602.81
  599.61,   592.94,   354.07
  597.40,   592.52,   479.05
  595.19,   592.10,   604.03
  603.15,   717.89,   354.56
  600.94,   717.47,   479.54
  598.73,   717.04,   604.52
  606.68,   842.84,   355.04
  604.47,   842.42,   480.02
  602.27,   841.99,   605.00
  350.97,   601.84,   474.93
  354.05,   602.18,   599.90
  357.13,   602.52,   724.86
  352.35,   726.83,   474.56
  355.43,   727.17,   599.52
  358.51,   727.51,   724.48
  353.73,   851.82,   474.18
  356.81,   852.16,   599.14
  359.89,   852.50,   724.11
  475.92,   600.45,   471.86
  479.00,   600.79,   596.82
  482.08,   601.13,   721.78
  477.31,   725.44,   471.48
  480.38,   725.78,   596.45
  483.46,   726.12,   721.41
  478.69,   850.43,   471.11
  481.77,   850.77,   596.07
  484.84,   851.11,   721.03
  600.88,   599.05,   468.79
  603.96,   599.40,   593.75
  607.03,   599.74,   718.71
  602.26,   724.05,   468.41
  605.34,   724.39,   593.37
  608.42,   724.73,   718.33
  603.64,   849.04,   468.03
  606.72,   849.38,   593.00
  609.80,   849.72,   717.96
  349.01,   600.20,   600.48
  348.20,   601.62,   725.47
  347.38,   603.04,   850.45
  352.56,   725.14,   599.08
  351.75,   726.56,   724.07
  350.93,   727.98,   849.06
  356.11,   850.08,   597.68
  355.29,   851.50,   722.67
  354.48,   852.92,   847.66
  473.96,   596.66,   601.33
  473.14,   598.08,   726.32
  472.32,   599.50,   851.31
  477.51,   721.60,   599.94
  476.69,   723.02,   724.93
  475.87,   724.44,   849.91
  481.06,   846.54,   598.54
  480.24,   847.96,   723.53
  479.42,   849.38,   848.52
  598.91,   593.12,   602.19
  598.09,   594.54,   727.18
  597.27,   595.96,   852.17
  602.46,   718.06,   600.79
  601.64,   719.48,   725.78
  600.82,   720.90,   850.77
  606.01,   843.00,   599.40
  605.19,   844.42,   724.39
  604.37,   845.85,   849.37
  475.52,   101.25,   98.40
  472.28,   100.32,   223.35
  469.03,   99.38,   348.31
  475.05,   226.25,   99.32
  471.80,   225.31,   224.28
  468.55,   224.38,   349.23
  474.57,   351.24,   100.24
  471.32,   350.31,   225.20
  468.08,   349.37,   350.15
  600.48,   101.70,   101.65
  597.23,   100.77,   226.60
  593.99,   99.83,   351.56
  600.00,   226.70,   102.57
  596.76,   225.76,   227.53
  593.51,   224.83,   352.48
  599.53,   351.69,   103.49
  596.28,   350.76,   228.45
  593.03,   349.82,   353.40
  725.44,   102.16,   104.90
  722.19,   101.22,   229.85
  718.94,   100.29,   354.81
  724.96,   227.15,   105.82
  721.71,   226.22,   230.78
  718.47,   225.28,   355.73
  724.48,   352.15,   106.74
  721.24,   351.21,   231.70
  717.99,   350.28,   356.65
  473.32,   100.56,   225.07
  470.37,   103.08,   350.01
  467.42,   105.60,   474.95
  474.04,   225.54,   222.57
  471.09,   228.06,   347.51
  468.15,   230.57,   472.45
  474.77,   350.51,   220.07
  471.82,   353.03,   345.01
  468.87,   355.55,   469.95
  598.28,   99.90,   228.04
  595.33,   102.42,   352.98
  592.38,   104.94,   477.92
  599.01,   224.87,   225.53
  596.06,   227.39,   350.47
  593.11,   229.91,   475.41
  599.73,   349.84,   223.03
  596.78,   352.36,   347.97
  593.83,   354.88,   472.91
  723.24,   99.23,   231.00
  720.30,   101.75,   355.94
  717.35,   104.27,   480.88
  723.97,   224.20,   228.50
  721.02,   226.72,   353.44
  718.07,   229.24,   478.38
  724.70,   349.18,   225.99
  721.75,   351.70,   350.93
  718.80,   354.22,   475.87
  475.59,   99.67,   349.20
  475.83,   99.13,   474.20
  476.07,   98.58,   599.20
  474.99,   224.67,   349.75
  475.23,   224.13,   474.75
  475.47,   223.58,   599.75
  474.39,   349.67,   350.29
  474.63,   349.12,   475.29
  474.87,   348.58,   600.29
  600.59,   100.27,   348.96
  600.83,   99.73,   473.96
  601.07,   99.18,   598.96
  599.99,   225.27,   349.51
  600.23,   224.73,   474.51
  600.47,   224.18,   599.51
  599.39,   350.27,   350.06
  599.63,   349.72,   475.05
  599.87,   349.18,   600.05
  725.59,   100.88,   348.73
  725.83,   100.33,   473.73
  726.07,   99.79,   598.72
  724.99,   225.87,   349.27
  725.23,   225.33,   474.27
  725.47,   224.78,   599.27
  724.39,   350.87,   349.82
  724.63,   350.33,   474.82
  724.87,   349.78,   599.82
  474.10,   101.68,   476.19
  476.33,   98.75,   601.14
  478.56,   95.83,   726.08
  474.79,   226.64,   479.10
  477.02,   223.72,   604.05
  479.25,   220.80,   728.99
  475.48,   351.60,   482.01
  477.71,   348.68,   606.96
  479.94,   345.76,   731.90
  599.08,   101.04,   473.95
  601.31,   98.12,   598.89
  603.54,   95.20,   723.84
  599.77,   226.01,   476.86
  602.00,   223.08,   601.80
  604.23,   220.16,   726.75
  600.46,   350.97,   479.77
  602.68,   348.05,   604.71
  604.91,   345.13,   729.66
  724.06,   100.41,   471.70
  726.29,   97.48,   596.65
  728.52,   94.56,   721.59
  724.75,   225.37,   474.61
  726.98,   222.45,   599.56
  729.21,   219.53,   724.50
  725.43,   350.33,   477.52
  727.66,   347.41,   602.47
  729.89,   344.49,   727.41
  475.52,   99.34,   600.57
  476.86,   101.10,   725.55
  478.21,   102.87,   850.53
  479.21,   224.27,   598.76
  480.56,   226.04,   723.74
  481.90,   227.80,   848.72
  482.91,   349.21,   596.96
  484.25,   350.97,   721.94
  485.59,   352.73,   846.92
  600.46,   95.63,   599.28
  601.80,   97.39,   724.26
  603.15,   99.16,   849.24
  604.15,   220.56,   597.47
  605.50,   222.33,   722.45
  606.84,   224.09,   847.43
  607.84,   345.49,   595.67
  609.19,   347.26,   720.65
  610.53,   349.02,   845.63
  725.40,   91.92,   597.98
  726.74,   93.68,   722.96
  728.08,   95.44,   847.95
  729.09,   216.85,   596.18
  730.43,   218.61,   721.16
  731.78,   220.38,   846.14
  732.78,   341.78,   594.38
  734.13,   343.55,   719.36
  735.47,   345.31,   844.34
  476.98,   225.28,   99.02
  480.67,   223.75,   223.96
  484.35,   222.22,   348.90
  474.73,   350.25,   100.62
  478.42,   348.72,   225.56
  482.10,   347.18,   350.49
  472.48,   475.22,   102.22
  476.17,   473.69,   227.16
  479.86,   472.15,   352.09
  601.91,   227.57,   95.37
  605.59,   226.04,   220.30
  609.28,   224.51,   345.24
  599.66,   352.54,   96.96
  603.34,   351.01,   221.90
  607.03,   349.48,   346.84
  597.41,   477.51,   98.56
  601.10,   475.98,   223.50
  604.78,   474.45,   348.44
  726.83,   229.87,   91.71
  730.52,   228.34,   216.65
  734.20,   226.81,   341.58
  724.58,   354.84,   93.31
  728.27,   353.31,   218.24
  731.95,   351.77,   343.18
  722.33,   479.81,   94.91
  726.02,   478.28,   219.84
  729.71,   476.74,   344.78
  476.75,   225.34,   223.13
  479.18,   222.33,   348.07
  481.62,   219.33,   473.01
  479.52,   350.27,   226.08
  481.96,   347.27,   351.02
  484.39,   344.26,   475.96
  482.30,   475.20,   229.03
  484.73,   472.20,   353.97
  487.16,   469.20,   478.91
  601.70,   222.62,   220.63
  604.13,   219.62,   345.58
  606.56,   216.61,   470.52
  604.47,   347.56,   223.58
  606.90,   344.55,   348.53
  609.33,   341.55,   473.47
  607.24,   472.49,   226.53
  609.67,   469.49,   351.48
  612.10,   466.48,   476.42
  726.64,   219.91,   218.14
  729.08,   216.91,   343.08
  731.51,   213.90,   468.02
  729.42,   344.84,   221.09
  731.85,   341.84,   346.03
  734.28,   338.84,   470.97
  732.19,   469.78,   224.04
  734.62,   466.78,   348.98
  737.05,   463.77,   473.92
  474.81,   223.88,   348.86
  475.34,   224.22,   473.85
  475.87,   224.56,   598.85
  477.49,   348.85,   348.50
  478.03,   349.19,   473.50
  478.56,   349.53,   598.50
  480.18,   473.82,   348.15
  480.71,   474.16,   473.15
  481.25,   474.50,   598.15
  599.78,   221.19,   348.33
  600.31,   221.53,   473.33
  600.84,   221.87,   598.33
  602.46,   346.16,   347.98
  603.00,   346.50,   472.98
  603.53,   346.84,   597.98
  605.15,   471.13,   347.63
  605.68,   471.47,   472.62
  606.22,   471.81,   597.62
  724.75,   218.50,   347.80
  725.28,   218.84,   472.80
  725.81,   219.18,   597.80
  727.43,   343.47,   347.45
  727.97,   343.81,   472.45
  728.50,   344.15,   597.45
  730.12,   468.44,   347.10
  730.65,   468.78,   472.10
  731.19,   469.12,   597.10
  474.19,   226.99,   475.07
  473.88,   228.51,   600.06
  473.58,   230.02,   725.06
  473.57,   351.98,   473.56
  473.27,   353.49,   598.55
  472.96,   355.01,   723.54
  472.96,   476.97,   472.05
  472.65,   478.48,   597.04
  472.35,   480.00,   722.03
  599.19,   227.61,   475.37
  598.88,   229.13,   600.36
  598.58,   230.64,   725.35
  598.57,   352.60,   473.86
  598.27,   354.11,   598.85
  597.96,   355.63,   723.84
  597.95,   477.59,   472.35
  597.65,   479.10,   597.34
  597.34,   480.62,   722.33
  724.18,   228.23,   475.67
  723.88,   229.75,   600.66
  723.57,   231.26,   725.65
  723.57,   353.22,   474.16
  723.26,   354.73,   599.15
  722.96,   356.25,   724.14
  722.95,   478.21,   472.64
  722.65,   479.72,   597.63
  722.34,   481.23,   722.62
  474.40,   223.47,   601.53
  475.21,   225.66,   726.51
  476.02,   227.85,   851.48
  471.06,   348.41,   599.36
  471.87,   350.60,   724.34
  472.67,   352.79,   849.31
  467.72,   473.34,   597.19
  468.52,   475.53,   722.17
  469.33,   477.73,   847.15
  599.35,   226.80,   600.66
  600.16,   228.99,   725.64
  600.97,   231.18,   850.62
  596.01,   351.73,   598.49
  596.82,   353.92,   723.47
  597.63,   356.12,   848.45
  592.67,   476.67,   596.32
  593.48,   478.86,   721.30
  594.29,   481.05,   846.28
  724.30,   230.12,   599.79
  725.11,   232.31,   724.77
  725.92,   234.50,   849.75
  720.96,   355.06,   597.62
  721.77,   357.25,   722.60
  722.58,   359.44,   847.58
  717.62,   479.99,   595.45
  718.43,   482.19,   720.43
  719.24,   484.38,   845.41
  473.06,   348.86,   98.96
  472.84,   345.75,   223.92
  472.62,   342.64,   348.88
  470.41,   473.80,   102.06
  470.19,   470.69,   227.02
  469.98,   467.58,   351.98
  467.76,   598.73,   105.16
  467.54,   595.62,   230.13
  467.33,   592.51,   355.09
  598.03,   351.50,   99.24
  597.81,   348.39,   224.20
  597.60,   345.28,   349.16
  595.38,   476.44,   102.34
  595.16,   473.33,   227.30
  594.95,   470.22,   352.26
  592.73,   601.37,   105.45
  592.52,   598.26,   230.41
  592.30,   595.15,   355.37
  723.00,   354.14,   99.52
  722.78,   351.03,   224.48
  722.57,   347.92,   349.44
  720.35,   479.08,   102.62
  720.14,   475.97,   227.58
  719.92,   472.86,   352.55
  717.70,   604.01,   105.73
  717.49,   600.90,   230.69
  717.27,   597.79,   355.65
  473.49,   350.43,   224.18
  472.08,   353.91,   349.12
  470.68,   357.40,   474.06
  475.04,   475.37,   220.71
  473.64,   478.85,   345.65
  472.23,   482.34,   470.60
  476.59,   600.31,   217.24
  475.19,   603.80,   342.19
  473.78,   607.28,   467.13
  598.47,   348.91,   225.62
  597.07,   352.40,   350.57
  595.66,   355.88,   475.51
  600.02,   473.86,   222.16
  598.62,   477.34,   347.10
  597.21,   480.83,   472.04
  601.58,   598.80,   218.69
  600.17,   602.28,   343.63
  598.77,   605.77,   468.58
  723.45,   347.40,   227.07
  722.05,   350.89,   352.01
  720.65,   354.37,   476.96
  725.01,   472.35,   223.60
  723.60,   475.83,   348.55
  722.20,   479.31,   473.49
  726.56,   597.29,   220.14
  725.15,   600.77,   345.08
  723.75,   604.26,   470.02
  475.12,   348.08,   350.23
  477.11,   347.08,   475.21
  479.09,   346.07,   600.19
  474.68,   473.08,   351.24
  476.67,   472.07,   476.22
  478.65,   471.07,   601.20
  474.24,   598.07,   352.25
  476.23,   597.07,   477.23
  478.21,   596.06,   602.21
  600.10,   348.54,   348.24
  602.09,   347.53,   473.22
  604.08,   346.53,   598.20
  599.66,   473.53,   349.25
  601.65,   472.53,   474.23
  603.64,   471.53,   599.21
  599.22,   598.53,   350.26
  601.21,   597.52,   475.24
  603.20,   596.52,   600.22
  725.09,   348.99,   346.26
  727.07,   347.99,   471.24
  729.06,   346.99,   596.22
  724.65,   473.99,   347.27
  726.63,   472.99,   472.25
  728.62,   471.98,   597.23
  724.21,   598.98,   348.28
  726.19,   597.98,   473.26
  728.18,   596.98,   598.24
  474.36,   351.82,   474.33
  477.11,   350.68,   599.30
  479.87,   349.55,   724.26
  477.83,   476.77,   475.40
  480.59,   475.63,   600.36
  483.34,   474.49,   725.33
  481.30,   601.72,   476.46
  484.06,   600.58,   601.42
  486.82,   599.44,   726.39
  599.28,   348.37,   471.55
  602.03,   347.24,   596.51
  604.79,   346.10,   721.48
  602.75,   473.32,   472.61
  605.51,   472.18,   597.57
  608.26,   471.04,   722.54
  606.22,   598.27,   473.67
  608.98,   597.13,   598.64
  611.74,   595.99,   723.60
  724.20,   344.93,   468.76
  726.96,   343.79,   593.72
  729.71,   342.65,   718.69
  727.67,   469.87,   469.82
  730.43,   468.73,   594.79
  733.19,   467.60,   719.75
  731.14,   594.82,   470.88
  733.90,   593.68,   595.85
  736.66,   592.54,   720.81
  475.83,   349.13,   601.33
  474.65,   347.76,   726.32
  473.46,   346.39,   851.31
  474.96,   474.12,   602.70
  473.78,   472.75,   727.68
  472.60,   471.38,   852.67
  474.10,   599.11,   604.06
  472.92,   597.74,   729.05
  471.74,   596.37,   854.03
  600.82,   349.98,   602.52
  599.64,   348.61,   727.51
  598.46,   347.24,   852.50
  599.96,   474.97,   603.89
  598.77,   473.60,   728.87
  597.59,   472.23,   853.86
  599.09,   599.96,   605.25
  597.91,   598.59,   730.24
  596.73,   597.22,   855.22
  725.81,   350.83,   603.72
  724.63,   349.46,   728.70
  723.45,   348.09,   853.69
  724.95,   475.82,   605.08
  723.77,   474.45,   730.06
  722.58,   473.08,   855.05
  724.08,   600.81,   606.44
  722.90,   599.44,   731.43
  721.72,   598.07,   856.41
  476.43,   476.23,   100.77
  477.67,   474.54,   225.75
  478.92,   472.85,   350.73
  473.44,   601.18,   102.49
  474.69,   599.49,   227.47
  475.93,   597.80,   352.45
  470.45,   726.14,   104.21
  471.70,   724.44,   229.19
  472.95,   722.75,   354.18
  601.39,   479.23,   99.56
  602.63,   477.54,   224.54
  603.88,   475.85,   349.53
  598.40,   604.19,   101.28
  599.65,   602.49,   226.27
  600.89,   600.80,   351.25
  595.41,   729.14,   103.01
  596.66,   727.45,   227.99
  597.91,   725.75,   352.97
  726.34,   482.24,   98.36
  727.59,   480.55,   223.34
  728.84,   478.85,   348.32
  723.36,   607.19,   100.08
  724.60,   605.50,   225.06
  725.85,   603.81,   350.04
  720.37,   732.14,   101.80
  721.62,   730.45,   226.78
  722.86,   728.76,   351.76
  474.27,   475.76,   226.80
  474.75,   472.88,   351.77
  475.23,   470.00,   476.73
  477.63,   600.68,   229.67
  478.11,   597.80,   354.63
  478.59,   594.92,   479.60
  480.99,   725.61,   232.53
  481.47,   722.73,   357.50
  481.95,   719.85,   482.46
  599.22,   472.42,   226.24
  599.71,   469.53,   351.21
  600.19,   466.65,   476.17
  602.58,   597.34,   229.11
  603.06,   594.46,   354.08
  603.54,   591.58,   479.04
  605.94,   722.26,   231.98
  606.42,   719.38,   356.94
  606.90,   716.50,   481.91
  724.18,   469.07,   225.69
  724.66,   466.19,   350.65
  725.14,   463.31,   475.62
  727.54,   593.99,   228.55
  728.02,   591.11,   353.52
  728.50,   588.23,   478.48
  730.90,   718.91,   231.42
  731.38,   716.03,   356.38
  731.86,   713.15,   481.35
  473.08,   475.32,   350.80
  471.16,   472.63,   475.75
  469.24,   469.95,   600.71
  474.62,   600.28,   353.51
  472.70,   597.59,   478.46
  470.78,   594.91,   603.42
  476.16,   725.24,   356.22
  474.24,   722.56,   481.17
  472.33,   719.87,   606.13
  598.05,   473.74,   352.68
  596.13,   471.05,   477.64
  594.21,   468.36,   602.60
  599.59,   598.70,   355.39
  597.68,   596.01,   480.35
  595.76,   593.32,   605.31
  601.14,   723.66,   358.10
  599.22,   720.97,   483.06
  597.30,   718.29,   608.01
  723.03,   472.15,   354.57
  721.11,   469.47,   479.52
  719.19,   466.78,   604.48
  724.57,   597.11,   357.28
  722.65,   594.43,   482.23
  720.73,   591.74,   607.19
  726.11,   722.07,   359.99
  724.20,   719.39,   484.94
  722.28,   716.70,   609.90
  473.98,   476.68,   473.32
  470.98,   474.08,   598.26
  467.97,   471.47,   723.19
  470.94,   601.62,   475.85
  467.94,   599.01,   600.79
  464.94,   596.41,   725.73
  467.91,   726.56,   478.39
  464.90,   723.95,   603.32
  461.90,   721.34,   728.26
  598.90,   479.65,   476.38
  595.90,   477.05,   601.32
  592.90,   474.44,   726.26
  595.87,   604.59,   478.92
  592.87,   601.99,   603.85
  589.87,   599.38,   728.79
  592.83,   729.53,   481.45
  589.83,   726.92,   606.39
  586.83,   724.32,   731.32
  723.83,   482.63,   479.45
  720.83,   480.02,   604.38
  717.83,   477.42,   729.32
  720.80,   607.57,   481.98
  717.79,   604.96,   606.92
  714.79,   602.35,   731.85
  717.76,   732.50,   484.51
  714.76,   729.90,   609.45
  711.76,   727.29,   734.39
  476.46,   475.60,   600.42
  473.79,   473.11,   725.36
  471.11,   470.62,   850.31
  475.00,   600.57,   602.87
  472.32,   598.08,   727.82
  469.65,   595.59,   852.77
  473.53,   725.54,   605.33
  470.86,   723.04,   730.28
  468.18,   720.55,   855.23
  601.43,   477.01,   603.12
  598.75,   474.52,   728.07
  596.07,   472.03,   853.01
  599.96,   601.98,   605.58
  597.28,   599.49,   730.53
  594.61,   597.00,   855.47
  598.50,   726.95,   608.04
  595.82,   724.46,   732.99
  593.14,   721.97,   857.93
  726.39,   478.42,   605.83
  723.71,   475.93,   730.77
  721.04,   473.44,   855.72
  724.92,   603.39,   608.29
  722.25,   600.90,   733.23
  719.57,   598.41,   858.18
  723.46,   728.36,   610.74
  720.78,   725.87,   735.69
  718.11,   723.38,   860.64
  475.74,   598.77,   101.21
  474.55,   599.89,   226.20
  473.37,   601.01,   351.19
  479.03,   723.72,   100.12
  477.84,   724.84,   225.11
  476.66,   725.96,   350.10
  482.32,   848.67,   99.03
  481.13,   849.79,   224.02
  479.95,   850.92,   349.00
  600.69,   595.49,   102.42
  599.50,   596.61,   227.41
  598.32,   597.73,   352.40
  603.98,   720.44,   101.33
  602.80,   721.56,   226.32
  601.61,   722.68,   351.31
  607.27,   845.39,   100.24
  606.09,   846.51,   225.23
  604.90,   847.64,   350.22
  725.64,   592.21,   103.63
  724.46,   593.33,   228.62
  723.27,   594.45,   353.61
  728.93,   717.16,   102.54
  727.75,   718.28,   227.53
  726.56,   719.40,   352.52
  732.22,   842.11,   101.45
  731.04,   843.23,   226.44
  729.86,   844.36,   351.43
  475.37,   599.42,   224.79
  473.80,   602.40,   349.75
  472.24,   605.38,   474.70
  476.97,   724.38,   221.84
  475.40,   727.36,   346.79
  473.84,   730.33,   471.74
  478.57,   849.33,   218.88
  477.00,   852.31,   343.83
  475.44,   855.29,   468.79
  600.35,   597.86,   226.39
  598.78,   600.84,   351.35
  597.22,   603.82,   476.30
  601.95,   722.82,   223.44
  600.38,   725.79,   348.39
  598.82,   728.77,   473.35
  603.55,   847.77,   220.48
  601.98,   850.75,   345.43
  600.42,   853.73,   470.39
  725.33,   596.30,   228.00
  723.76,   599.28,   352.95
  722.20,   602.26,   477.90
  726.93,   721.25,   225.04
  725.36,   724.23,   349.99
  723.80,   727.21,   474.95
  728.53,   846.21,   222.08
  726.96,   849.19,   347.03
  725.40,   852.16,   471.99
  474.36,   599.56,   349.61
  475.64,   599.46,   474.60
  476.91,   599.36,   599.60
  473.79,   724.56,   349.72
  475.06,   724.46,   474.71
  476.33,   724.35,   599.70
  473.21,   849.56,   349.82
  474.48,   849.45,   474.82
  475.75,   849.35,   599.81
  599.36,   600.14,   348.34
  600.63,   600.04,   473.33
  601.90,   599.93,   598.32
  598.78,   725.14,   348.44
  600.05,   725.03,   473.44
  601.32,   724.93,   598.43
  598.20,   850.13,   348.55
  599.47,   850.03,   473.54
  600.74,   849.93,   598.54
  724.35,   600.72,   347.06
  725.62,   600.62,   472.06
  726.89,   600.51,   597.05
  723.77,   725.72,   347.17
  725.04,   725.61,   472.16
  726.32,   725.51,   597.16
  723.19,   850.71,   347.28
  724.46,   850.61,   472.27
  725.74,   850.51,   597.27
  473.30,   598.61,   473.91
  474.36,   598.08,   598.90
  475.42,   597.55,   723.90
  472.51,   723.61,   474.44
  473.57,   723.08,   599.44
  474.63,   722.55,   724.43
  471.72,   848.60,   474.98
  472.78,   848.08,   599.97
  473.84,   847.55,   724.97
  598.30,   599.41,   472.85
  599.35,   598.88,   597.85
  600.41,   598.35,   722.84
  597.51,   724.40,   473.39
  598.56,   723.87,   598.38
  599.62,   723.35,   723.38
  596.72,   849.40,   473.92
  597.77,   848.87,   598.92
  598.83,   848.34,   723.91
  723.29,   600.20,   471.80
  724.35,   599.67,   596.80
  725.40,   599.14,   721.79
  722.50,   725.20,   472.34
  723.56,   724.67,   597.33
  724.61,   724.14,   722.33
  721.71,   850.19,   472.87
  722.77,   849.66,   597.87
  723.82,   849.14,   722.86
  476.61,   599.51,   599.83
  478.39,   601.72,   724.79
  480.17,   603.93,   849.76
  477.75,   724.49,   597.60
  479.53,   726.70,   722.57
  481.31,   728.91,   847.54
  478.90,   849.46,   595.37
  480.67,   851.67,   720.34
  482.45,   853.88,   845.31
  601.59,   598.34,   598.07
  603.37,   600.55,   723.04
  605.15,   602.76,   848.00
  602.73,   723.32,   595.84
  604.51,   725.52,   720.81
  606.29,   727.73,   845.78
  603.88,   848.29,   593.62
  605.66,   850.50,   718.58
  607.43,   852.71,   843.55
  726.57,   597.17,   596.31
  728.35,   599.38,   721.28
  730.13,   601.58,   846.25
  727.72,   722.14,   594.08
  729.50,   724.35,   719.05
  731.27,   726.56,   844.02
  728.86,   847.12,   591.86
  730.64,   849.32,   716.83
  732.42,   851.53,   841.79
  601.52,   101.40,   99.40
  601.22,   101.47,   224.39
  600.92,   101.54,   349.39
  601.55,   226.40,   99.33
  601.25,   226.47,   224.32
  600.94,   226.54,   349.32
  601.58,   351.40,   99.25
  601.27,   351.47,   224.25
  600.97,   351.54,   349.25
  726.52,   101.38,   99.70
  726.22,   101.45,   224.70
  725.92,   101.52,   349.70
  726.55,   226.38,   99.63
  726.25,   226.45,   224.63
  725.94,   226.52,   349.63
  726.58,   351.38,   99.56
  726.27,   351.45,   224.56
  725.97,   351.52,   349.56
  851.52,   101.35,   100.00
  851.22,   101.42,   225.00
  850.92,   101.49,   350.00
  851.55,   226.35,   99.93
  851.25,   226.42,   224.93
  850.94,   226.49,   349.93
  851.57,   351.35,   99.86
  851.27,   351.42,   224.86
  850.97,   351.49,   349.86
  600.63,   99.21,   225.65
  597.72,   102.55,   350.57
  594.80,   105.90,   475.49
  600.14,   224.16,   222.29
  597.22,   227.51,   347.21
  594.31,   230.85,   472.14
  599.65,   349.12,   218.94
  596.73,   352.46,   343.86
  593.81,   355.80,   468.78
  725.60,   99.78,   228.55
  722.68,   103.12,   353.47
  719.77,   106.47,   478.39
  725.10,   224.74,   225.20
  722.19,   228.08,   350.12
  719.27,   231.42,   475.04
  724.61,   349.69,   221.84
  721.70,   353.03,   346.76
  718.78,   356.37,   471.68
  850.56,   100.35,   231.45
  847.65,   103.70,   356.37
  844.73,   107.04,   481.29
  850.07,   225.31,   228.10
  847.15,   228.65,   353.02
  844.24,   231.99,   477.94
  849.58,   350.26,   224.74
  846.66,   353.60,   349.66
  843.74,   356.95,   474.58
  598.82,   101.37,   349.31
  602.32,   101.29,   474.26
  605.82,   101.22,   599.21
  601.82,   226.33,   349.30
  605.32,   226.26,   474.25
  608.82,   226.18,   599.20
  604.82,   351.30,   349.29
  608.32,   351.22,   474.24
  611.82,   351.15,   599.19
  723.73,   98.37,   345.81
  727.23,   98.29,   470.76
  730.73,   98.22,   595.71
  726.73,   223.33,   345.80
  730.24,   223.26,   470.75
  733.74,   223.18,   595.70
  729.74,   348.30,   345.79
  733.24,   348.22,   470.74
  736.74,   348.14,   595.69
  848.65,   95.37,   342.30
  852.15,   95.29,   467.26
  855.65,   95.21,   592.21
  851.65,   220.33,   342.30
  855.15,   220.25,   467.25
  858.65,   220.18,   592.20
  854.65,   345.29,   342.29
  858.15,   345.22,   467.24
  861.65,   345.14,   592.19
  600.66,   101.73,   476.83
  600.87,   103.27,   601.82
  601.08,   104.82,   726.81
  599.18,   226.71,   475.29
  599.39,   228.26,   600.28
  599.60,   229.81,   725.27
  597.70,   351.69,   473.74
  597.91,   353.24,   598.73
  598.12,   354.79,   723.72
  725.65,   103.20,   476.61
  725.86,   104.75,   601.60
  726.07,   106.30,   726.59
  724.17,   228.19,   475.06
  724.38,   229.73,   600.05
  724.59,   231.28,   725.04
  722.69,   353.17,   473.51
  722.90,   354.72,   598.50
  723.11,   356.26,   723.49
  850.64,   104.68,   476.38
  850.85,   106.23,   601.37
  851.06,   107.78,   726.36
  849.16,   229.66,   474.83
  849.37,   231.21,   599.82
  849.58,   232.76,   724.81
  847.68,   354.65,   473.29
  847.89,   356.19,   598.28
  848.10,   357.74,   723.27
  598.18,   98.56,   598.75
  596.65,   97.95,   723.74
  595.12,   97.35,   848.73
  597.67,   223.55,   599.35
  596.14,   222.95,   724.34
  594.61,   222.34,   849.33
  597.17,   348.55,   599.95
  595.64,   347.95,   724.94
  594.11,   347.34,   849.93
  723.17,   99.06,   600.28
  721.64,   98.45,   725.27
  720.11,   97.84,   850.26
  722.66,   224.05,   600.88
  721.13,   223.45,   725.87
  719.60,   222.84,   850.86
  722.15,   349.05,   601.48
  720.63,   348.45,   726.47
  719.10,   347.84,   851.46
  848.16,   99.55,   601.81
  846.63,   98.95,   726.80
  845.10,   98.34,   851.79
  847.65,   224.55,   602.41
  846.12,   223.95,   727.40
  844.59,   223.34,   852.39
  847.14,   349.55,   603.01
  845.62,   348.94,   728.00
  844.09,   348.34,   852.99
  601.00,   225.91,   100.68
  603.20,   229.42,   225.61
  605.39,   232.93,   350.54
  598.02,   350.83,   97.22
  600.21,   354.34,   222.15
  602.40,   357.85,   347.08
  595.04,   475.74,   93.76
  597.23,   479.25,   218.69
  599.42,   482.76,   343.62
  725.95,   228.83,   98.40
  728.14,   232.34,   223.33
  730.33,   235.85,   348.27
  722.96,   353.75,   94.94
  725.16,   357.26,   219.88
  727.35,   360.77,   344.81
  719.98,   478.66,   91.49
  722.17,   482.18,   216.42
  724.37,   485.69,   341.35
  850.89,   231.75,   96.13
  853.09,   235.26,   221.06
  855.28,   238.77,   345.99
  847.91,   356.67,   92.67
  850.10,   360.18,   217.60
  852.29,   363.69,   342.53
  844.93,   481.59,   89.21
  847.12,   485.10,   214.14
  849.31,   488.61,   339.07
  600.68,   226.48,   226.10
  600.54,   222.88,   351.05
  600.40,   219.28,   476.00
  602.80,   351.41,   229.70
  602.66,   347.81,   354.65
  602.52,   344.21,   479.60
  604.92,   476.34,   233.31
  604.78,   472.74,   358.25
  604.64,   469.14,   483.20
  725.66,   224.36,   226.18
  725.53,   220.76,   351.13
  725.39,   217.16,   476.08
  727.78,   349.29,   229.78
  727.64,   345.69,   354.73
  727.50,   342.09,   479.68
  729.90,   474.22,   233.38
  729.76,   470.62,   358.33
  729.62,   467.02,   483.28
  850.65,   222.24,   226.26
  850.51,   218.64,   351.21
  850.37,   215.04,   476.15
  852.76,   347.17,   229.86
  852.62,   343.57,   354.81
  852.49,   339.97,   479.76
  854.88,   472.10,   233.46
  854.74,   468.50,   358.41
  854.60,   464.90,   483.36
  600.29,   223.06,   351.68
  601.63,   226.66,   476.62
  602.96,   230.27,   601.56
  598.92,   348.00,   348.09
  600.26,   351.60,   473.03
  601.59,   355.21,   597.97
  597.55,   472.94,   344.50
  598.89,   476.55,   469.44
  600.22,   480.15,   594.38
  725.28,   224.39,   350.31
  726.61,   228.00,   475.25
  727.95,   231.60,   600.19
  723.91,   349.33,   346.72
  725.24,   352.94,   471.66
  726.58,   356.54,   596.60
  722.54,   474.27,   343.13
  723.87,   477.88,   468.07
  725.20,   481.48,   593.01
  850.27,   225.72,   348.94
  851.60,   229.33,   473.88
  852.93,   232.93,   598.82
  848.89,   350.66,   345.35
  850.23,   354.27,   470.29
  851.56,   357.87,   595.23
  847.52,   475.60,   341.76
  848.86,   479.21,   466.70
  850.19,   482.82,   591.64
  600.94,   226.34,   473.20
  599.33,   222.88,   598.14
  597.72,   219.42,   723.08
  601.84,   351.28,   476.67
  600.23,   347.83,   601.61
  598.62,   344.37,   726.55
  602.74,   476.23,   480.14
  601.13,   472.78,   605.08
  599.52,   469.32,   730.02
  725.93,   225.39,   474.79
  724.31,   221.93,   599.73
  722.70,   218.48,   724.67
  726.83,   350.34,   478.26
  725.22,   346.88,   603.20
  723.60,   343.42,   728.14
  727.73,   475.29,   481.72
  726.12,   471.83,   606.67
  724.51,   468.37,   731.61
  850.91,   224.44,   476.37
  849.30,   220.99,   601.32
  847.69,   217.53,   726.26
  851.82,   349.39,   479.84
  850.20,   345.93,   604.78
  848.59,   342.48,   729.73
  852.72,   474.34,   483.31
  851.10,   470.88,   608.25
  849.49,   467.43,   733.19
  598.92,   225.68,   600.78
  599.41,   224.89,   725.77
  599.91,   224.09,   850.77
  601.92,   350.65,   601.56
  602.41,   349.85,   726.56
  602.90,   349.06,   851.55
  604.92,   475.61,   602.34
  605.41,   474.81,   727.34
  605.90,   474.02,   852.34
  723.89,   222.69,   600.27
  724.38,   221.90,   725.26
  724.87,   221.10,   850.26
  726.88,   347.65,   601.05
  727.37,   346.86,   726.05
  727.87,   346.06,   851.04
  729.88,   472.61,   601.83
  730.37,   471.82,   726.83
  730.86,   471.02,   851.83
  848.85,   219.70,   599.76
  849.34,   218.90,   724.75
  849.83,   218.11,   849.75
  851.85,   344.66,   600.54
  852.34,   343.86,   725.54
  852.83,   343.07,   850.53
  854.84,   469.62,   601.32
  855.33,   468.83,   726.32
  855.83,   468.03,   851.32
  600.25,   350.54,   100.44
  599.11,   351.35,   225.43
  597.96,   352.16,   350.42
  596.90,   475.49,   99.60
  595.75,   476.30,   224.59
  594.60,   477.11,   349.58
  593.54,   600.45,   98.76
  592.40,   601.26,   223.75
  591.25,   602.07,   348.74
  725.20,   353.90,   101.56
  724.06,   354.71,   226.56
  722.91,   355.52,   351.55
  721.85,   478.86,   100.72
  720.70,   479.67,   225.72
  719.55,   480.48,   350.71
  718.49,   603.81,   99.88
  717.34,   604.62,   224.87
  716.20,   605.43,   349.87
  850.15,   357.27,   102.69
  849.01,   358.08,   227.68
  847.86,   358.89,   352.67
  846.80,   482.22,   101.85
  845.65,   483.03,   226.84
  844.50,   483.84,   351.83
  843.44,   607.17,   101.01
  842.29,   607.98,   226.00
  841.15,   608.79,   350.99
  598.53,   350.69,   226.93
  595.84,   352.98,   351.88
  593.16,   355.27,   476.83
  595.29,   475.62,   224.57
  592.60,   477.91,   349.52
  589.91,   480.21,   474.47
  592.05,   600.56,   222.21
  589.36,   602.85,   347.16
  586.67,   605.14,   472.11
  723.46,   353.98,   229.56
  720.77,   356.27,   354.51
  718.08,   358.56,   479.46
  720.22,   478.92,   227.20
  717.53,   481.21,   352.15
  714.84,   483.50,   477.10
  716.98,   603.85,   224.84
  714.29,   606.14,   349.79
  711.60,   608.43,   474.74
  848.39,   357.27,   232.18
  845.70,   359.56,   357.13
  843.01,   361.85,   482.08
  845.15,   482.21,   229.82
  842.46,   484.50,   354.77
  839.77,   486.79,   479.72
  841.91,   607.14,   227.46
  839.22,   609.43,   352.41
  836.53,   611.72,   477.36
  601.02,   348.45,   348.45
  597.28,   348.09,   473.39
  593.53,   347.73,   598.34
  603.80,   473.42,   348.89
  600.06,   473.06,   473.84
  596.31,   472.70,   598.78
  606.58,   598.39,   349.34
  602.83,   598.03,   474.28
  599.09,   597.67,   599.22
  725.94,   345.66,   352.19
  722.19,   345.30,   477.13
  718.45,   344.94,   602.07
  728.71,   470.63,   352.63
  724.97,   470.27,   477.57
  721.22,   469.91,   602.52
  731.49,   595.60,   353.07
  727.74,   595.24,   478.02
  724.00,   594.88,   602.96
  850.85,   342.87,   355.93
  847.10,   342.51,   480.87
  843.36,   342.15,   605.81
  853.63,   467.84,   356.37
  849.88,   467.48,   481.31
  846.14,   467.12,   606.25
  856.40,   592.81,   356.81
  852.66,   592.45,   481.75
  848.91,   592.09,   606.70
  601.47,   348.13,   474.83
  602.27,   350.61,   599.80
  603.08,   353.09,   724.77
  599.03,   473.08,   472.36
  599.84,   475.56,   597.34
  600.65,   478.04,   722.31
  596.60,   598.03,   469.90
  597.41,   600.51,   594.87
  598.21,   602.99,   719.84
  726.44,   350.55,   473.97
  727.25,   353.03,   598.95
  728.05,   355.51,   723.92
  724.01,   475.50,   471.51
  724.81,   477.98,   596.48
  725.62,   480.46,   721.45
  721.57,   600.45,   469.04
  722.38,   602.93,   594.02
  723.19,   605.41,   718.99
  851.41,   352.96,   473.12
  852.22,   355.44,   598.09
  853.03,   357.92,   723.06
  848.98,   477.92,   470.65
  849.79,   480.40,   595.63
  850.59,   482.88,   720.60
  846.55,   602.87,   468.19
  847.35,   605.35,   593.16
  848.16,   607.83,   718.13
  601.22,   348.50,   600.47
  599.91,   346.67,   725.45
  598.59,   344.84,   850.43
  597.58,   473.43,   602.26
  596.26,   471.60,   727.24
  594.94,   469.78,   852.22
  593.93,   598.37,   604.05
  592.62,   596.54,   729.03
  591.30,   594.71,   854.01
  726.16,   352.12,   601.84
  724.85,   350.30,   726.82
  723.53,   348.47,   851.80
  722.52,   477.06,   603.63
  721.20,   475.23,   728.61
  719.88,   473.40,   853.59
  718.87,   601.99,   605.42
  717.55,   600.16,   730.40
  716.24,   598.34,   855.38
  851.10,   355.75,   603.21
  849.79,   353.92,   728.19
  848.47,   352.09,   853.17
  847.46,   480.68,   605.00
  846.14,   478.86,   729.98
  844.82,   477.03,   854.96
  843.81,   605.62,   606.79
  842.49,   603.79,   731.77
  841.18,   601.96,   856.75
  599.59,   473.57,   101.19
  602.37,   471.81,   226.15
  605.15,   470.05,   351.10
  603.05,   598.51,   102.88
  605.83,   596.75,   227.83
  608.61,   594.99,   352.79
  606.52,   723.46,   104.56
  609.30,   721.69,   229.52
  612.08,   719.93,   354.47
  724.51,   470.15,   98.36
  727.29,   468.39,   223.32
  730.07,   466.63,   348.28
  727.97,   595.09,   100.05
  730.75,   593.33,   225.00
  733.53,   591.57,   349.96
  731.44,   720.03,   101.73
  734.22,   718.27,   226.69
  737.00,   716.51,   351.64
  849.43,   466.72,   95.53
  852.21,   464.96,   220.49
  854.99,   463.20,   345.45
  852.89,   591.66,   97.22
  855.67,   589.90,   222.17
  858.46,   588.14,   347.13
  856.36,   716.60,   98.90
  859.14,   714.84,   223.86
  861.92,   713.08,   348.81
  598.95,   476.88,   225.34
  599.37,   475.93,   350.34
  599.78,   474.98,   475.33
  602.11,   601.84,   226.28
  602.52,   600.89,   351.28
  602.93,   599.94,   476.27
  605.26,   726.80,   227.22
  605.67,   725.85,   352.21
  606.09,   724.90,   477.21
  723.91,   473.73,   224.90
  724.33,   472.78,   349.90
  724.74,   471.83,   474.90
  727.07,   598.69,   225.84
  727.48,   597.74,   350.84
  727.89,   596.79,   475.83
  730.22,   723.64,   226.78
  730.63,   722.69,   351.78
  731.05,   721.74,   476.77
  848.87,   470.58,   224.47
  849.29,   469.63,   349.46
  849.70,   468.68,   474.46
  852.03,   595.54,   225.41
  852.44,   594.59,   350.40
  852.85,   593.64,   475.40
  855.18,   720.49,   226.35
  855.59,   719.54,   351.34
  856.01,   718.59,   476.34
  601.53,   474.86,   348.36
  602.60,   477.45,   473.33
  603.66,   480.04,   598.29
  602.48,   599.83,   345.76
  603.54,   602.42,   470.73
  604.60,   605.01,   595.69
  603.42,   724.80,   343.16
  604.48,   727.39,   468.13
  605.55,   729.98,   593.10
  726.53,   473.89,   347.31
  727.59,   476.49,   472.28
  728.65,   479.08,   597.25
  727.47,   598.86,   344.71
  728.53,   601.46,   469.68
  729.60,   604.05,   594.65
  728.41,   723.83,   342.11
  729.47,   726.43,   467.08
  730.54,   729.02,   592.05
  851.52,   472.93,   346.27
  852.58,   475.52,   471.24
  853.65,   478.11,   596.21
  852.46,   597.90,   343.67
  853.52,   600.49,   468.64
  854.59,   603.08,   593.61
  853.40,   722.87,   341.07
  854.47,   725.46,   466.04
  855.53,   728.05,   591.01
  600.64,   474.97,   474.15
  603.29,   472.13,   599.09
  605.94,   469.28,   724.03
  603.90,   599.89,   476.92
  606.55,   597.05,   601.86
  609.20,   594.21,   726.80
  607.15,   724.82,   479.69
  609.80,   721.98,   604.63
  612.45,   719.14,   729.57
  725.57,   471.77,   471.43
  728.22,   468.93,   596.37
  730.87,   466.09,   721.31
  728.83,   596.70,   474.20
  731.48,   593.86,   599.14
  734.12,   591.02,   724.08
  732.08,   721.63,   476.97
  734.73,   718.79,   601.91
  737.38,   715.94,   726.85
  850.50,   468.58,   468.71
  853.15,   465.74,   593.64
  855.80,   462.90,   718.58
  853.76,   593.51,   471.48
  856.40,   590.66,   596.42
  859.05,   587.82,   721.36
  857.01,   718.43,   474.25
  859.66,   715.59,   599.19
  862.31,   712.75,   724.13
  601.91,   474.34,   598.82
  601.03,   476.32,   723.80
  600.16,   478.29,   848.78
  604.52,   599.30,   596.87
  603.64,   601.27,   721.85
  602.77,   603.25,   846.83
  607.13,   724.26,   594.91
  606.26,   726.23,   719.89
  605.38,   728.21,   844.87
  726.88,   471.74,   599.74
  726.00,   473.72,   724.72
  725.13,   475.69,   849.70
  729.49,   596.70,   597.78
  728.61,   598.68,   722.76
  727.74,   600.65,   847.75
  732.10,   721.66,   595.83
  731.23,   723.63,   720.81
  730.35,   725.61,   845.79
  851.85,   469.15,   600.65
  850.97,   471.12,   725.64
  850.10,   473.09,   850.62
  854.46,   594.10,   598.70
  853.58,   596.08,   723.68
  852.71,   598.05,   848.66
  857.07,   719.06,   596.74
  856.20,   721.03,   721.73
  855.32,   723.01,   846.71
  598.71,   599.70,   101.60
  602.10,   601.60,   226.54
  605.48,   603.50,   351.48
  596.70,   724.67,   99.75
  600.09,   726.57,   224.69
  603.48,   728.47,   349.63
  594.69,   849.64,   97.90
  598.08,   851.54,   222.84
  601.47,   853.44,   347.78
  723.65,   601.65,   98.18
  727.04,   603.56,   223.12
  730.42,   605.46,   348.06
  721.64,   726.62,   96.33
  725.03,   728.53,   221.27
  728.41,   730.43,   346.21
  719.63,   851.60,   94.48
  723.02,   853.50,   219.42
  726.40,   855.40,   344.36
  848.59,   603.61,   94.77
  851.97,   605.52,   219.71
  855.36,   607.42,   344.65
  846.58,   728.58,   92.92
  849.97,   730.49,   217.86
  853.35,   732.39,   342.80
  844.57,   853.55,   91.07
  847.96,   855.46,   216.01
  851.34,   857.36,   340.95
  598.40,   601.58,   226.71
  599.19,   603.23,   351.70
  599.97,   604.88,   476.69
  596.26,   726.55,   225.08
  597.04,   728.20,   350.07
  597.83,   729.85,   475.05
  594.11,   851.52,   223.45
  594.89,   853.17,   348.43
  595.68,   854.82,   473.42
  723.38,   603.72,   225.90
  724.17,   605.37,   350.89
  724.95,   607.01,   475.87
  721.24,   728.69,   224.27
  722.02,   730.34,   349.25
  722.81,   731.98,   474.24
  719.09,   853.66,   222.63
  719.87,   855.31,   347.62
  720.66,   856.96,   472.61
  848.36,   605.86,   225.09
  849.15,   607.50,   350.07
  849.93,   609.15,   475.06
  846.21,   730.83,   223.45
  847.00,   732.47,   348.44
  847.79,   734.12,   473.43
  844.07,   855.80,   221.82
  844.85,   857.44,   346.81
  845.64,   859.09,   471.79
  599.25,   598.38,   351.08
  596.53,   599.02,   476.05
  593.81,   599.66,   601.02
  597.69,   723.36,   350.41
  594.97,   724.00,   475.38
  592.24,   724.64,   600.34
  596.13,   848.35,   349.73
  593.40,   848.99,   474.70
  590.68,   849.63,   599.67
  724.21,   599.95,   353.80
  721.49,   600.59,   478.76
  718.77,   601.23,   603.73
  722.65,   724.94,   353.12
  719.93,   725.58,   478.09
  717.21,   726.22,   603.06
  721.09,   849.93,   352.45
  718.37,   850.57,   477.42
  715.64,   851.21,   602.39
  849.18,   601.53,   356.51
  846.45,   602.17,   481.48
  843.73,   602.81,   606.45
  847.61,   726.52,   355.84
  844.89,   727.16,   480.81
  842.17,   727.80,   605.77
  846.05,   851.51,   355.16
  843.33,   852.15,   480.13
  840.60,   852.79,   605.10
  598.17,   598.64,   476.29
  594.84,   595.16,   601.20
  591.52,   591.68,   726.11
  600.40,   723.56,   479.83
  597.08,   720.09,   604.73
  593.76,   716.61,   729.64
  602.64,   848.49,   483.36
  599.32,   845.02,   608.27
  595.99,   841.54,   733.18
  723.10,   596.31,   479.55
  719.78,   592.83,   604.46
  716.46,   589.35,   729.36
  725.34,   721.24,   483.09
  722.02,   717.76,   607.99
  718.69,   714.28,   732.90
  727.58,   846.17,   486.62
  724.25,   842.69,   611.53
  720.93,   839.21,   736.44
  848.04,   593.98,   482.81
  844.71,   590.50,   607.72
  841.39,   587.02,   732.62
  850.27,   718.91,   486.35
  846.95,   715.43,   611.25
  843.63,   711.95,   736.16
  852.51,   843.84,   489.88
  849.19,   840.36,   614.79
  845.86,   836.88,   739.70
  599.29,   598.29,   600.02
  596.02,   598.18,   724.98
  592.74,   598.07,   849.94
  599.28,   723.29,   600.13
  596.00,   723.18,   725.09
  592.72,   723.07,   850.05
  599.26,   848.29,   600.24
  595.98,   848.18,   725.20
  592.71,   848.07,   850.15
  724.25,   598.30,   603.30
  720.97,   598.19,   728.26
  717.70,   598.08,   853.21
  724.23,   723.30,   603.41
  720.96,   723.19,   728.37
  717.68,   723.08,   853.32
  724.22,   848.30,   603.52
  720.94,   848.19,   728.47
  717.67,   848.08,   853.43
  849.21,   598.31,   606.58
  845.93,   598.20,   731.53
  842.65,   598.09,   856.49
  849.19,   723.31,   606.69
  845.92,   723.20,   731.64
  842.64,   723.09,   856.60
  849.18,   848.31,   606.79
  845.90,   848.20,   731.75
  842.62,   848.09,   856.71
