27, 125, pa2-debug-e-output1.txt
  196.62,   201.82,   205.83
  407.78,   404.12,   209.43
  99.63,   100.67,   100.43
  97.07,   102.04,   225.40
  94.51,   103.40,   350.37
  102.10,   225.64,   99.12
  99.54,   227.00,   224.08
  96.98,   228.37,   349.05
  104.57,   350.61,   97.80
  102.01,   351.97,   222.77
  99.45,   353.34,   347.73
  224.57,   98.23,   103.02
  222.02,   99.59,   227.98
  219.46,   100.96,   352.95
  227.04,   223.19,   101.70
  224.49,   224.56,   226.67
  221.93,   225.93,   351.63
  229.51,   348.16,   100.39
  226.96,   349.53,   225.35
  224.40,   350.90,   350.32
  349.52,   95.78,   105.60
  346.97,   97.15,   230.57
  344.41,   98.52,   355.54
  351.99,   220.75,   104.29
  349.44,   222.12,   229.25
  346.88,   223.49,   354.22
  354.46,   345.72,   102.97
  351.91,   347.09,   227.94
  349.35,   348.45,   352.90
  100.19,   99.77,   223.57
  100.99,   98.95,   348.57
  101.79,   98.13,   473.56
  98.23,   224.75,   224.41
  99.03,   223.93,   349.41
  99.83,   223.11,   474.40
  96.27,   349.74,   225.25
  97.06,   348.91,   350.24
  97.86,   348.09,   475.24
  225.17,   101.74,   222.79
  225.97,   100.92,   347.78
  226.77,   100.09,   472.78
  223.21,   226.72,   223.62
  224.01,   225.90,   348.62
  224.81,   225.08,   473.61
  221.25,   351.70,   224.46
  222.05,   350.88,   349.46
  222.84,   350.06,   474.45
  350.16,   103.71,   222.00
  350.95,   102.89,   347.00
  351.75,   102.06,   471.99
  348.19,   228.69,   222.84
  348.99,   227.87,   347.83
  349.79,   227.04,   472.83
  346.23,   353.67,   223.67
  347.03,   352.85,   348.67
  347.83,   352.03,   473.66
  101.90,   98.99,   348.43
  100.26,   95.40,   473.37
  98.61,   91.82,   598.31
  99.73,   223.92,   351.99
  98.08,   220.33,   476.92
  96.44,   216.75,   601.86
  97.55,   348.85,   355.54
  95.91,   345.26,   480.48
  94.27,   341.68,   605.42
  226.87,   101.11,   350.13
  225.23,   97.53,   475.07
  223.58,   93.94,   600.01
  224.70,   226.04,   353.69
  223.05,   222.46,   478.63
  221.41,   218.87,   603.57
  222.52,   350.97,   357.25
  220.88,   347.39,   482.18
  219.24,   343.80,   607.12
  351.84,   103.24,   351.84
  350.20,   99.65,   476.78
  348.56,   96.07,   601.71
  349.67,   228.17,   355.39
  348.02,   224.58,   480.33
  346.38,   221.00,   605.27
  347.49,   353.10,   358.95
  345.85,   349.52,   483.89
  344.21,   345.93,   608.82
  98.07,   100.95,   475.62
  98.75,   104.01,   600.58
  99.42,   107.07,   725.54
  97.87,   225.91,   472.56
  98.54,   228.97,   597.52
  99.22,   232.03,   722.48
  97.66,   350.87,   469.50
  98.34,   353.93,   594.46
  99.02,   356.99,   719.42
  223.07,   101.13,   474.93
  223.75,   104.20,   599.90
  224.42,   107.26,   724.86
  222.87,   226.10,   471.88
  223.54,   229.16,   596.84
  224.22,   232.22,   721.80
  222.66,   351.06,   468.82
  223.34,   354.12,   593.78
  224.01,   357.18,   718.74
  348.07,   101.32,   474.25
  348.74,   104.38,   599.21
  349.42,   107.44,   724.17
  347.86,   226.28,   471.19
  348.54,   229.34,   596.15
  349.22,   232.41,   721.12
  347.66,   351.25,   468.13
  348.34,   354.31,   593.09
  349.01,   357.37,   718.06
  100.98,   99.72,   600.17
  102.04,   99.79,   725.16
  103.10,   99.87,   850.16
  101.99,   224.71,   600.08
  103.05,   224.79,   725.08
  104.12,   224.86,   850.07
  103.00,   349.71,   600.00
  104.06,   349.78,   724.99
  105.13,   349.86,   849.99
  225.97,   98.70,   599.10
  227.03,   98.78,   724.10
  228.10,   98.86,   849.10
  226.98,   223.70,   599.02
  228.04,   223.77,   724.02
  229.11,   223.85,   849.01
  227.99,   348.69,   598.94
  229.06,   348.77,   723.93
  230.12,   348.85,   848.93
  350.96,   97.69,   598.04
  352.02,   97.77,   723.04
  353.09,   97.84,   848.03
  351.97,   222.69,   597.96
  353.04,   222.76,   722.95
  354.10,   222.84,   847.95
  352.98,   347.68,   597.87
  354.05,   347.76,   722.87
  355.11,   347.83,   847.86
  98.56,   223.59,   99.31
  97.92,   225.74,   224.29
  97.28,   227.90,   349.26
  100.14,   348.56,   97.16
  99.50,   350.71,   222.14
  98.86,   352.87,   347.12
  101.73,   473.53,   95.01
  101.08,   475.69,   219.99
  100.44,   477.84,   344.97
  223.55,   222.02,   99.98
  222.91,   224.17,   224.96
  222.26,   226.33,   349.94
  225.13,   346.99,   97.83
  224.49,   349.14,   222.81
  223.85,   351.30,   347.79
  226.71,   471.96,   95.68
  226.07,   474.11,   220.66
  225.43,   476.27,   345.64
  348.54,   220.45,   100.65
  347.90,   222.60,   225.63
  347.25,   224.76,   350.61
  350.12,   345.42,   98.50
  349.48,   347.57,   223.48
  348.83,   349.73,   348.46
  351.70,   470.39,   96.36
  351.06,   472.54,   221.33
  350.42,   474.70,   346.31
  100.98,   223.07,   226.13
  103.11,   225.30,   351.09
  105.23,   227.53,   476.05
  104.14,   348.01,   223.85
  106.26,   350.24,   348.81
  108.39,   352.47,   473.77
  107.29,   472.95,   221.56
  109.42,   475.18,   346.52
  111.55,   477.41,   471.49
  225.92,   219.88,   224.06
  228.05,   222.11,   349.02
  230.17,   224.34,   473.99
  229.08,   344.82,   221.78
  231.20,   347.05,   346.74
  233.33,   349.28,   471.70
  232.24,   469.76,   219.49
  234.36,   471.99,   344.46
  236.49,   474.22,   469.42
  350.86,   216.68,   221.99
  352.99,   218.91,   346.95
  355.12,   221.14,   471.92
  354.02,   341.62,   219.71
  356.15,   343.85,   344.67
  358.27,   346.08,   469.63
  357.18,   466.56,   217.42
  359.30,   468.79,   342.39
  361.43,   471.02,   467.35
  99.87,   226.40,   349.21
  100.87,   229.49,   474.16
  101.88,   232.58,   599.12
  97.97,   351.35,   346.13
  98.98,   354.44,   471.09
  99.98,   357.53,   596.05
  96.07,   476.30,   343.06
  97.08,   479.39,   468.02
  98.09,   482.48,   592.97
  224.85,   228.27,   348.15
  225.86,   231.36,   473.11
  226.86,   234.45,   598.07
  222.95,   353.22,   345.08
  223.96,   356.31,   470.04
  224.97,   359.40,   594.99
  221.05,   478.17,   342.00
  222.06,   481.26,   466.96
  223.07,   484.35,   591.92
  349.83,   230.15,   347.10
  350.84,   233.24,   472.06
  351.85,   236.33,   597.01
  347.93,   355.09,   344.02
  348.94,   358.18,   468.98
  349.95,   361.27,   593.94
  346.03,   480.04,   340.95
  347.04,   483.13,   465.91
  348.05,   486.22,   590.86
  98.03,   226.35,   476.30
  94.82,   223.34,   601.23
  91.61,   220.32,   726.15
  94.33,   351.26,   479.22
  91.11,   348.25,   604.15
  87.90,   345.23,   729.07
  90.62,   476.17,   482.14
  87.41,   473.16,   607.07
  84.19,   470.14,   731.99
  222.94,   229.98,   479.60
  219.72,   226.97,   604.53
  216.51,   223.95,   729.45
  219.23,   354.89,   482.52
  216.02,   351.88,   607.45
  212.80,   348.86,   732.37
  215.52,   479.80,   485.44
  212.31,   476.79,   610.37
  209.10,   473.77,   735.29
  347.84,   233.61,   482.90
  344.63,   230.59,   607.83
  341.41,   227.58,   732.75
  344.13,   358.52,   485.82
  340.92,   355.50,   610.74
  337.71,   352.49,   735.67
  340.43,   483.43,   488.74
  337.21,   480.42,   613.66
  334.00,   477.40,   738.59
  101.97,   223.97,   599.03
  103.25,   226.96,   723.99
  104.53,   229.96,   848.94
  104.75,   348.90,   596.01
  106.03,   351.89,   720.96
  107.31,   354.89,   845.92
  107.52,   473.83,   592.98
  108.80,   476.83,   717.94
  110.09,   479.82,   842.90
  226.93,   221.16,   597.81
  228.21,   224.15,   722.77
  229.49,   227.15,   847.73
  229.71,   346.09,   594.79
  230.99,   349.09,   719.75
  232.27,   352.08,   844.71
  232.49,   471.02,   591.77
  233.77,   474.02,   716.73
  235.05,   477.01,   841.68
  351.89,   218.35,   596.60
  353.17,   221.35,   721.56
  354.46,   224.34,   846.52
  354.67,   343.28,   593.58
  355.95,   346.28,   718.53
  357.23,   349.27,   843.49
  357.45,   468.22,   590.55
  358.73,   471.21,   715.51
  360.01,   474.21,   840.47
  101.10,   348.64,   100.32
  100.10,   349.09,   225.32
  99.09,   349.55,   350.31
  101.45,   473.63,   99.87
  100.45,   474.09,   224.86
  99.44,   474.55,   349.86
  101.80,   598.63,   99.41
  100.80,   599.09,   224.41
  99.79,   599.55,   349.40
  226.10,   348.29,   101.33
  225.09,   348.75,   226.32
  224.09,   349.21,   351.32
  226.45,   473.29,   100.87
  225.44,   473.75,   225.87
  224.44,   474.20,   350.86
  226.80,   598.29,   100.42
  225.79,   598.75,   225.41
  224.79,   599.20,   350.41
  351.09,   347.95,   102.33
  350.09,   348.40,   227.33
  349.09,   348.86,   352.32
  351.44,   472.95,   101.88
  350.44,   473.40,   226.87
  349.43,   473.86,   351.87
  351.79,   597.94,   101.43
  350.79,   598.40,   226.42
  349.78,   598.86,   351.42
  98.04,   348.44,   226.21
  101.65,   348.15,   351.16
  105.25,   347.86,   476.11
  97.77,   473.44,   226.51
  101.38,   473.15,   351.46
  104.98,   472.86,   476.40
  97.50,   598.43,   226.81
  101.10,   598.14,   351.76
  104.71,   597.85,   476.70
  222.99,   348.72,   222.61
  226.59,   348.42,   347.55
  230.20,   348.13,   472.50
  222.72,   473.71,   222.90
  226.32,   473.42,   347.85
  229.93,   473.13,   472.80
  222.45,   598.71,   223.20
  226.05,   598.42,   348.15
  229.66,   598.13,   473.10
  347.93,   348.99,   219.00
  351.54,   348.70,   343.95
  355.15,   348.41,   468.89
  347.66,   473.99,   219.30
  351.27,   473.70,   344.24
  354.88,   473.41,   469.19
  347.39,   598.99,   219.60
  351.00,   598.70,   344.54
  354.61,   598.41,   469.49
  100.56,   350.44,   348.63
  99.60,   352.94,   473.60
  98.65,   355.45,   598.57
  104.17,   475.36,   346.15
  103.22,   477.87,   471.12
  102.26,   480.37,   596.10
  107.79,   600.28,   343.67
  106.83,   602.79,   468.65
  105.88,   605.30,   593.62
  225.50,   346.84,   349.66
  224.55,   349.35,   474.63
  223.59,   351.86,   599.60
  229.12,   471.76,   347.18
  228.16,   474.27,   472.15
  227.21,   476.78,   597.12
  232.73,   596.69,   344.70
  231.78,   599.19,   469.67
  230.82,   601.70,   594.64
  350.45,   343.25,   350.69
  349.49,   345.75,   475.66
  348.54,   348.26,   600.63
  354.06,   468.17,   348.21
  353.11,   470.68,   473.18
  352.15,   473.18,   598.15
  357.68,   593.09,   345.73
  356.72,   595.60,   470.70
  355.76,   598.11,   595.67
  98.44,   348.90,   474.44
  95.52,   352.10,   599.36
  92.61,   355.30,   724.29
  99.04,   473.86,   471.25
  96.13,   477.06,   596.18
  93.21,   480.26,   721.10
  99.64,   598.82,   468.06
  96.73,   602.02,   592.99
  93.81,   605.22,   717.91
  223.41,   348.38,   477.37
  220.49,   351.58,   602.29
  217.57,   354.78,   727.22
  224.01,   473.33,   474.18
  221.09,   476.54,   599.11
  218.17,   479.74,   724.03
  224.61,   598.29,   471.00
  221.69,   601.49,   595.92
  218.77,   604.69,   720.85
  348.37,   347.85,   480.30
  345.45,   351.05,   605.23
  342.54,   354.25,   730.15
  348.97,   472.81,   477.11
  346.05,   476.01,   602.04
  343.14,   479.21,   726.96
  349.57,   597.77,   473.93
  346.66,   600.97,   598.85
  343.74,   604.17,   723.78
  101.04,   348.87,   600.43
  102.39,   347.48,   725.42
  103.74,   346.08,   850.40
  102.80,   473.85,   601.80
  104.15,   472.46,   726.79
  105.51,   471.06,   851.77
  104.57,   598.83,   603.18
  105.92,   597.44,   728.16
  107.27,   596.04,   853.15
  226.02,   347.12,   599.06
  227.37,   345.73,   724.04
  228.72,   344.33,   849.03
  227.78,   472.10,   600.43
  229.14,   470.71,   725.42
  230.49,   469.31,   850.40
  229.55,   597.08,   601.81
  230.90,   595.69,   726.79
  232.25,   594.29,   851.78
  351.00,   345.37,   597.69
  352.35,   343.98,   722.67
  353.70,   342.58,   847.66
  352.76,   470.35,   599.06
  354.12,   468.96,   724.05
  355.47,   467.56,   849.03
  354.53,   595.33,   600.44
  355.88,   593.94,   725.42
  357.23,   592.54,   850.40
  100.34,   476.36,   99.49
  97.80,   474.07,   224.44
  95.25,   471.77,   349.39
  101.24,   601.34,   101.80
  98.69,   599.04,   226.76
  96.14,   596.75,   351.71
  102.13,   726.31,   104.12
  99.58,   724.02,   229.07
  97.04,   721.72,   354.02
  225.31,   475.42,   102.02
  222.77,   473.13,   226.97
  220.22,   470.83,   351.92
  226.21,   600.40,   104.33
  223.66,   598.10,   229.28
  221.12,   595.81,   354.24
  227.10,   725.37,   106.65
  224.55,   723.08,   231.60
  222.01,   720.78,   356.55
  350.28,   474.48,   104.54
  347.74,   472.19,   229.50
  345.19,   469.89,   354.45
  351.18,   599.46,   106.86
  348.63,   597.16,   231.81
  346.09,   594.86,   356.77
  352.07,   724.43,   109.17
  349.53,   722.14,   234.13
  346.98,   719.84,   359.08
  101.59,   476.47,   226.32
  101.58,   478.27,   351.30
  101.58,   480.06,   476.29
  101.93,   601.46,   224.52
  101.93,   603.25,   349.51
  101.92,   605.05,   474.49
  102.28,   726.44,   222.72
  102.27,   728.24,   347.71
  102.26,   730.04,   472.70
  226.59,   476.13,   226.33
  226.58,   477.92,   351.32
  226.58,   479.72,   476.30
  226.93,   601.11,   224.53
  226.93,   602.91,   349.52
  226.92,   604.71,   474.51
  227.28,   726.10,   222.73
  227.27,   727.90,   347.72
  227.26,   729.70,   472.71
  351.59,   475.78,   226.34
  351.58,   477.58,   351.33
  351.57,   479.38,   476.32
  351.93,   600.77,   224.55
  351.93,   602.57,   349.53
  351.92,   604.37,   474.52
  352.28,   725.76,   222.75
  352.27,   727.56,   347.73
  352.26,   729.35,   472.72
  100.67,   473.75,   350.48
  104.03,   470.26,   475.38
  107.39,   466.76,   600.29
  97.74,   598.67,   354.05
  101.10,   595.17,   478.96
  104.46,   591.68,   603.86
  94.82,   723.58,   357.63
  98.18,   720.09,   482.53
  101.53,   716.59,   607.44
  225.59,   476.78,   347.20
  228.95,   473.28,   472.11
  232.31,   469.78,   597.01
  222.67,   601.69,   350.78
  226.02,   598.19,   475.68
  229.38,   594.70,   600.59
  219.74,   726.60,   354.35
  223.10,   723.11,   479.26
  226.45,   719.61,   604.16
  350.51,   479.80,   343.93
  353.87,   476.30,   468.83
  357.23,   472.81,   593.74
  347.59,   604.71,   347.50
  350.94,   601.22,   472.41
  354.30,   597.72,   597.31
  344.66,   729.63,   351.08
  348.02,   726.13,   475.98
  351.38,   722.63,   600.89
  101.66,   475.38,   474.97
  102.58,   474.10,   599.96
  103.50,   472.82,   724.95
  104.55,   600.34,   476.22
  105.47,   599.06,   601.21
  106.40,   597.78,   726.20
  107.44,   725.30,   477.47
  108.37,   724.02,   602.46
  109.29,   722.74,   727.45
  226.62,   472.49,   474.01
  227.54,   471.22,   599.00
  228.47,   469.94,   723.99
  229.51,   597.45,   475.27
  230.44,   596.18,   600.26
  231.36,   594.90,   725.25
  232.41,   722.41,   476.52
  233.33,   721.14,   601.51
  234.25,   719.86,   726.50
  351.58,   469.61,   473.06
  352.51,   468.33,   598.05
  353.43,   467.06,   723.04
  354.48,   594.57,   474.32
  355.40,   593.29,   599.31
  356.32,   592.02,   724.30
  357.37,   719.53,   475.57
  358.29,   718.25,   600.56
  359.22,   716.98,   725.55
  101.11,   473.57,   600.15
  101.62,   470.37,   725.11
  102.14,   467.17,   850.07
  100.31,   598.53,   603.36
  100.82,   595.33,   728.32
  101.34,   592.13,   853.27
  99.51,   723.49,   606.56
  100.02,   720.28,   731.52
  100.54,   717.08,   856.48
  226.11,   474.39,   599.66
  226.62,   471.18,   724.62
  227.13,   467.98,   849.58
  225.31,   599.34,   602.87
  225.82,   596.14,   727.82
  226.33,   592.94,   852.78
  224.51,   724.30,   606.07
  225.02,   721.10,   731.03
  225.53,   717.90,   855.99
  351.10,   475.20,   599.17
  351.62,   472.00,   724.13
  352.13,   468.80,   849.09
  350.30,   600.15,   602.37
  350.82,   596.95,   727.33
  351.33,   593.75,   852.29
  349.50,   725.11,   605.58
  350.02,   721.91,   730.54
  350.53,   718.71,   855.49
  98.08,   598.61,   101.42
  98.73,   594.95,   226.36
  99.39,   591.30,   351.31
  97.20,   723.56,   105.08
  97.86,   719.90,   230.03
  98.51,   716.24,   354.97
  96.33,   848.50,   108.74
  96.98,   844.84,   233.69
  97.64,   841.18,   358.63
  223.07,   599.51,   100.79
  223.73,   595.85,   225.73
  224.38,   592.19,   350.68
  222.20,   724.45,   104.45
  222.85,   720.79,   229.40
  223.51,   717.13,   354.34
  221.32,   849.39,   108.11
  221.98,   845.73,   233.06
  222.63,   842.08,   358.00
  348.07,   600.40,   100.16
  348.72,   596.74,   225.10
  349.38,   593.08,   350.05
  347.19,   725.34,   103.82
  347.85,   721.68,   228.77
  348.50,   718.03,   353.71
  346.32,   850.29,   107.48
  346.97,   846.63,   232.43
  347.63,   842.97,   357.37
  98.41,   598.87,   226.36
  96.31,   596.43,   351.31
  94.21,   593.99,   476.27
  99.92,   723.84,   228.82
  97.82,   721.39,   353.78
  95.72,   718.95,   478.74
  101.44,   848.80,   231.29
  99.34,   846.36,   356.25
  97.24,   843.92,   481.21
  223.38,   597.31,   228.43
  221.28,   594.87,   353.38
  219.18,   592.43,   478.34
  224.90,   722.28,   230.90
  222.80,   719.84,   355.85
  220.70,   717.39,   480.81
  226.41,   847.25,   233.36
  224.31,   844.80,   358.32
  222.21,   842.36,   483.28
  348.35,   595.76,   230.50
  346.25,   593.32,   355.46
  344.15,   590.87,   480.41
  349.87,   720.72,   232.97
  347.77,   718.28,   357.92
  345.67,   715.84,   482.88
  351.39,   845.69,   235.43
  349.28,   843.25,   360.39
  347.18,   840.80,   485.35
  101.92,   598.46,   349.96
  102.56,   600.39,   474.94
  103.19,   602.32,   599.93
  105.39,   723.40,   348.02
  106.02,   725.33,   473.00
  106.65,   727.26,   597.98
  108.85,   848.34,   346.07
  109.48,   850.27,   471.05
  110.11,   852.19,   596.04
  226.88,   594.99,   349.38
  227.51,   596.92,   474.37
  228.14,   598.85,   599.35
  230.34,   719.93,   347.44
  230.97,   721.86,   472.42
  231.60,   723.79,   597.41
  233.80,   844.87,   345.49
  234.43,   846.80,   470.48
  235.06,   848.72,   595.46
  351.83,   591.52,   348.81
  352.46,   593.45,   473.79
  353.09,   595.38,   598.77
  355.29,   716.46,   346.86
  355.92,   718.39,   471.85
  356.55,   720.32,   596.83
  358.75,   841.40,   344.92
  359.38,   843.32,   469.90
  360.01,   845.25,   594.88
  98.20,   599.36,   474.32
  101.36,   597.76,   599.27
  104.52,   596.16,   724.22
  97.37,   724.35,   475.94
  100.53,   722.75,   600.89
  103.69,   721.15,   725.84
  96.54,   849.33,   477.56
  99.70,   847.73,   602.51
  102.86,   846.13,   727.46
  223.16,   600.23,   471.17
  226.32,   598.63,   596.12
  229.48,   597.03,   721.07
  222.33,   725.22,   472.79
  225.49,   723.62,   597.74
  228.65,   722.02,   722.69
  221.50,   850.21,   474.41
  224.66,   848.61,   599.36
  227.82,   847.01,   724.31
  348.12,   601.10,   468.02
  351.28,   599.50,   592.97
  354.44,   597.91,   717.92
  347.29,   726.09,   469.64
  350.45,   724.49,   594.59
  353.61,   722.89,   719.54
  346.45,   851.08,   471.26
  349.62,   849.48,   596.21
  352.78,   847.88,   721.16
  101.78,   599.27,   599.71
  102.64,   597.75,   724.70
  103.51,   596.22,   849.69
  99.53,   724.24,   601.25
  100.39,   722.72,   726.24
  101.25,   721.19,   851.23
  97.27,   849.21,   602.79
  98.14,   847.69,   727.78
  99.00,   846.16,   852.77
  226.76,   601.54,   598.88
  227.62,   600.01,   723.86
  228.48,   598.49,   848.85
  224.50,   726.51,   600.42
  225.37,   724.98,   725.40
  226.23,   723.46,   850.39
  222.25,   851.48,   601.96
  223.11,   849.95,   726.94
  223.98,   848.43,   851.93
  351.73,   603.80,   598.04
  352.60,   602.27,   723.03
  353.46,   600.75,   848.02
  349.48,   728.77,   599.58
  350.34,   727.24,   724.57
  351.21,   725.72,   849.56
  347.23,   853.74,   601.12
  348.09,   852.21,   726.11
  348.95,   850.69,   851.10
  226.56,   101.46,   99.98
  227.94,   98.66,   224.94
  229.33,   95.86,   349.90
  229.60,   226.39,   102.75
  230.99,   223.59,   227.71
  232.37,   220.79,   352.67
  232.64,   351.32,   105.51
  234.03,   348.52,   230.47
  235.41,   345.72,   355.44
  351.51,   98.45,   98.53
  352.90,   95.65,   223.49
  354.28,   92.85,   348.45
  354.56,   223.38,   101.29
  355.94,   220.58,   226.26
  357.33,   217.78,   351.22
  357.60,   348.31,   104.06
  358.98,   345.51,   229.02
  360.37,   342.71,   353.98
  476.47,   95.44,   97.08
  477.85,   92.64,   222.04
  479.24,   89.84,   347.00
  479.51,   220.37,   99.84
  480.90,   217.57,   224.80
  482.28,   214.77,   349.76
  482.55,   345.30,   102.61
  483.94,   342.50,   227.57
  485.32,   339.70,   352.53
  226.42,   99.85,   223.90
  229.11,   96.26,   348.82
  231.81,   92.66,   473.74
  225.12,   224.79,   227.53
  227.81,   221.20,   352.45
  230.50,   217.60,   477.37
  223.82,   349.73,   231.15
  226.51,   346.14,   356.07
  229.20,   342.54,   480.99
  351.39,   101.23,   221.25
  354.08,   97.64,   346.17
  356.77,   94.04,   471.09
  350.08,   226.17,   224.87
  352.78,   222.58,   349.79
  355.47,   218.98,   474.71
  348.78,   351.11,   228.50
  351.47,   347.52,   353.42
  354.17,   343.92,   478.34
  476.35,   102.61,   218.60
  479.04,   99.02,   343.51
  481.74,   95.42,   468.43
  475.05,   227.55,   222.22
  477.74,   223.96,   347.14
  480.43,   220.36,   472.06
  473.74,   352.49,   225.84
  476.44,   348.90,   350.76
  479.13,   345.30,   475.68
  224.92,   100.39,   348.58
  223.49,   97.67,   473.54
  222.07,   94.94,   598.50
  227.85,   225.33,   351.34
  226.42,   222.60,   476.30
  224.99,   219.87,   601.26
  230.78,   350.26,   354.10
  229.35,   347.54,   479.06
  227.92,   344.81,   604.02
  349.88,   97.44,   349.94
  348.45,   94.71,   474.90
  347.02,   91.98,   599.87
  352.81,   222.37,   352.70
  351.38,   219.64,   477.66
  349.95,   216.92,   602.63
  355.73,   347.31,   355.46
  354.31,   344.58,   480.42
  352.88,   341.85,   605.39
  474.84,   94.48,   351.31
  473.41,   91.75,   476.27
  471.98,   89.02,   601.23
  477.76,   219.41,   354.07
  476.34,   216.68,   479.03
  474.91,   213.96,   603.99
  480.69,   344.35,   356.83
  479.26,   341.62,   481.79
  477.84,   338.89,   606.75
  225.32,   101.37,   475.75
  223.90,   101.76,   600.74
  222.47,   102.15,   725.74
  229.07,   226.31,   475.41
  227.64,   226.70,   600.40
  226.22,   227.09,   725.39
  232.81,   351.26,   475.06
  231.39,   351.65,   600.05
  229.96,   352.04,   725.04
  350.26,   97.63,   477.19
  348.84,   98.02,   602.18
  347.41,   98.41,   727.17
  354.01,   222.57,   476.84
  352.58,   222.96,   601.83
  351.15,   223.35,   726.82
  357.75,   347.52,   476.50
  356.32,   347.91,   601.49
  354.90,   348.30,   726.48
  475.20,   93.89,   478.63
  473.77,   94.28,   603.62
  472.35,   94.67,   728.61
  478.94,   218.83,   478.28
  477.52,   219.22,   603.27
  476.09,   219.61,   728.26
  482.69,   343.78,   477.93
  481.26,   344.17,   602.92
  479.84,   344.56,   727.91
  226.08,   100.58,   600.23
  228.45,   104.25,   725.15
  230.82,   107.91,   850.07
  228.66,   225.50,   596.51
  231.03,   229.16,   721.44
  233.40,   232.83,   846.36
  231.23,   350.42,   592.80
  233.60,   354.08,   717.72
  235.97,   357.75,   842.65
  351.03,   97.94,   597.93
  353.40,   101.60,   722.86
  355.77,   105.27,   847.78
  353.61,   222.86,   594.22
  355.98,   226.52,   719.14
  358.35,   230.19,   844.07
  356.18,   347.77,   590.51
  358.55,   351.44,   715.43
  360.92,   355.10,   840.35
  475.99,   95.29,   595.64
  478.36,   98.96,   720.56
  480.73,   102.62,   845.49
  478.56,   220.21,   591.93
  480.93,   223.88,   716.85
  483.30,   227.54,   841.78
  481.13,   345.13,   588.21
  483.50,   348.80,   713.14
  485.87,   352.46,   838.06
  224.47,   224.98,   98.92
  225.31,   222.02,   223.89
  226.16,   219.07,   348.85
  224.71,   349.94,   101.88
  225.55,   346.99,   226.84
  226.39,   344.03,   351.80
  224.94,   474.91,   104.83
  225.79,   471.95,   229.79
  226.63,   469.00,   354.75
  349.47,   224.76,   98.07
  350.31,   221.81,   223.04
  351.15,   218.85,   348.00
  349.70,   349.73,   101.03
  350.55,   346.77,   225.99
  351.39,   343.82,   350.95
  349.94,   474.69,   103.98
  350.78,   471.74,   228.94
  351.63,   468.78,   353.90
  474.46,   224.55,   97.23
  475.31,   221.59,   222.19
  476.15,   218.64,   347.15
  474.70,   349.51,   100.18
  475.54,   346.56,   225.14
  476.39,   343.60,   350.10
  474.94,   474.48,   103.13
  475.78,   471.52,   228.09
  476.62,   468.57,   353.05
  224.27,   226.47,   223.15
  223.18,   225.79,   348.14
  222.10,   225.12,   473.14
  222.78,   351.46,   223.81
  221.69,   350.78,   348.80
  220.61,   350.11,   473.80
  221.29,   476.45,   224.47
  220.21,   475.77,   349.47
  219.12,   475.10,   474.46
  349.26,   227.95,   224.24
  348.17,   227.28,   349.24
  347.08,   226.60,   474.23
  347.77,   352.94,   224.91
  346.68,   352.27,   349.90
  345.59,   351.59,   474.89
  346.28,   477.93,   225.57
  345.19,   477.25,   350.56
  344.11,   476.58,   475.55
  474.24,   229.43,   225.34
  473.16,   228.76,   350.33
  472.07,   228.08,   475.32
  472.75,   354.42,   226.00
  471.67,   353.75,   350.99
  470.58,   353.07,   475.99
  471.27,   479.41,   226.66
  470.18,   478.74,   351.66
  469.09,   478.06,   476.65
  225.18,   223.68,   349.15
  228.91,   225.44,   474.08
  232.64,   227.20,   599.02
  227.75,   348.64,   347.32
  231.48,   350.40,   472.25
  235.21,   352.16,   597.18
  230.33,   473.60,   345.48
  234.06,   475.36,   470.41
  237.79,   477.12,   595.34
  350.10,   221.05,   345.46
  353.83,   222.81,   470.39
  357.56,   224.57,   595.32
  352.67,   346.01,   343.62
  356.40,   347.77,   468.55
  360.13,   349.53,   593.49
  355.25,   470.97,   341.79
  358.98,   472.73,   466.72
  362.71,   474.49,   591.65
  475.01,   218.42,   341.77
  478.74,   220.18,   466.70
  482.47,   221.94,   591.63
  477.59,   343.38,   339.93
  481.32,   345.14,   464.86
  485.05,   346.90,   589.79
  480.16,   468.34,   338.09
  483.89,   470.10,   463.02
  487.62,   471.86,   587.96
  225.40,   226.39,   473.44
  223.98,   226.85,   598.43
  222.56,   227.31,   723.42
  228.56,   351.35,   473.02
  227.14,   351.81,   598.01
  225.72,   352.26,   723.00
  231.71,   476.31,   472.59
  230.30,   476.77,   597.58
  228.88,   477.22,   722.58
  350.35,   223.24,   474.87
  348.93,   223.69,   599.86
  347.51,   224.15,   724.85
  353.51,   348.20,   474.44
  352.09,   348.65,   599.44
  350.67,   349.11,   724.43
  356.67,   473.15,   474.02
  355.25,   473.61,   599.01
  353.83,   474.07,   724.00
  475.30,   220.08,   476.30
  473.88,   220.54,   601.29
  472.47,   221.00,   726.28
  478.46,   345.04,   475.87
  477.04,   345.50,   600.87
  475.62,   345.96,   725.86
  481.62,   470.00,   475.45
  480.20,   470.46,   600.44
  478.78,   470.92,   725.43
  224.96,   223.44,   599.87
  224.35,   220.63,   724.84
  223.74,   217.82,   849.81
  223.89,   348.40,   602.68
  223.28,   345.59,   727.64
  222.67,   342.78,   852.61
  222.83,   473.36,   605.48
  222.22,   470.56,   730.45
  221.61,   467.75,   855.41
  349.95,   224.49,   600.51
  349.34,   221.68,   725.47
  348.73,   218.87,   850.44
  348.89,   349.45,   603.31
  348.28,   346.64,   728.28
  347.67,   343.83,   853.24
  347.82,   474.42,   606.11
  347.21,   471.61,   731.08
  346.60,   468.80,   856.05
  474.95,   225.54,   601.14
  474.34,   222.73,   726.11
  473.73,   219.92,   851.07
  473.88,   350.50,   603.94
  473.27,   347.69,   728.91
  472.66,   344.89,   853.88
  472.82,   475.47,   606.75
  472.21,   472.66,   731.71
  471.60,   469.85,   856.68
  226.48,   351.46,   99.51
  223.66,   353.24,   224.47
  220.84,   355.02,   349.42
  224.02,   476.42,   97.67
  221.20,   478.20,   222.63
  218.38,   479.98,   347.58
  221.56,   601.38,   95.84
  218.74,   603.16,   220.79
  215.92,   604.95,   345.75
  351.42,   353.96,   102.30
  348.60,   355.74,   227.25
  345.78,   357.52,   352.21
  348.96,   478.92,   100.46
  346.14,   480.70,   225.41
  343.32,   482.48,   350.37
  346.50,   603.88,   98.62
  343.68,   605.66,   223.58
  340.86,   607.44,   348.53
  476.37,   356.46,   105.08
  473.55,   358.24,   230.04
  470.72,   360.02,   354.99
  473.91,   481.42,   103.24
  471.09,   483.20,   228.20
  468.27,   484.98,   353.15
  471.45,   606.38,   101.41
  468.63,   608.16,   226.36
  465.81,   609.94,   351.32
  225.50,   349.31,   226.29
  225.41,   347.62,   351.28
  225.32,   345.92,   476.27
  225.67,   474.30,   227.99
  225.58,   472.60,   352.97
  225.49,   470.91,   477.96
  225.85,   599.28,   229.68
  225.76,   597.59,   354.67
  225.67,   595.90,   479.65
  350.50,   349.13,   226.38
  350.41,   347.44,   351.37
  350.31,   345.74,   476.36
  350.67,   474.12,   228.07
  350.58,   472.42,   353.06
  350.49,   470.73,   478.05
  350.85,   599.10,   229.76
  350.76,   597.41,   354.75
  350.67,   595.72,   479.74
  475.49,   348.95,   226.47
  475.40,   347.26,   351.46
  475.31,   345.56,   476.45
  475.67,   473.93,   228.16
  475.58,   472.24,   353.15
  475.49,   470.55,   478.14
  475.85,   598.92,   229.85
  475.76,   597.23,   354.84
  475.67,   595.54,   479.83
  225.80,   350.54,   351.38
  222.75,   347.37,   476.30
  219.71,   344.19,   601.22
  227.06,   475.50,   354.58
  224.02,   472.32,   479.51
  220.97,   469.14,   604.43
  228.33,   600.45,   357.79
  225.28,   597.27,   482.71
  222.24,   594.09,   607.64
  350.76,   349.20,   354.39
  347.71,   346.02,   479.31
  344.67,   342.85,   604.23
  352.02,   474.15,   357.60
  348.97,   470.98,   482.52
  345.93,   467.80,   607.44
  353.28,   599.11,   360.80
  350.24,   595.93,   485.73
  347.19,   592.75,   610.65
  475.71,   347.86,   357.40
  472.67,   344.68,   482.32
  469.62,   341.51,   607.24
  476.98,   472.81,   360.61
  473.93,   469.63,   485.53
  470.89,   466.46,   610.45
  478.24,   597.76,   363.82
  475.20,   594.59,   488.74
  472.15,   591.41,   613.66
  225.96,   351.99,   474.67
  223.88,   349.60,   599.63
  221.81,   347.21,   724.58
  222.83,   476.93,   477.00
  220.75,   474.54,   601.96
  218.67,   472.15,   726.92
  219.70,   601.86,   479.34
  217.62,   599.48,   604.30
  215.54,   597.09,   729.26
  350.90,   355.08,   476.80
  348.83,   352.69,   601.76
  346.75,   350.30,   726.72
  347.77,   480.02,   479.14
  345.70,   477.63,   604.10
  343.62,   475.24,   729.06
  344.64,   604.96,   481.47
  342.56,   602.57,   606.43
  340.49,   600.18,   731.39
  475.85,   358.17,   478.94
  473.77,   355.78,   603.90
  471.69,   353.40,   728.86
  472.72,   483.11,   481.27
  470.64,   480.72,   606.23
  468.56,   478.34,   731.19
  469.58,   608.05,   483.61
  467.51,   605.66,   608.57
  465.43,   603.27,   733.53
  224.82,   351.68,   598.78
  221.69,   349.84,   723.73
  218.57,   347.99,   848.68
  226.42,   476.65,   600.66
  223.29,   474.81,   725.61
  220.16,   472.97,   850.56
  228.02,   601.63,   602.54
  224.89,   599.79,   727.49
  221.76,   597.95,   852.44
  349.77,   350.03,   601.89
  346.64,   348.19,   726.83
  343.52,   346.35,   851.78
  351.37,   475.01,   603.77
  348.24,   473.17,   728.72
  345.11,   471.33,   853.66
  352.97,   599.98,   605.65
  349.84,   598.14,   730.60
  346.71,   596.30,   855.54
  474.72,   348.39,   604.99
  471.60,   346.55,   729.94
  468.47,   344.71,   854.89
  476.32,   473.37,   606.87
  473.19,   471.53,   731.82
  470.06,   469.68,   856.77
  477.92,   598.34,   608.75
  474.79,   596.50,   733.70
  471.66,   594.66,   858.65
  225.62,   475.23,   98.08
  223.11,   474.27,   223.05
  220.59,   473.30,   348.02
  225.48,   600.23,   99.04
  222.96,   599.26,   224.01
  220.45,   598.30,   348.98
  225.33,   725.23,   100.00
  222.82,   724.26,   224.97
  220.31,   723.29,   349.94
  350.60,   475.36,   100.59
  348.08,   474.39,   225.56
  345.57,   473.43,   350.53
  350.45,   600.35,   101.55
  347.94,   599.39,   226.52
  345.42,   598.42,   351.50
  350.31,   725.35,   102.52
  347.79,   724.38,   227.49
  345.28,   723.42,   352.46
  475.57,   475.48,   103.10
  473.06,   474.52,   228.08
  470.54,   473.55,   353.05
  475.43,   600.48,   104.07
  472.91,   599.51,   229.04
  470.40,   598.55,   354.01
  475.28,   725.48,   105.03
  472.77,   724.51,   230.00
  470.25,   723.54,   354.97
  226.41,   473.06,   225.82
  224.77,   473.70,   350.81
  223.12,   474.33,   475.80
  223.45,   598.03,   225.15
  221.80,   598.66,   350.14
  220.16,   599.29,   475.13
  220.48,   722.99,   224.48
  218.84,   723.62,   349.47
  217.19,   724.25,   474.46
  351.37,   476.04,   227.45
  349.72,   476.67,   352.44
  348.08,   477.30,   477.43
  348.40,   601.00,   226.78
  346.76,   601.63,   351.77
  345.11,   602.26,   476.76
  345.44,   725.96,   226.11
  343.79,   726.59,   351.10
  342.15,   727.23,   476.09
  476.32,   479.01,   229.08
  474.67,   479.64,   354.07
  473.03,   480.27,   479.06
  473.36,   603.97,   228.41
  471.71,   604.60,   353.40
  470.07,   605.24,   478.39
  470.39,   728.93,   227.74
  468.75,   729.57,   352.73
  467.10,   730.20,   477.72
  224.71,   474.18,   350.58
  225.87,   470.60,   475.52
  227.02,   467.03,   600.46
  222.73,   599.11,   354.17
  223.89,   595.54,   479.11
  225.04,   591.96,   604.06
  220.75,   724.04,   357.76
  221.91,   720.47,   482.70
  223.06,   716.90,   607.65
  349.69,   476.19,   349.48
  350.85,   472.62,   474.42
  352.00,   469.04,   599.37
  347.71,   601.12,   353.07
  348.87,   597.55,   478.01
  350.02,   593.97,   602.96
  345.73,   726.06,   356.66
  346.89,   722.48,   481.61
  348.04,   718.91,   606.55
  474.67,   478.20,   348.38
  475.82,   474.63,   473.32
  476.98,   471.05,   598.27
  472.69,   603.13,   351.97
  473.85,   599.56,   476.92
  475.00,   595.99,   601.86
  470.71,   728.07,   355.57
  471.87,   724.49,   480.51
  473.02,   720.92,   605.45
  222.99,   474.22,   476.90
  219.44,   471.40,   601.82
  215.89,   468.57,   726.74
  225.19,   599.17,   479.79
  221.64,   596.34,   604.71
  218.09,   593.52,   729.63
  227.39,   724.11,   482.68
  223.84,   721.29,   607.59
  220.28,   718.47,   732.51
  347.92,   471.94,   480.41
  344.37,   469.12,   605.32
  340.82,   466.30,   730.24
  350.12,   596.89,   483.29
  346.57,   594.07,   608.21
  343.02,   591.24,   733.13
  352.32,   721.84,   486.18
  348.77,   719.01,   611.09
  345.21,   716.19,   736.01
  472.85,   469.66,   483.91
  469.30,   466.84,   608.82
  465.75,   464.02,   733.74
  475.05,   594.61,   486.79
  471.50,   591.79,   611.71
  467.95,   588.96,   736.63
  477.25,   719.56,   489.68
  473.70,   716.73,   614.60
  470.14,   713.91,   739.51
  226.18,   476.88,   598.02
  223.96,   476.68,   723.00
  221.73,   476.48,   847.98
  225.41,   601.87,   598.21
  223.18,   601.68,   723.19
  220.96,   601.48,   848.17
  224.63,   726.87,   598.39
  222.41,   726.67,   723.37
  220.18,   726.48,   848.35
  351.16,   477.65,   600.25
  348.94,   477.45,   725.23
  346.71,   477.26,   850.21
  350.39,   602.65,   600.43
  348.16,   602.45,   725.41
  345.93,   602.25,   850.39
  349.61,   727.64,   600.62
  347.38,   727.45,   725.60
  345.16,   727.25,   850.58
  476.14,   478.42,   602.48
  473.91,   478.22,   727.46
  471.69,   478.03,   852.44
  475.36,   603.42,   602.66
  473.14,   603.22,   727.64
  470.91,   603.03,   852.62
  474.59,   728.42,   602.84
  472.36,   728.22,   727.82
  470.14,   728.02,   852.80
  226.33,   599.22,   101.43
  227.99,   597.63,   226.41
  229.65,   596.05,   351.39
  225.69,   724.21,   103.03
  227.35,   722.62,   228.01
  229.01,   721.03,   352.99
  225.04,   849.20,   104.62
  226.71,   847.61,   229.60
  228.37,   846.02,   354.58
  351.32,   599.88,   99.78
  352.98,   598.30,   224.76
  354.64,   596.71,   349.74
  350.67,   724.87,   101.37
  352.34,   723.29,   226.35
  354.00,   721.70,   351.33
  350.03,   849.86,   102.97
  351.69,   848.27,   227.95
  353.36,   846.69,   352.93
  476.30,   600.55,   98.12
  477.97,   598.96,   223.10
  479.63,   597.37,   348.08
  475.66,   725.54,   99.72
  477.32,   723.95,   224.70
  478.99,   722.36,   349.68
  475.02,   850.53,   101.31
  476.68,   848.94,   226.29
  478.34,   847.35,   351.27
  224.40,   599.50,   225.78
  226.79,   601.12,   350.74
  229.19,   602.75,   475.71
  227.09,   724.46,   224.10
  229.48,   726.08,   349.07
  231.88,   727.71,   474.03
  229.78,   849.42,   222.42
  232.17,   851.04,   347.39
  234.57,   852.67,   472.36
  349.35,   596.78,   223.42
  351.74,   598.40,   348.38
  354.14,   600.03,   473.35
  352.04,   721.74,   221.74
  354.43,   723.36,   346.71
  356.83,   724.99,   471.67
  354.73,   846.70,   220.06
  357.12,   848.32,   345.03
  359.52,   849.95,   469.99
  474.29,   594.06,   221.06
  476.69,   595.68,   346.02
  479.09,   597.31,   470.99
  476.98,   719.02,   219.38
  479.38,   720.64,   344.35
  481.78,   722.27,   469.31
  479.67,   843.97,   217.70
  482.07,   845.60,   342.67
  484.47,   847.23,   467.63
  225.73,   599.28,   351.48
  228.58,   597.66,   476.43
  231.43,   596.03,   601.39
  226.05,   724.27,   353.09
  228.90,   722.65,   478.05
  231.75,   721.02,   603.01
  226.37,   849.26,   354.71
  229.22,   847.63,   479.67
  232.07,   846.01,   604.62
  350.70,   599.00,   348.62
  353.55,   597.37,   473.58
  356.39,   595.75,   598.54
  351.02,   723.99,   350.24
  353.86,   722.36,   475.20
  356.71,   720.74,   600.15
  351.33,   848.98,   351.86
  354.18,   847.35,   476.82
  357.03,   845.73,   601.77
  475.66,   598.72,   345.77
  478.51,   597.09,   470.73
  481.36,   595.47,   595.68
  475.98,   723.71,   347.39
  478.83,   722.08,   472.34
  481.68,   720.46,   597.30
  476.30,   848.69,   349.01
  479.15,   847.07,   473.96
  482.00,   845.45,   598.92
  223.81,   598.19,   476.96
  226.62,   595.50,   601.90
  229.43,   592.82,   726.84
  224.50,   723.16,   479.63
  227.31,   720.47,   604.57
  230.11,   717.79,   729.51
  225.18,   848.13,   482.30
  227.99,   845.44,   607.24
  230.80,   842.76,   732.18
  348.78,   597.57,   474.14
  351.59,   594.88,   599.08
  354.39,   592.19,   724.02
  349.47,   722.54,   476.81
  352.27,   719.85,   601.75
  355.08,   717.16,   726.69
  350.15,   847.51,   479.48
  352.96,   844.82,   604.42
  355.76,   842.13,   729.36
  473.75,   596.94,   471.32
  476.55,   594.26,   596.26
  479.36,   591.57,   721.20
  474.43,   721.91,   473.99
  477.24,   719.23,   598.93
  480.05,   716.54,   723.87
  475.12,   846.88,   476.66
  477.92,   844.20,   601.60
  480.73,   841.51,   726.54
  226.52,   600.06,   599.67
  223.93,   599.97,   724.64
  221.34,   599.89,   849.62
  225.61,   725.05,   599.74
  223.02,   724.97,   724.71
  220.43,   724.89,   849.68
  224.70,   850.05,   599.80
  222.12,   849.97,   724.77
  219.53,   849.88,   849.75
  351.49,   600.96,   602.26
  348.90,   600.88,   727.23
  346.31,   600.79,   852.21
  350.58,   725.96,   602.33
  347.99,   725.87,   727.30
  345.40,   725.79,   852.27
  349.67,   850.95,   602.39
  347.09,   850.87,   727.36
  344.50,   850.79,   852.34
  476.46,   601.86,   604.85
  473.87,   601.78,   729.82
  471.28,   601.70,   854.80
  475.55,   726.86,   604.92
  472.96,   726.78,   729.89
  470.37,   726.69,   854.86
  474.64,   851.86,   604.98
  472.05,   851.77,   729.95
  469.47,   851.69,   854.93
  349.68,   98.05,   100.78
  350.13,   95.59,   225.75
  350.57,   93.13,   350.73
  348.61,   223.02,   103.24
  349.05,   220.56,   228.22
  349.50,   218.10,   353.19
  347.54,   347.99,   105.70
  347.98,   345.53,   230.68
  348.42,   343.07,   355.65
  474.68,   99.13,   100.36
  475.12,   96.67,   225.33
  475.56,   94.21,   350.31
  473.60,   224.10,   102.82
  474.05,   221.64,   227.79
  474.49,   219.18,   352.77
  472.53,   349.07,   105.28
  472.98,   346.61,   230.25
  473.42,   344.15,   355.23
  599.67,   100.21,   99.93
  600.11,   97.75,   224.91
  600.56,   95.29,   349.88
  598.60,   225.18,   102.40
  599.04,   222.72,   227.37
  599.49,   220.26,   352.35
  597.53,   350.15,   104.86
  597.97,   347.69,   229.83
  598.41,   345.23,   354.81
  351.47,   99.76,   226.52
  354.17,   100.53,   351.48
  356.87,   101.30,   476.45
  348.56,   224.73,   225.81
  351.26,   225.49,   350.78
  353.96,   226.26,   475.75
  345.65,   349.69,   225.11
  348.34,   350.46,   350.07
  351.04,   351.23,   475.04
  476.41,   102.66,   223.80
  479.11,   103.43,   348.77
  481.81,   104.20,   473.74
  473.50,   227.62,   223.10
  476.19,   228.39,   348.06
  478.89,   229.16,   473.03
  470.58,   352.59,   222.39
  473.28,   353.36,   347.36
  475.98,   354.12,   472.33
  601.35,   105.56,   221.09
  604.04,   106.33,   346.06
  606.74,   107.09,   471.02
  598.43,   230.52,   220.38
  601.13,   231.29,   345.35
  603.83,   232.06,   470.32
  595.52,   355.49,   219.68
  598.22,   356.25,   344.64
  600.92,   357.02,   469.61
  350.48,   100.64,   350.67
  352.79,   97.71,   475.61
  355.09,   94.78,   600.55
  351.54,   225.60,   353.57
  353.85,   222.67,   478.52
  356.15,   219.74,   603.46
  352.60,   350.56,   356.48
  354.91,   347.63,   481.43
  357.21,   344.70,   606.37
  475.45,   99.63,   348.33
  477.76,   96.70,   473.28
  480.07,   93.78,   598.22
  476.51,   224.59,   351.24
  478.82,   221.66,   476.19
  481.13,   218.74,   601.13
  477.57,   349.55,   354.15
  479.88,   346.63,   479.09
  482.19,   343.70,   604.04
  600.43,   98.63,   346.00
  602.73,   95.70,   470.94
  605.04,   92.77,   595.89
  601.49,   223.59,   348.91
  603.79,   220.66,   473.85
  606.10,   217.73,   598.80
  602.55,   348.55,   351.82
  604.85,   345.62,   476.76
  607.16,   342.69,   601.71
  350.03,   98.59,   473.75
  349.52,   96.50,   598.73
  349.01,   94.42,   723.71
  350.30,   223.57,   475.84
  349.78,   221.49,   600.82
  349.27,   219.40,   725.80
  350.56,   348.56,   477.93
  350.05,   346.47,   602.91
  349.53,   344.38,   727.89
  475.03,   98.32,   474.26
  474.52,   96.23,   599.24
  474.00,   94.14,   724.22
  475.30,   223.30,   476.35
  474.78,   221.21,   601.33
  474.27,   219.13,   726.31
  475.56,   348.28,   478.44
  475.05,   346.20,   603.42
  474.53,   344.11,   728.40
  600.03,   98.05,   474.77
  599.52,   95.96,   599.75
  599.00,   93.87,   724.73
  600.30,   223.03,   476.86
  599.78,   220.94,   601.84
  599.27,   218.85,   726.82
  600.56,   348.01,   478.95
  600.05,   345.92,   603.93
  599.53,   343.84,   728.91
  349.59,   100.51,   598.90
  351.19,   100.77,   723.89
  352.79,   101.02,   848.88
  346.93,   225.48,   598.68
  348.53,   225.74,   723.67
  350.13,   226.00,   848.66
  344.26,   350.45,   598.46
  345.86,   350.71,   723.45
  347.46,   350.97,   848.43
  474.55,   103.17,   597.30
  476.15,   103.43,   722.29
  477.75,   103.69,   847.28
  471.89,   228.14,   597.07
  473.49,   228.40,   722.06
  475.09,   228.66,   847.05
  469.22,   353.11,   596.85
  470.82,   353.37,   721.84
  472.42,   353.63,   846.83
  599.51,   105.83,   595.69
  601.11,   106.09,   720.68
  602.71,   106.35,   845.67
  596.85,   230.80,   595.47
  598.45,   231.06,   720.46
  600.05,   231.32,   845.45
  594.18,   355.78,   595.24
  595.78,   356.03,   720.23
  597.38,   356.29,   845.22
  350.86,   223.01,   101.11
  352.92,   219.88,   226.05
  354.97,   216.75,   350.99
  352.29,   347.97,   104.22
  354.34,   344.83,   229.16
  356.40,   341.70,   354.10
  353.71,   472.92,   107.33
  355.77,   469.79,   232.27
  357.82,   466.65,   357.21
  475.84,   221.64,   99.02
  477.89,   218.51,   223.96
  479.95,   215.37,   348.90
  477.26,   346.59,   102.13
  479.32,   343.46,   227.07
  481.37,   340.33,   352.01
  478.69,   471.55,   105.24
  480.74,   468.41,   230.18
  482.80,   465.28,   355.12
  600.81,   220.27,   96.93
  602.87,   217.14,   221.87
  604.92,   214.00,   346.81
  602.24,   345.22,   100.04
  604.29,   342.09,   224.98
  606.35,   338.96,   349.92
  603.66,   470.17,   103.15
  605.72,   467.04,   228.09
  607.77,   463.91,   353.03
  349.54,   223.30,   224.89
  351.38,   226.14,   349.85
  353.21,   228.98,   474.80
  346.97,   348.24,   222.09
  348.81,   351.08,   347.05
  350.65,   353.92,   472.00
  344.41,   473.18,   219.29
  346.25,   476.02,   344.24
  348.08,   478.86,   469.20
  474.50,   225.82,   223.00
  476.34,   228.66,   347.95
  478.17,   231.50,   472.91
  471.93,   350.76,   220.20
  473.77,   353.60,   345.15
  475.61,   356.44,   470.10
  469.37,   475.70,   217.39
  471.21,   478.54,   342.35
  473.04,   481.39,   467.30
  599.46,   228.34,   221.10
  601.30,   231.18,   346.06
  603.13,   234.02,   471.01
  596.89,   353.28,   218.30
  598.73,   356.13,   343.26
  600.57,   358.97,   468.21
  594.33,   478.23,   215.50
  596.17,   481.07,   340.45
  598.00,   483.91,   465.41
  351.02,   223.64,   351.83
  349.52,   219.97,   476.77
  348.01,   216.29,   601.71
  352.65,   348.58,   355.53
  351.15,   344.90,   480.47
  349.65,   341.22,   605.40
  354.29,   473.51,   359.23
  352.79,   469.84,   484.16
  351.28,   466.16,   609.10
  476.00,   221.97,   353.29
  474.50,   218.29,   478.23
  472.99,   214.61,   603.16
  477.63,   346.90,   356.98
  476.13,   343.22,   481.92
  474.63,   339.55,   606.86
  479.27,   471.83,   360.68
  477.77,   468.16,   485.62
  476.26,   464.48,   610.56
  600.98,   220.29,   354.74
  599.48,   216.61,   479.68
  597.97,   212.93,   604.62
  602.61,   345.22,   358.44
  601.11,   341.54,   483.38
  599.61,   337.87,   608.31
  604.25,   470.16,   362.14
  602.75,   466.48,   487.07
  601.24,   462.80,   612.01
  350.90,   226.39,   476.12
  352.11,   228.80,   601.09
  353.31,   231.21,   726.06
  352.84,   351.36,   473.70
  354.04,   353.76,   598.67
  355.25,   356.17,   723.64
  354.77,   476.32,   471.27
  355.97,   478.72,   596.24
  357.18,   481.13,   721.21
  475.88,   224.44,   474.95
  477.09,   226.84,   599.92
  478.29,   229.25,   724.90
  477.82,   349.40,   472.53
  479.02,   351.81,   597.50
  480.23,   354.21,   722.47
  479.75,   474.36,   470.11
  480.95,   476.77,   595.08
  482.16,   479.17,   720.05
  600.86,   222.48,   473.79
  602.07,   224.89,   598.76
  603.27,   227.30,   723.73
  602.79,   347.45,   471.36
  604.00,   349.85,   596.33
  605.20,   352.26,   721.30
  604.73,   472.41,   468.94
  605.93,   474.81,   593.91
  607.14,   477.22,   718.88
  350.88,   224.66,   598.81
  349.04,   224.68,   723.79
  347.20,   224.69,   848.78
  353.45,   349.63,   598.83
  351.61,   349.65,   723.82
  349.77,   349.67,   848.80
  356.02,   474.61,   598.85
  354.18,   474.62,   723.84
  352.34,   474.64,   848.82
  475.84,   222.09,   600.65
  474.00,   222.11,   725.64
  472.16,   222.12,   850.62
  478.41,   347.06,   600.67
  476.57,   347.08,   725.66
  474.73,   347.10,   850.65
  480.98,   472.04,   600.69
  479.14,   472.05,   725.68
  477.30,   472.07,   850.67
  600.80,   219.52,   602.50
  598.96,   219.54,   727.48
  597.12,   219.55,   852.47
  603.37,   344.49,   602.52
  601.53,   344.51,   727.50
  599.69,   344.53,   852.49
  605.94,   469.47,   602.54
  604.10,   469.48,   727.52
  602.26,   469.50,   852.51
  351.04,   348.77,   98.48
  351.34,   352.47,   223.43
  351.64,   356.16,   348.37
  353.29,   473.70,   94.78
  353.59,   477.39,   219.73
  353.89,   481.09,   344.67
  355.54,   598.62,   91.08
  355.84,   602.32,   216.03
  356.14,   606.01,   340.97
  476.02,   346.52,   98.25
  476.32,   350.21,   223.19
  476.62,   353.91,   348.14
  478.27,   471.44,   94.55
  478.57,   475.14,   219.49
  478.87,   478.83,   344.44
  480.52,   596.37,   90.85
  480.82,   600.06,   215.79
  481.12,   603.76,   340.74
  601.00,   344.26,   98.01
  601.30,   347.96,   222.96
  601.60,   351.65,   347.90
  603.25,   469.19,   94.31
  603.55,   472.88,   219.26
  603.85,   476.58,   344.20
  605.49,   594.11,   90.61
  605.80,   597.81,   215.56
  606.10,   601.50,   340.50
  351.37,   349.18,   226.20
  353.28,   352.82,   351.13
  355.19,   356.46,   476.06
  354.87,   474.08,   222.50
  356.78,   477.72,   347.44
  358.69,   481.36,   472.37
  358.37,   598.98,   218.81
  360.28,   602.61,   343.75
  362.19,   606.25,   468.68
  476.31,   345.63,   224.39
  478.22,   349.27,   349.32
  480.13,   352.91,   474.26
  479.81,   470.53,   220.70
  481.72,   474.16,   345.63
  483.62,   477.80,   470.56
  483.31,   595.42,   217.01
  485.22,   599.06,   341.94
  487.12,   602.70,   466.87
  601.25,   342.08,   222.59
  603.15,   345.71,   347.52
  605.06,   349.35,   472.45
  604.74,   466.97,   218.89
  606.65,   470.61,   343.83
  608.56,   474.25,   468.76
  608.24,   591.87,   215.20
  610.15,   595.51,   340.14
  612.06,   599.15,   465.07
  351.54,   351.22,   350.77
  354.61,   347.57,   475.68
  357.68,   343.93,   600.59
  351.58,   476.16,   354.41
  354.65,   472.52,   479.32
  357.71,   468.88,   604.23
  351.61,   601.11,   358.05
  354.68,   597.47,   482.96
  357.75,   593.83,   607.87
  476.51,   351.27,   347.70
  479.57,   347.63,   472.61
  482.64,   343.99,   597.52
  476.54,   476.22,   351.34
  479.61,   472.58,   476.25
  482.67,   468.93,   601.16
  476.57,   601.17,   354.99
  479.64,   597.52,   479.90
  482.71,   593.88,   604.81
  601.47,   351.33,   344.63
  604.54,   347.69,   469.54
  607.60,   344.04,   594.45
  601.50,   476.28,   348.28
  604.57,   472.63,   473.19
  607.64,   468.99,   598.10
  601.54,   601.22,   351.92
  604.60,   597.58,   476.83
  607.67,   593.94,   601.74
  351.24,   350.18,   474.94
  352.01,   353.10,   599.90
  352.77,   356.01,   724.86
  350.07,   475.14,   472.03
  350.83,   478.06,   596.99
  351.60,   480.97,   721.96
  348.89,   600.10,   469.12
  349.66,   603.02,   594.08
  350.42,   605.94,   719.05
  476.23,   351.34,   474.14
  477.00,   354.25,   599.11
  477.76,   357.17,   724.07
  475.06,   476.30,   471.24
  475.82,   479.22,   596.20
  476.59,   482.13,   721.16
  473.89,   601.26,   468.33
  474.65,   604.18,   593.29
  475.42,   607.09,   718.25
  601.23,   352.50,   473.35
  601.99,   355.41,   598.31
  602.76,   358.33,   723.28
  600.05,   477.46,   470.44
  600.82,   480.37,   595.41
  601.58,   483.29,   720.37
  598.88,   602.42,   467.54
  599.64,   605.33,   592.50
  600.41,   608.25,   717.46
  351.62,   348.01,   600.88
  353.56,   348.12,   725.87
  355.50,   348.24,   850.85
  353.68,   472.99,   600.74
  355.62,   473.11,   725.72
  357.56,   473.22,   850.70
  355.73,   597.97,   600.59
  357.67,   598.09,   725.57
  359.61,   598.21,   850.56
  476.59,   345.95,   598.95
  478.53,   346.07,   723.93
  480.47,   346.18,   848.91
  478.64,   470.93,   598.80
  480.59,   471.05,   723.78
  482.53,   471.17,   848.77
  480.70,   595.92,   598.65
  482.64,   596.03,   723.63
  484.58,   596.15,   848.62
  601.56,   343.89,   597.01
  603.50,   344.01,   721.99
  605.44,   344.13,   846.98
  603.61,   468.88,   596.86
  605.55,   468.99,   721.84
  607.49,   469.11,   846.83
  605.67,   593.86,   596.71
  607.61,   593.98,   721.69
  609.55,   594.09,   846.68
  351.28,   476.90,   99.49
  352.85,   476.18,   224.47
  354.41,   475.45,   349.46
  352.40,   601.90,   100.20
  353.96,   601.17,   225.19
  355.52,   600.44,   350.18
  353.51,   726.89,   100.92
  355.07,   726.16,   225.90
  356.63,   725.43,   350.89
  476.27,   475.80,   97.92
  477.83,   475.07,   222.91
  479.39,   474.34,   347.89
  477.38,   600.79,   98.63
  478.94,   600.07,   223.62
  480.50,   599.34,   348.61
  478.49,   725.79,   99.35
  480.05,   725.06,   224.34
  481.62,   724.33,   349.33
  601.25,   474.70,   96.35
  602.82,   473.97,   221.34
  604.38,   473.24,   346.33
  602.37,   599.69,   97.07
  603.93,   598.96,   222.05
  605.49,   598.23,   347.04
  603.48,   724.68,   97.78
  605.04,   723.96,   222.77
  606.60,   723.23,   347.76
  351.21,   476.31,   223.94
  348.86,   479.11,   348.88
  346.51,   481.91,   473.83
  351.54,   601.27,   221.14
  349.19,   604.08,   346.08
  346.84,   606.88,   471.03
  351.87,   726.24,   218.34
  349.52,   729.05,   343.29
  347.17,   731.85,   468.23
  476.18,   476.03,   226.29
  473.84,   478.83,   351.24
  471.49,   481.64,   476.18
  476.51,   601.00,   223.49
  474.17,   603.80,   348.44
  471.82,   606.60,   473.39
  476.84,   725.97,   220.70
  474.50,   728.77,   345.64
  472.15,   731.57,   470.59
  601.16,   475.75,   228.65
  598.81,   478.55,   353.59
  596.47,   481.36,   478.54
  601.49,   600.72,   225.85
  599.14,   603.52,   350.79
  596.80,   606.33,   475.74
  601.82,   725.69,   223.05
  599.47,   728.49,   348.00
  597.13,   731.29,   472.94
  348.58,   473.79,   349.99
  350.97,   472.17,   474.96
  353.36,   470.56,   599.93
  345.57,   598.74,   351.67
  347.96,   597.13,   476.63
  350.35,   595.51,   601.60
  342.56,   723.70,   353.34
  344.95,   722.08,   478.31
  347.33,   720.46,   603.27
  473.52,   476.83,   347.65
  475.91,   475.22,   472.61
  478.30,   473.60,   597.58
  470.51,   601.79,   349.32
  472.90,   600.17,   474.29
  475.29,   598.55,   599.25
  467.50,   726.74,   350.99
  469.89,   725.12,   475.96
  472.28,   723.51,   600.93
  598.46,   479.88,   345.30
  600.85,   478.26,   470.26
  603.24,   476.64,   595.23
  595.45,   604.83,   346.97
  597.84,   603.21,   471.94
  600.23,   601.60,   596.90
  592.44,   729.78,   348.64
  594.83,   728.17,   473.61
  597.22,   726.55,   598.58
  351.49,   474.61,   475.92
  354.19,   475.72,   600.89
  356.90,   476.83,   725.85
  349.92,   599.60,   474.84
  352.62,   600.71,   599.81
  355.32,   601.82,   724.77
  348.34,   724.58,   473.77
  351.05,   725.69,   598.73
  353.75,   726.80,   723.70
  476.45,   476.16,   473.20
  479.15,   477.27,   598.17
  481.86,   478.38,   723.13
  474.88,   601.15,   472.13
  477.58,   602.26,   597.09
  480.28,   603.37,   722.06
  473.30,   726.13,   471.05
  476.01,   727.24,   596.02
  478.71,   728.35,   720.98
  601.41,   477.71,   470.49
  604.11,   478.82,   595.45
  606.82,   479.93,   720.42
  599.84,   602.70,   469.41
  602.54,   603.81,   594.38
  605.24,   604.92,   719.34
  598.26,   727.68,   468.33
  600.97,   728.79,   593.30
  603.67,   729.90,   718.26
  348.37,   475.64,   600.25
  346.01,   475.09,   725.23
  343.65,   474.55,   850.20
  347.76,   600.64,   600.79
  345.41,   600.09,   725.76
  343.05,   599.54,   850.74
  347.16,   725.63,   601.32
  344.81,   725.09,   726.30
  342.45,   724.54,   851.27
  473.34,   476.23,   602.61
  470.99,   475.68,   727.59
  468.63,   475.14,   852.56
  472.74,   601.23,   603.14
  470.38,   600.68,   728.12
  468.03,   600.14,   853.10
  472.14,   726.23,   603.68
  469.78,   725.68,   728.65
  467.43,   725.13,   853.63
  598.32,   476.82,   604.97
  595.96,   476.28,   729.95
  593.61,   475.73,   854.92
  597.72,   601.82,   605.50
  595.36,   601.27,   730.48
  593.01,   600.73,   855.46
  597.11,   726.82,   606.04
  594.76,   726.27,   731.01
  592.40,   725.73,   855.99
  350.72,   599.85,   98.92
  349.12,   603.59,   223.85
  347.51,   607.32,   348.79
  352.58,   724.78,   95.21
  350.98,   728.52,   220.14
  349.37,   732.25,   345.08
  354.44,   849.71,   91.50
  352.83,   853.45,   216.43
  351.23,   857.18,   341.37
  475.70,   598.04,   100.58
  474.09,   601.78,   225.51
  472.49,   605.51,   350.45
  477.55,   722.97,   96.87
  475.95,   726.71,   221.80
  474.35,   730.44,   346.73
  479.41,   847.90,   93.16
  477.81,   851.64,   218.09
  476.21,   855.37,   343.02
  600.67,   596.23,   102.23
  599.07,   599.97,   227.17
  597.47,   603.70,   352.10
  602.53,   721.16,   98.52
  600.93,   724.90,   223.46
  599.32,   728.63,   348.39
  604.39,   846.09,   94.81
  602.78,   849.83,   219.75
  601.18,   853.56,   344.68
  351.22,   600.05,   224.54
  352.04,   603.49,   349.49
  352.86,   606.92,   474.44
  353.40,   724.99,   221.09
  354.21,   728.42,   346.04
  355.03,   731.85,   470.99
  355.57,   849.92,   217.64
  356.39,   853.35,   342.59
  357.20,   856.79,   467.54
  476.20,   597.86,   223.78
  477.02,   601.29,   348.73
  477.84,   604.73,   473.68
  478.37,   722.79,   220.33
  479.19,   726.23,   345.28
  480.01,   729.66,   470.23
  480.55,   847.73,   216.89
  481.36,   851.16,   341.84
  482.18,   854.59,   466.79
  601.18,   595.67,   223.02
  602.00,   599.10,   347.97
  602.81,   602.53,   472.92
  603.35,   720.60,   219.58
  604.17,   724.03,   344.53
  604.99,   727.46,   469.48
  605.53,   845.53,   216.13
  606.34,   848.97,   341.08
  607.16,   852.40,   466.03
  349.75,   599.83,   351.65
  346.51,   602.00,   476.59
  343.27,   604.16,   601.53
  353.05,   724.77,   349.57
  349.81,   726.93,   474.51
  346.57,   729.10,   599.44
  356.35,   849.71,   347.49
  353.11,   851.87,   472.43
  349.87,   854.04,   597.36
  474.67,   596.59,   354.94
  471.43,   598.75,   479.88
  468.19,   600.92,   604.82
  477.97,   721.53,   352.86
  474.73,   723.69,   477.80
  471.49,   725.86,   602.74
  481.27,   846.46,   350.78
  478.03,   848.63,   475.72
  474.79,   850.80,   600.66
  599.58,   593.34,   358.24
  596.34,   595.51,   483.18
  593.10,   597.67,   608.12
  602.88,   718.28,   356.16
  599.64,   720.45,   481.10
  596.40,   722.61,   606.04
  606.18,   843.22,   354.08
  602.94,   845.39,   479.02
  599.70,   847.55,   603.95
  350.47,   598.71,   473.20
  349.03,   595.04,   598.13
  347.59,   591.37,   723.07
  348.20,   723.63,   476.84
  346.76,   719.96,   601.78
  345.32,   716.30,   726.71
  345.93,   848.56,   480.48
  344.49,   844.89,   605.42
  343.05,   841.22,   730.36
  475.44,   600.93,   474.70
  474.00,   597.26,   599.64
  472.56,   593.60,   724.58
  473.17,   725.86,   478.34
  471.73,   722.19,   603.28
  470.29,   718.52,   728.22
  470.90,   850.78,   481.99
  469.46,   847.12,   606.92
  468.03,   843.45,   731.86
  600.41,   603.16,   476.21
  598.97,   599.49,   601.15
  597.53,   595.82,   726.08
  598.14,   728.08,   479.85
  596.70,   724.42,   604.79
  595.26,   720.75,   729.72
  595.88,   853.01,   483.49
  594.44,   849.34,   608.43
  593.00,   845.67,   733.37
  351.99,   598.99,   601.40
  351.11,   600.52,   726.39
  350.23,   602.05,   851.38
  349.25,   723.95,   599.85
  348.37,   725.48,   724.84
  347.49,   727.01,   849.83
  346.52,   848.91,   598.31
  345.63,   850.44,   723.29
  344.75,   851.97,   848.28
  476.96,   601.74,   602.25
  476.08,   603.27,   727.24
  475.19,   604.80,   852.22
  474.22,   726.70,   600.70
  473.34,   728.23,   725.69
  472.46,   729.76,   850.68
  471.48,   851.66,   599.15
  470.60,   853.19,   724.14
  469.72,   854.72,   849.13
  601.92,   604.49,   603.10
  601.04,   606.02,   728.09
  600.16,   607.55,   853.07
  599.19,   729.45,   601.55
  598.30,   730.98,   726.54
  597.42,   732.51,   851.53
  596.45,   854.41,   600.00
  595.57,   855.94,   724.99
  594.68,   857.47,   849.98
  473.69,   98.83,   100.19
  475.79,   101.69,   225.14
  477.88,   104.54,   350.09
  470.02,   223.75,   97.40
  472.12,   226.60,   222.35
  474.21,   229.46,   347.30
  466.35,   348.66,   94.61
  468.45,   351.52,   219.56
  470.54,   354.37,   344.51
  598.62,   102.46,   98.01
  600.72,   105.31,   222.96
  602.81,   108.16,   347.91
  594.95,   227.37,   95.22
  597.05,   230.23,   220.17
  599.14,   233.08,   345.12
  591.28,   352.29,   92.43
  593.38,   355.14,   217.38
  595.47,   357.99,   342.33
  723.55,   106.08,   95.83
  725.64,   108.93,   220.78
  727.74,   111.79,   345.73
  719.88,   230.99,   93.04
  721.97,   233.85,   217.99
  724.07,   236.70,   342.94
  716.21,   355.91,   90.25
  718.30,   358.76,   215.20
  720.40,   361.62,   340.15
  475.64,   98.71,   225.60
  474.08,   99.37,   350.59
  472.52,   100.04,   475.58
  478.13,   223.68,   224.97
  476.57,   224.35,   349.96
  475.00,   225.01,   474.95
  480.61,   348.65,   224.33
  479.05,   349.32,   349.32
  477.49,   349.98,   474.31
  600.61,   96.23,   227.18
  599.04,   96.89,   352.16
  597.48,   97.56,   477.15
  603.09,   221.20,   226.54
  601.53,   221.87,   351.53
  599.97,   222.53,   476.52
  605.58,   346.18,   225.91
  604.02,   346.84,   350.90
  602.46,   347.51,   475.89
  725.57,   93.75,   228.75
  724.01,   94.42,   353.74
  722.45,   95.08,   478.73
  728.06,   218.72,   228.12
  726.50,   219.39,   353.10
  724.94,   220.05,   478.09
  730.54,   343.70,   227.48
  728.98,   344.36,   352.47
  727.42,   345.03,   477.46
  473.30,   98.20,   348.16
  471.35,   97.94,   473.14
  469.39,   97.67,   598.13
  476.18,   223.17,   348.47
  474.22,   222.90,   473.45
  472.27,   222.64,   598.44
  479.05,   348.14,   348.78
  477.10,   347.87,   473.77
  475.14,   347.60,   598.75
  598.25,   95.32,   350.11
  596.30,   95.06,   475.09
  594.34,   94.79,   600.07
  601.13,   220.29,   350.42
  599.17,   220.02,   475.40
  597.22,   219.76,   600.39
  604.00,   345.26,   350.73
  602.05,   344.99,   475.71
  600.09,   344.72,   600.70
  723.20,   92.45,   352.05
  721.25,   92.18,   477.04
  719.30,   91.91,   602.02
  726.08,   217.41,   352.37
  724.12,   217.14,   477.35
  722.17,   216.88,   602.33
  728.95,   342.38,   352.68
  727.00,   342.11,   477.66
  725.05,   341.84,   602.65
  473.28,   100.07,   473.32
  470.56,   99.45,   598.29
  467.85,   98.83,   723.26
  471.14,   225.05,   473.89
  468.42,   224.43,   598.86
  465.71,   223.81,   723.83
  469.00,   350.03,   474.46
  466.29,   349.41,   599.43
  463.57,   348.79,   724.40
  598.23,   102.19,   476.05
  595.51,   101.57,   601.01
  592.80,   100.96,   725.98
  596.09,   227.17,   476.62
  593.38,   226.56,   601.59
  590.66,   225.94,   726.55
  593.96,   352.15,   477.19
  591.24,   351.54,   602.16
  588.52,   350.92,   727.13
  723.18,   104.32,   478.77
  720.47,   103.70,   603.74
  717.75,   103.08,   728.71
  721.05,   229.30,   479.34
  718.33,   228.68,   604.31
  715.61,   228.06,   729.28
  718.91,   354.28,   479.92
  716.19,   353.66,   604.88
  713.47,   353.04,   729.85
  475.73,   101.51,   598.37
  476.79,   102.66,   723.36
  477.85,   103.81,   848.35
  477.53,   226.49,   597.21
  478.59,   227.64,   722.20
  479.64,   228.79,   847.19
  479.32,   351.47,   596.04
  480.38,   352.62,   721.03
  481.44,   353.77,   846.02
  600.72,   99.71,   597.33
  601.77,   100.85,   722.32
  602.83,   102.00,   847.31
  602.51,   224.69,   596.17
  603.57,   225.84,   721.16
  604.62,   226.99,   846.15
  604.31,   349.67,   595.00
  605.36,   350.82,   719.99
  606.42,   351.97,   844.98
  725.70,   97.90,   596.29
  726.75,   99.05,   721.28
  727.81,   100.20,   846.27
  727.49,   222.88,   595.13
  728.55,   224.03,   720.12
  729.61,   225.18,   845.11
  729.29,   347.86,   593.96
  730.35,   349.01,   718.95
  731.40,   350.16,   843.94
  476.65,   224.73,   100.62
  479.01,   225.89,   225.59
  481.36,   227.06,   350.56
  479.82,   349.68,   99.39
  482.18,   350.85,   224.36
  484.53,   352.01,   349.34
  482.99,   474.63,   98.17
  485.34,   475.80,   223.14
  487.70,   476.97,   348.11
  601.59,   221.54,   98.29
  603.95,   222.70,   223.27
  606.30,   223.87,   348.24
  604.76,   346.49,   97.07
  607.11,   347.66,   222.04
  609.47,   348.82,   347.01
  607.93,   471.44,   95.84
  610.28,   472.61,   220.81
  612.64,   473.78,   345.79
  726.53,   218.35,   95.97
  728.88,   219.51,   220.94
  731.24,   220.68,   345.91
  729.70,   343.30,   94.74
  732.05,   344.47,   219.71
  734.41,   345.63,   344.69
  732.86,   468.25,   93.52
  735.22,   469.42,   218.49
  737.57,   470.59,   343.46
  473.46,   226.00,   224.87
  471.98,   225.89,   349.86
  470.50,   225.78,   474.86
  472.67,   350.99,   224.97
  471.19,   350.88,   349.96
  469.71,   350.78,   474.95
  471.88,   475.99,   225.07
  470.40,   475.88,   350.06
  468.92,   475.77,   475.05
  598.45,   226.79,   226.35
  596.97,   226.68,   351.34
  595.49,   226.57,   476.34
  597.66,   351.78,   226.45
  596.18,   351.68,   351.44
  594.70,   351.57,   476.43
  596.87,   476.78,   226.55
  595.39,   476.67,   351.54
  593.91,   476.57,   476.53
  723.44,   227.58,   227.83
  721.96,   227.47,   352.82
  720.48,   227.36,   477.82
  722.65,   352.57,   227.93
  721.17,   352.47,   352.92
  719.69,   352.36,   477.91
  721.86,   477.57,   228.03
  720.38,   477.46,   353.02
  718.90,   477.36,   478.01
  475.22,   223.60,   348.08
  473.16,   223.13,   473.06
  471.09,   222.67,   598.04
  475.73,   348.59,   348.55
  473.67,   348.13,   473.53
  471.61,   347.66,   598.52
  476.24,   473.59,   349.03
  474.18,   473.13,   474.01
  472.12,   472.66,   598.99
  600.20,   223.08,   350.14
  598.14,   222.61,   475.12
  596.08,   222.15,   600.10
  600.71,   348.07,   350.61
  598.65,   347.61,   475.59
  596.59,   347.15,   600.58
  601.22,   473.07,   351.09
  599.16,   472.61,   476.07
  597.10,   472.14,   601.05
  725.18,   222.56,   352.20
  723.12,   222.09,   477.18
  721.06,   221.63,   602.16
  725.69,   347.55,   352.67
  723.63,   347.09,   477.65
  721.57,   346.63,   602.64
  726.21,   472.55,   353.15
  724.14,   472.09,   478.13
  722.08,   471.62,   603.11
  474.31,   223.61,   476.45
  472.88,   225.10,   601.43
  471.45,   226.60,   726.41
  476.15,   348.58,   474.97
  474.72,   350.08,   599.96
  473.29,   351.58,   724.94
  477.99,   473.56,   473.50
  476.56,   475.06,   598.48
  475.14,   476.55,   723.47
  599.29,   221.78,   477.90
  597.86,   223.28,   602.88
  596.43,   224.77,   727.86
  601.13,   346.76,   476.42
  599.70,   348.26,   601.41
  598.27,   349.75,   726.39
  602.97,   471.74,   474.95
  601.54,   473.23,   599.93
  600.11,   474.73,   724.92
  724.26,   219.96,   479.35
  722.84,   221.45,   604.33
  721.41,   222.95,   729.31
  726.11,   344.93,   477.87
  724.68,   346.43,   602.86
  723.25,   347.93,   727.84
  727.95,   469.91,   476.40
  726.52,   471.41,   601.38
  725.09,   472.90,   726.37
  475.00,   225.85,   601.80
  471.81,   224.95,   726.75
  468.63,   224.05,   851.71
  475.41,   350.85,   602.71
  472.22,   349.95,   727.66
  469.03,   349.05,   852.62
  475.81,   475.85,   603.62
  472.63,   474.95,   728.57
  469.44,   474.05,   853.53
  599.96,   225.43,   604.98
  596.77,   224.53,   729.94
  593.59,   223.63,   854.89
  600.36,   350.42,   605.89
  597.18,   349.52,   730.85
  593.99,   348.62,   855.80
  600.77,   475.42,   606.80
  597.58,   474.52,   731.76
  594.40,   473.62,   856.71
  724.92,   225.00,   608.16
  721.73,   224.10,   733.12
  718.54,   223.20,   858.08
  725.32,   349.99,   609.07
  722.14,   349.09,   734.03
  718.95,   348.19,   858.99
  725.73,   474.99,   609.98
  722.54,   474.09,   734.94
  719.36,   473.19,   859.90
  475.13,   350.03,   101.81
  476.76,   349.76,   226.80
  478.38,   349.49,   351.79
  476.02,   475.02,   102.07
  477.65,   474.75,   227.06
  479.27,   474.49,   352.05
  476.92,   600.02,   102.32
  478.54,   599.75,   227.31
  480.17,   599.48,   352.30
  600.12,   349.14,   100.19
  601.74,   348.87,   225.17
  603.37,   348.60,   350.16
  601.01,   474.13,   100.44
  602.64,   473.87,   225.43
  604.26,   473.60,   350.42
  601.90,   599.13,   100.70
  603.53,   598.86,   225.69
  605.15,   598.59,   350.68
  725.10,   348.25,   98.56
  726.73,   347.98,   223.55
  728.36,   347.71,   348.54
  726.00,   473.24,   98.81
  727.62,   472.98,   223.80
  729.25,   472.71,   348.79
  726.89,   598.24,   99.07
  728.51,   597.97,   224.06
  730.14,   597.71,   349.05
  474.71,   350.21,   226.59
  473.81,   346.85,   351.55
  472.90,   343.48,   476.50
  476.73,   475.15,   229.97
  475.83,   471.79,   354.93
  474.93,   468.42,   479.88
  478.75,   600.09,   233.35
  477.85,   596.72,   358.30
  476.95,   593.36,   483.26
  599.69,   348.17,   227.44
  598.79,   344.80,   352.39
  597.89,   341.44,   477.34
  601.71,   473.10,   230.82
  600.81,   469.74,   355.77
  599.91,   466.37,   480.72
  603.73,   598.04,   234.20
  602.83,   594.68,   359.15
  601.93,   591.31,   484.10
  724.67,   346.12,   228.29
  723.77,   342.76,   353.24
  722.87,   339.39,   478.19
  726.69,   471.06,   231.67
  725.79,   467.69,   356.62
  724.89,   464.33,   481.57
  728.72,   596.00,   235.05
  727.81,   592.63,   360.00
  726.91,   589.27,   484.95
  476.22,   350.30,   351.16
  478.41,   351.47,   476.13
  480.60,   352.64,   601.11
  473.60,   475.27,   350.03
  475.79,   476.44,   475.01
  477.98,   477.60,   599.98
  470.98,   600.24,   348.91
  473.17,   601.40,   473.89
  475.36,   602.57,   598.86
  601.17,   352.90,   348.94
  603.36,   354.07,   473.92
  605.55,   355.23,   598.89
  598.55,   477.87,   347.82
  600.74,   479.03,   472.80
  602.93,   480.20,   597.77
  595.94,   602.83,   346.70
  598.13,   604.00,   471.68
  600.31,   605.17,   596.65
  726.13,   355.50,   346.73
  728.31,   356.66,   471.71
  730.50,   357.83,   596.68
  723.51,   480.46,   345.61
  725.70,   481.63,   470.58
  727.89,   482.80,   595.56
  720.89,   605.43,   344.49
  723.08,   606.60,   469.46
  725.27,   607.77,   594.44
  474.03,   348.44,   476.65
  476.24,   352.00,   601.58
  478.46,   355.57,   726.51
  471.54,   473.36,   473.13
  473.76,   476.93,   598.06
  475.98,   480.49,   722.99
  469.06,   598.29,   469.61
  471.27,   601.85,   594.54
  473.49,   605.42,   719.47
  598.98,   350.86,   474.36
  601.20,   354.42,   599.29
  603.42,   357.99,   724.22
  596.50,   475.78,   470.84
  598.71,   479.35,   595.77
  600.93,   482.91,   720.70
  594.01,   600.71,   467.32
  596.23,   604.27,   592.25
  598.45,   607.84,   717.18
  723.94,   353.28,   472.08
  726.16,   356.85,   597.01
  728.37,   360.41,   721.94
  721.45,   478.21,   468.56
  723.67,   481.77,   593.49
  725.89,   485.34,   718.42
  718.97,   603.13,   465.04
  721.18,   606.70,   589.96
  723.40,   610.26,   714.89
  475.44,   351.96,   599.01
  474.73,   350.65,   724.00
  474.03,   349.34,   848.99
  477.39,   476.94,   600.33
  476.69,   475.63,   725.32
  475.99,   474.32,   850.31
  479.34,   601.91,   601.65
  478.64,   600.61,   726.64
  477.94,   599.30,   851.63
  600.42,   350.00,   599.69
  599.72,   348.69,   724.69
  599.01,   347.38,   849.68
  602.37,   474.98,   601.01
  601.67,   473.67,   726.00
  600.97,   472.36,   851.00
  604.33,   599.95,   602.33
  603.62,   598.65,   727.32
  602.92,   597.34,   852.31
  725.40,   348.04,   600.38
  724.70,   346.73,   725.37
  724.00,   345.42,   850.36
  727.36,   473.02,   601.69
  726.65,   471.71,   726.69
  725.95,   470.40,   851.68
  729.31,   597.99,   603.01
  728.61,   596.69,   728.00
  727.90,   595.38,   853.00
  476.70,   476.65,   101.60
  478.99,   476.54,   226.58
  481.27,   476.43,   351.56
  479.05,   601.63,   101.67
  481.33,   601.52,   226.65
  483.62,   601.41,   351.63
  481.39,   726.60,   101.74
  483.68,   726.49,   226.72
  485.96,   726.39,   351.70
  601.66,   474.30,   99.32
  603.94,   474.19,   224.30
  606.23,   474.09,   349.27
  604.00,   599.28,   99.38
  606.29,   599.17,   224.36
  608.58,   599.06,   349.34
  606.35,   724.26,   99.45
  608.64,   724.15,   224.43
  610.92,   724.04,   349.41
  726.61,   471.96,   97.03
  728.90,   471.85,   222.01
  731.19,   471.74,   346.99
  728.96,   596.94,   97.09
  731.25,   596.83,   222.07
  733.53,   596.72,   347.05
  731.31,   721.92,   97.16
  733.59,   721.81,   222.14
  735.88,   721.70,   347.12
  474.69,   475.54,   223.73
  476.99,   477.70,   348.69
  479.29,   479.85,   473.65
  473.21,   600.52,   221.60
  475.51,   602.67,   346.56
  477.81,   604.82,   471.53
  471.73,   725.49,   219.48
  474.03,   727.64,   344.44
  476.33,   729.79,   469.40
  599.66,   476.98,   221.40
  601.96,   479.13,   346.36
  604.26,   481.29,   471.32
  598.18,   601.95,   219.28
  600.48,   604.11,   344.24
  602.78,   606.26,   469.20
  596.70,   726.93,   217.15
  599.00,   729.08,   342.11
  601.31,   731.23,   467.07
  724.63,   478.42,   219.08
  726.93,   480.57,   344.04
  729.23,   482.72,   469.00
  723.15,   603.39,   216.95
  725.45,   605.54,   341.91
  727.75,   607.70,   466.87
  721.67,   728.37,   214.83
  723.97,   730.52,   339.79
  726.28,   732.67,   464.75
  476.81,   474.98,   349.98
  478.09,   473.89,   474.97
  479.37,   472.79,   599.95
  478.39,   599.97,   351.06
  479.68,   598.87,   476.04
  480.96,   597.78,   601.03
  479.98,   724.95,   352.13
  481.26,   723.86,   477.12
  482.54,   722.76,   602.11
  601.79,   473.41,   348.68
  603.07,   472.31,   473.67
  604.35,   471.22,   598.66
  603.38,   598.39,   349.76
  604.66,   597.30,   474.75
  605.94,   596.20,   599.74
  604.96,   723.38,   350.84
  606.24,   722.28,   475.83
  607.52,   721.19,   600.82
  726.78,   471.83,   347.39
  728.06,   470.74,   472.38
  729.34,   469.64,   597.37
  728.36,   596.82,   348.47
  729.64,   595.72,   473.46
  730.92,   594.63,   598.44
  729.95,   721.80,   349.55
  731.23,   720.71,   474.53
  732.51,   719.61,   599.52
  476.36,   475.30,   473.16
  474.19,   473.58,   598.13
  472.01,   471.86,   723.10
  475.86,   600.29,   474.87
  473.68,   598.57,   599.84
  471.51,   596.85,   724.81
  475.35,   725.28,   476.58
  473.17,   723.56,   601.55
  471.00,   721.84,   726.52
  601.34,   475.78,   475.34
  599.17,   474.06,   600.31
  596.99,   472.34,   725.28
  600.84,   600.77,   477.05
  598.66,   599.05,   602.02
  596.49,   597.33,   726.99
  600.33,   725.76,   478.76
  598.15,   724.04,   603.73
  595.98,   722.32,   728.70
  726.32,   476.26,   477.52
  724.15,   474.54,   602.49
  721.97,   472.82,   727.46
  725.82,   601.25,   479.23
  723.64,   599.53,   604.20
  721.47,   597.81,   729.17
  725.31,   726.23,   480.94
  723.13,   724.51,   605.91
  720.96,   722.79,   730.88
  474.31,   475.27,   598.17
  471.71,   477.54,   723.13
  469.11,   479.82,   848.08
  474.64,   600.25,   595.91
  472.05,   602.52,   720.86
  469.45,   604.80,   845.81
  474.98,   725.23,   593.64
  472.38,   727.50,   718.59
  469.78,   729.78,   843.54
  599.28,   474.98,   600.78
  596.68,   477.26,   725.73
  594.09,   479.53,   850.68
  599.62,   599.96,   598.51
  597.02,   602.24,   723.46
  594.42,   604.51,   848.42
  599.95,   724.94,   596.24
  597.35,   727.22,   721.20
  594.75,   729.49,   846.15
  724.25,   474.70,   603.38
  721.66,   476.97,   728.33
  719.06,   479.24,   853.29
  724.59,   599.68,   601.11
  721.99,   601.95,   726.07
  719.39,   604.22,   851.02
  724.92,   724.66,   598.85
  722.32,   726.93,   723.80
  719.73,   729.20,   848.75
  473.27,   601.21,   101.58
  472.86,   600.11,   226.58
  472.46,   599.02,   351.57
  469.73,   726.15,   102.66
  469.32,   725.06,   227.66
  468.91,   723.97,   352.65
  466.18,   851.10,   103.75
  465.77,   850.00,   228.74
  465.37,   848.91,   353.73
  598.22,   604.75,   102.02
  597.81,   603.65,   227.02
  597.40,   602.56,   352.01
  594.68,   729.69,   103.10
  594.27,   728.60,   228.10
  593.86,   727.51,   353.09
  591.13,   854.64,   104.18
  590.72,   853.54,   229.18
  590.32,   852.45,   354.17
  723.17,   608.29,   102.46
  722.76,   607.19,   227.46
  722.35,   606.10,   352.45
  719.62,   733.23,   103.54
  719.22,   732.14,   228.54
  718.81,   731.05,   353.53
  716.08,   858.18,   104.62
  715.67,   857.09,   229.62
  715.26,   855.99,   354.61
  476.11,   600.51,   226.75
  477.57,   598.46,   351.73
  479.04,   596.41,   476.70
  476.88,   725.49,   228.79
  478.35,   723.44,   353.77
  479.81,   721.40,   478.74
  477.65,   850.47,   230.83
  479.12,   848.43,   355.81
  480.59,   846.38,   480.78
  601.09,   599.76,   225.27
  602.56,   597.71,   350.25
  604.03,   595.66,   475.22
  601.87,   724.74,   227.31
  603.34,   722.69,   352.29
  604.80,   720.64,   477.26
  602.64,   849.72,   229.35
  604.11,   847.67,   354.33
  605.58,   845.63,   479.30
  726.08,   599.01,   223.79
  727.55,   596.96,   348.77
  729.02,   594.91,   473.74
  726.86,   723.99,   225.83
  728.32,   721.94,   350.81
  729.79,   719.89,   475.78
  727.63,   848.97,   227.87
  729.10,   846.92,   352.85
  730.57,   844.88,   477.82
  473.96,   598.15,   351.38
  476.87,   599.35,   476.34
  479.78,   600.54,   601.30
  474.96,   723.14,   350.16
  477.87,   724.34,   475.12
  480.78,   725.53,   600.08
  475.96,   848.13,   348.94
  478.87,   849.33,   473.90
  481.77,   850.52,   598.86
  598.93,   597.13,   348.48
  601.83,   598.32,   473.44
  604.74,   599.52,   598.40
  599.92,   722.12,   347.26
  602.83,   723.31,   472.22
  605.74,   724.51,   597.18
  600.92,   847.11,   346.04
  603.83,   848.30,   471.00
  606.74,   849.50,   595.96
  723.89,   596.10,   345.58
  726.80,   597.30,   470.54
  729.70,   598.49,   595.50
  724.89,   721.09,   344.36
  727.79,   722.29,   469.32
  730.70,   723.48,   594.28
  725.88,   846.08,   343.15
  728.79,   847.28,   468.11
  731.70,   848.47,   593.07
  473.09,   601.57,   474.81
  473.69,   600.73,   599.81
  474.29,   599.90,   724.80
  473.55,   726.57,   475.64
  474.15,   725.73,   600.64
  474.75,   724.89,   725.63
  474.00,   851.56,   476.48
  474.60,   850.73,   601.47
  475.20,   849.89,   726.47
  598.09,   601.12,   474.21
  598.69,   600.28,   599.20
  599.29,   599.45,   724.20
  598.55,   726.11,   475.04
  599.14,   725.28,   600.04
  599.74,   724.44,   725.03
  599.00,   851.11,   475.87
  599.60,   850.28,   600.87
  600.20,   849.44,   725.87
  723.09,   600.67,   473.61
  723.69,   599.83,   598.60
  724.29,   599.00,   723.60
  723.54,   725.66,   474.44
  724.14,   724.83,   599.44
  724.74,   723.99,   724.43
  724.00,   850.66,   475.27
  724.60,   849.83,   600.27
  725.20,   848.99,   725.26
  474.16,   598.73,   599.07
  474.60,   601.50,   724.04
  475.03,   604.27,   849.00
  474.47,   723.70,   596.30
  474.91,   726.47,   721.27
  475.35,   729.23,   846.23
  474.79,   848.67,   593.53
  475.22,   851.43,   718.49
  475.66,   854.20,   843.46
  599.16,   598.40,   598.64
  599.59,   601.17,   723.61
  600.03,   603.94,   848.57
  599.47,   723.37,   595.87
  599.91,   726.14,   720.83
  600.35,   728.91,   845.80
  599.79,   848.34,   593.10
  600.22,   851.11,   718.06
  600.66,   853.88,   843.03
  724.16,   598.08,   598.21
  724.59,   600.85,   723.17
  725.03,   603.62,   848.14
  724.47,   723.05,   595.44
  724.91,   725.82,   720.40
  725.34,   728.59,   845.37
  724.78,   848.02,   592.67
  725.22,   850.79,   717.63
  725.66,   853.56,   842.60
  598.08,   98.75,   98.94
  601.52,   95.49,   223.85
  604.95,   92.24,   348.76
  597.72,   223.70,   102.20
  601.15,   220.45,   227.11
  604.59,   217.20,   352.02
  597.35,   348.66,   105.47
  600.78,   345.41,   230.38
  604.22,   342.15,   355.29
  723.04,   99.20,   95.51
  726.47,   95.95,   220.42
  729.91,   92.70,   345.33
  722.67,   224.16,   98.78
  726.10,   220.91,   223.69
  729.54,   217.66,   348.60
  722.30,   349.12,   102.04
  725.74,   345.86,   226.95
  729.17,   342.61,   351.86
  847.99,   99.66,   92.09
  851.42,   96.41,   217.00
  854.86,   93.16,   341.91
  847.62,   224.62,   95.35
  851.06,   221.37,   220.26
  854.49,   218.11,   345.17
  847.25,   349.57,   98.62
  850.69,   346.32,   223.53
  854.12,   343.07,   348.44
  598.95,   100.43,   225.27
  596.29,   103.01,   350.21
  593.63,   105.60,   475.16
  595.93,   225.36,   222.61
  593.27,   227.95,   347.56
  590.61,   230.53,   472.50
  592.91,   350.30,   219.96
  590.25,   352.88,   344.91
  587.59,   355.47,   469.85
  723.88,   103.50,   227.86
  721.22,   106.09,   352.81
  718.56,   108.67,   477.75
  720.86,   228.43,   225.21
  718.20,   231.02,   350.16
  715.54,   233.61,   475.10
  717.84,   353.37,   222.56
  715.18,   355.96,   347.51
  712.52,   358.54,   472.45
  848.82,   106.57,   230.46
  846.16,   109.16,   355.40
  843.50,   111.75,   480.35
  845.80,   231.51,   227.81
  843.14,   234.09,   352.75
  840.48,   236.68,   477.70
  842.78,   356.44,   225.16
  840.12,   359.03,   350.10
  837.46,   361.62,   475.05
  600.76,   101.75,   348.86
  600.29,   101.82,   473.86
  599.82,   101.89,   598.86
  603.32,   226.72,   348.80
  602.85,   226.79,   473.80
  602.38,   226.86,   598.80
  605.88,   351.70,   348.74
  605.41,   351.77,   473.74
  604.94,   351.84,   598.74
  725.73,   99.19,   349.33
  725.26,   99.26,   474.33
  724.79,   99.33,   599.33
  728.29,   224.16,   349.27
  727.82,   224.23,   474.27
  727.35,   224.31,   599.27
  730.85,   349.14,   349.21
  730.38,   349.21,   474.21
  729.91,   349.28,   599.21
  850.71,   96.63,   349.80
  850.24,   96.70,   474.80
  849.77,   96.77,   599.80
  853.26,   221.61,   349.74
  852.79,   221.68,   474.74
  852.32,   221.75,   599.74
  855.82,   346.58,   349.68
  855.35,   346.65,   474.68
  854.88,   346.72,   599.68
  600.87,   98.58,   473.73
  601.47,   98.43,   598.73
  602.07,   98.27,   723.73
  604.45,   223.53,   473.86
  605.05,   223.37,   598.86
  605.65,   223.22,   723.86
  608.03,   348.48,   474.00
  608.63,   348.32,   599.00
  609.24,   348.17,   724.00
  725.81,   95.00,   473.12
  726.41,   94.84,   598.12
  727.02,   94.69,   723.12
  729.40,   219.94,   473.26
  730.00,   219.79,   598.26
  730.60,   219.64,   723.26
  732.98,   344.89,   473.40
  733.58,   344.74,   598.39
  734.18,   344.59,   723.39
  850.76,   91.41,   472.52
  851.36,   91.26,   597.52
  851.96,   91.11,   722.52
  854.34,   216.36,   472.65
  854.95,   216.21,   597.65
  855.55,   216.06,   722.65
  857.93,   341.31,   472.79
  858.53,   341.16,   597.79
  859.13,   341.01,   722.79
  601.52,   101.21,   598.05
  602.25,   102.36,   723.05
  602.97,   103.52,   848.04
  603.46,   226.18,   596.89
  604.19,   227.34,   721.88
  604.91,   228.49,   846.87
  605.40,   351.16,   595.72
  606.12,   352.32,   720.71
  606.85,   353.47,   845.71
  726.51,   99.26,   597.35
  727.23,   100.41,   722.34
  727.95,   101.57,   847.33
  728.44,   224.24,   596.18
  729.17,   225.39,   721.17
  729.89,   226.55,   846.17
  730.38,   349.22,   595.01
  731.11,   350.37,   720.01
  731.83,   351.53,   845.00
  851.49,   97.31,   596.64
  852.21,   98.47,   721.63
  852.94,   99.62,   846.63
  853.43,   222.29,   595.47
  854.15,   223.45,   720.47
  854.88,   224.60,   845.46
  855.37,   347.27,   594.31
  856.09,   348.43,   719.30
  856.81,   349.58,   844.29
  598.63,   223.47,   100.30
  597.16,   224.04,   225.29
  595.68,   224.62,   350.28
  600.03,   348.46,   99.74
  598.56,   349.04,   224.73
  597.09,   349.61,   349.72
  601.44,   473.45,   99.18
  599.96,   474.03,   224.17
  598.49,   474.60,   349.16
  723.61,   222.07,   101.78
  722.14,   222.65,   226.77
  720.67,   223.22,   351.76
  725.02,   347.06,   101.22
  723.54,   347.64,   226.21
  722.07,   348.22,   351.20
  726.42,   472.05,   100.66
  724.95,   472.63,   225.65
  723.47,   473.21,   350.64
  848.60,   220.68,   103.26
  847.12,   221.25,   228.25
  845.65,   221.83,   353.24
  850.00,   345.67,   102.70
  848.53,   346.24,   227.69
  847.05,   346.82,   352.68
  851.40,   470.66,   102.14
  849.93,   471.23,   227.13
  848.45,   471.81,   352.12
  599.36,   223.02,   225.95
  597.20,   222.17,   350.93
  595.03,   221.32,   475.91
  595.64,   347.96,   226.74
  593.47,   347.11,   351.71
  591.31,   346.27,   476.69
  591.91,   472.90,   227.52
  589.75,   472.05,   352.49
  587.58,   471.21,   477.47
  724.29,   226.73,   228.14
  722.12,   225.88,   353.12
  719.96,   225.03,   478.10
  720.56,   351.67,   228.92
  718.40,   350.82,   353.90
  716.23,   349.98,   478.88
  716.84,   476.61,   229.71
  714.67,   475.76,   354.68
  712.51,   474.92,   479.66
  849.21,   230.43,   230.33
  847.05,   229.59,   355.31
  844.88,   228.74,   480.29
  845.49,   355.38,   231.11
  843.32,   354.53,   356.09
  841.16,   353.69,   481.07
  841.77,   480.32,   231.89
  839.60,   479.47,   356.87
  837.44,   478.63,   481.85
  598.56,   223.73,   350.62
  601.81,   223.84,   475.58
  605.06,   223.95,   600.54
  598.79,   348.73,   350.51
  602.04,   348.84,   475.46
  605.28,   348.95,   600.42
  599.02,   473.73,   350.39
  602.27,   473.84,   475.35
  605.51,   473.95,   600.30
  723.52,   223.50,   347.38
  726.77,   223.61,   472.33
  730.02,   223.72,   597.29
  723.75,   348.50,   347.26
  727.00,   348.61,   472.22
  730.24,   348.72,   597.17
  723.98,   473.50,   347.14
  727.22,   473.61,   472.10
  730.47,   473.72,   597.06
  848.48,   223.27,   344.13
  851.73,   223.38,   469.09
  854.97,   223.49,   594.05
  848.71,   348.27,   344.01
  851.95,   348.38,   468.97
  855.20,   348.49,   593.93
  848.93,   473.27,   343.90
  852.18,   473.38,   468.85
  855.43,   473.49,   593.81
  601.38,   226.09,   475.81
  599.87,   228.65,   600.78
  598.35,   231.22,   725.74
  598.58,   351.03,   473.21
  597.06,   353.60,   598.18
  595.55,   356.16,   723.14
  595.77,   475.97,   470.61
  594.26,   478.54,   595.58
  592.75,   481.10,   720.54
  726.34,   228.92,   477.27
  724.82,   231.49,   602.23
  723.31,   234.05,   727.19
  723.53,   353.86,   474.67
  722.02,   356.43,   599.63
  720.51,   358.99,   724.60
  720.73,   478.81,   472.07
  719.22,   481.37,   597.03
  717.71,   483.94,   722.00
  851.30,   231.76,   478.72
  849.78,   234.32,   603.68
  848.27,   236.89,   728.65
  848.49,   356.70,   476.12
  846.98,   359.26,   601.09
  845.47,   361.83,   726.05
  845.69,   481.64,   473.52
  844.18,   484.20,   598.49
  842.67,   486.77,   723.45
  601.42,   226.98,   600.88
  603.72,   228.52,   725.85
  606.03,   230.05,   850.81
  599.32,   351.95,   599.38
  601.63,   353.49,   724.35
  603.93,   355.02,   849.32
  597.22,   476.93,   597.88
  599.53,   478.46,   722.85
  601.83,   480.00,   847.82
  726.38,   229.05,   598.55
  728.69,   230.59,   723.51
  730.99,   232.12,   848.48
  724.28,   354.02,   597.05
  726.59,   355.56,   722.02
  728.89,   357.10,   846.99
  722.18,   479.00,   595.55
  724.49,   480.53,   720.52
  726.79,   482.07,   845.49
  851.34,   231.12,   596.21
  853.65,   232.66,   721.18
  855.95,   234.19,   846.15
  849.24,   356.09,   594.72
  851.55,   357.63,   719.69
  853.85,   359.17,   844.66
  847.14,   481.07,   593.22
  849.45,   482.60,   718.19
  851.76,   484.14,   843.16
  601.76,   349.11,   98.00
  601.66,   347.42,   222.99
  601.57,   345.74,   347.98
  602.34,   474.09,   99.69
  602.25,   472.41,   224.68
  602.15,   470.72,   349.67
  602.93,   599.08,   101.37
  602.83,   597.40,   226.36
  602.74,   595.71,   351.35
  726.76,   348.52,   98.09
  726.66,   346.84,   223.08
  726.57,   345.15,   348.07
  727.34,   473.51,   99.77
  727.25,   471.82,   224.76
  727.15,   470.14,   349.75
  727.93,   598.50,   101.46
  727.83,   596.81,   226.45
  727.74,   595.12,   351.44
  851.75,   347.93,   98.18
  851.66,   346.25,   223.16
  851.57,   344.56,   348.15
  852.34,   472.92,   99.86
  852.24,   471.24,   224.85
  852.15,   469.55,   349.84
  852.92,   597.91,   101.55
  852.83,   596.22,   226.54
  852.74,   594.54,   351.52
  601.71,   349.71,   223.71
  599.04,   350.62,   348.68
  596.36,   351.53,   473.64
  603.33,   474.70,   222.84
  600.65,   475.61,   347.80
  597.97,   476.52,   472.77
  604.94,   599.69,   221.96
  602.26,   600.60,   346.93
  599.58,   601.50,   471.90
  726.68,   348.12,   226.40
  724.00,   349.03,   351.37
  721.32,   349.94,   476.33
  728.29,   473.11,   225.53
  725.61,   474.01,   350.49
  722.93,   474.92,   475.46
  729.90,   598.09,   224.65
  727.22,   599.00,   349.62
  724.54,   599.91,   474.59
  851.64,   346.53,   229.09
  848.96,   347.43,   354.06
  846.28,   348.34,   479.03
  853.25,   471.51,   228.22
  850.57,   472.42,   353.18
  847.89,   473.33,   478.15
  854.86,   596.50,   227.34
  852.18,   597.41,   352.31
  849.50,   598.31,   477.28
  598.76,   351.28,   350.58
  596.78,   352.17,   475.56
  594.80,   353.05,   600.54
  599.28,   476.28,   349.70
  597.30,   477.16,   474.69
  595.32,   478.05,   599.67
  599.79,   601.28,   348.83
  597.81,   602.16,   473.81
  595.83,   603.04,   598.79
  723.75,   350.78,   352.56
  721.77,   351.67,   477.54
  719.79,   352.55,   602.53
  724.26,   475.78,   351.69
  722.28,   476.66,   476.67
  720.30,   477.55,   601.65
  724.77,   600.78,   350.81
  722.79,   601.66,   475.79
  720.81,   602.54,   600.77
  848.73,   350.29,   354.55
  846.75,   351.17,   479.53
  844.77,   352.05,   604.51
  849.24,   475.28,   353.67
  847.26,   476.16,   478.65
  845.28,   477.05,   603.63
  849.76,   600.28,   352.80
  847.78,   601.16,   477.78
  845.80,   602.04,   602.76
  599.97,   349.55,   473.27
  603.58,   351.45,   598.21
  607.20,   353.35,   723.14
  601.86,   474.52,   471.31
  605.47,   476.42,   596.25
  609.09,   478.32,   721.18
  603.75,   599.49,   469.35
  607.36,   601.39,   594.29
  610.98,   603.30,   719.22
  724.90,   347.60,   469.69
  728.52,   349.50,   594.62
  732.13,   351.41,   719.56
  726.79,   472.57,   467.73
  730.41,   474.47,   592.66
  734.02,   476.38,   717.60
  728.68,   597.54,   465.77
  732.30,   599.45,   590.70
  735.91,   601.35,   715.64
  849.84,   345.65,   466.11
  853.45,   347.56,   591.04
  857.06,   349.46,   715.97
  851.73,   470.62,   464.15
  855.34,   472.53,   589.08
  858.95,   474.43,   714.01
  853.62,   595.60,   462.19
  857.23,   597.50,   587.12
  860.84,   599.40,   712.05
  598.90,   349.33,   598.37
  596.49,   352.95,   723.29
  594.09,   356.57,   848.22
  595.45,   474.23,   594.69
  593.04,   477.85,   719.61
  590.63,   481.47,   844.54
  591.99,   599.13,   591.01
  589.59,   602.75,   715.93
  587.18,   606.36,   840.85
  723.83,   352.85,   600.67
  721.42,   356.47,   725.60
  719.02,   360.09,   850.52
  720.38,   477.75,   596.99
  717.97,   481.37,   721.92
  715.56,   484.99,   846.84
  716.92,   602.65,   593.31
  714.52,   606.27,   718.23
  712.11,   609.88,   843.16
  848.76,   356.37,   602.98
  846.35,   359.99,   727.90
  843.94,   363.61,   852.83
  845.30,   481.27,   599.30
  842.90,   484.89,   724.22
  840.49,   488.51,   849.14
  841.85,   606.17,   595.61
  839.45,   609.79,   720.54
  837.04,   613.40,   845.46
  600.04,   475.82,   100.44
  603.08,   472.84,   225.37
  606.11,   469.86,   350.30
  596.74,   600.74,   103.51
  599.78,   597.76,   228.43
  602.82,   594.78,   353.36
  593.44,   725.66,   106.57
  596.48,   722.68,   231.49
  599.52,   719.70,   356.42
  724.96,   479.19,   97.49
  728.00,   476.21,   222.42
  731.03,   473.23,   347.34
  721.66,   604.11,   100.55
  724.70,   601.13,   225.48
  727.74,   598.15,   350.40
  718.36,   729.03,   103.61
  721.40,   726.05,   228.54
  724.44,   723.07,   353.47
  849.88,   482.56,   94.53
  852.92,   479.58,   219.46
  855.95,   476.60,   344.39
  846.58,   607.48,   97.59
  849.62,   604.50,   222.52
  852.65,   601.52,   347.45
  843.28,   732.40,   100.65
  846.32,   729.42,   225.58
  849.36,   726.44,   350.51
  600.36,   474.45,   226.66
  597.96,   472.21,   351.62
  595.57,   469.97,   476.57
  603.17,   599.39,   228.95
  600.78,   597.16,   353.91
  598.39,   594.92,   478.86
  605.99,   724.34,   231.24
  603.60,   722.10,   356.20
  601.20,   719.87,   481.15
  725.30,   471.59,   229.00
  722.91,   469.35,   353.96
  720.52,   467.11,   478.92
  728.12,   596.53,   231.29
  725.73,   594.30,   356.25
  723.33,   592.06,   481.21
  730.94,   721.48,   233.58
  728.54,   719.24,   358.54
  726.15,   717.01,   483.50
  850.25,   468.73,   231.34
  847.85,   466.49,   356.30
  845.46,   464.25,   481.26
  853.07,   593.68,   233.63
  850.67,   591.44,   358.59
  848.28,   589.20,   483.55
  855.88,   718.62,   235.93
  853.49,   716.39,   360.88
  851.09,   714.15,   485.84
  601.51,   474.46,   348.56
  598.50,   471.68,   473.49
  595.50,   468.90,   598.42
  604.17,   599.40,   351.40
  601.17,   596.62,   476.33
  598.17,   593.84,   601.26
  606.84,   724.34,   354.24
  603.84,   721.56,   479.17
  600.84,   718.78,   604.11
  726.44,   471.73,   351.50
  723.44,   468.95,   476.43
  720.44,   466.17,   601.36
  729.11,   596.67,   354.34
  726.11,   593.89,   479.27
  723.11,   591.11,   604.20
  731.78,   721.60,   357.18
  728.78,   718.83,   482.11
  725.78,   716.05,   607.05
  851.38,   468.99,   354.44
  848.38,   466.21,   479.37
  845.37,   463.44,   604.30
  854.04,   593.93,   357.28
  851.04,   591.15,   482.21
  848.04,   588.37,   607.14
  856.71,   718.87,   360.12
  853.71,   716.09,   485.05
  850.71,   713.31,   609.99
  600.29,   473.66,   473.87
  598.79,   470.00,   598.80
  597.30,   466.34,   723.74
  601.65,   598.59,   477.54
  600.15,   594.94,   602.48
  598.65,   591.28,   727.41
  603.01,   723.53,   481.21
  601.51,   719.88,   606.15
  600.01,   716.22,   731.09
  725.27,   472.25,   475.32
  723.78,   468.60,   600.26
  722.28,   464.94,   725.20
  726.63,   597.19,   479.00
  725.13,   593.54,   603.93
  723.64,   589.88,   728.87
  727.99,   722.13,   482.67
  726.49,   718.47,   607.61
  724.99,   714.82,   732.54
  850.26,   470.85,   476.78
  848.76,   467.20,   601.72
  847.26,   463.54,   726.65
  851.62,   595.79,   480.45
  850.12,   592.14,   605.39
  848.62,   588.48,   730.33
  852.97,   720.73,   484.13
  851.48,   717.07,   609.06
  849.98,   713.42,   734.00
  601.80,   473.76,   599.17
  598.06,   471.35,   724.09
  594.33,   468.94,   849.02
  602.14,   598.74,   601.59
  598.40,   596.33,   726.51
  594.67,   593.92,   851.43
  602.48,   723.71,   604.01
  598.74,   721.30,   728.93
  595.01,   718.90,   853.85
  726.74,   473.35,   602.90
  723.01,   470.94,   727.82
  719.28,   468.53,   852.74
  727.08,   598.32,   605.32
  723.35,   595.92,   730.24
  719.62,   593.51,   855.16
  727.42,   723.30,   607.73
  723.69,   720.89,   732.66
  719.96,   718.48,   857.58
  851.68,   472.94,   606.62
  847.95,   470.53,   731.54
  844.22,   468.12,   856.46
  852.02,   597.91,   609.04
  848.29,   595.50,   733.96
  844.56,   593.10,   858.88
  852.36,   722.89,   611.46
  848.63,   720.48,   736.38
  844.90,   718.07,   861.30
  598.16,   599.31,   98.93
  597.49,   597.61,   223.91
  596.81,   595.91,   348.90
  595.05,   724.26,   100.61
  594.38,   722.56,   225.60
  593.70,   720.86,   350.58
  591.94,   849.21,   102.29
  591.27,   847.51,   227.28
  590.59,   845.81,   352.27
  723.12,   602.41,   99.64
  722.45,   600.71,   224.63
  721.77,   599.01,   349.61
  720.01,   727.36,   101.32
  719.34,   725.66,   226.31
  718.66,   723.96,   351.30
  716.90,   852.31,   103.01
  716.23,   850.61,   227.99
  715.55,   848.91,   352.98
  848.08,   605.51,   100.36
  847.41,   603.81,   225.34
  846.73,   602.11,   350.33
  844.97,   730.46,   102.04
  844.30,   728.76,   227.03
  843.62,   727.06,   352.01
  841.86,   855.41,   103.72
  841.19,   853.71,   228.71
  840.51,   852.01,   353.70
  601.94,   600.96,   226.60
  600.32,   600.67,   351.59
  598.70,   600.37,   476.58
  605.67,   725.90,   226.94
  604.05,   725.61,   351.93
  602.43,   725.32,   476.92
  609.40,   850.85,   227.28
  607.78,   850.55,   352.27
  606.16,   850.26,   477.26
  726.88,   597.23,   228.21
  725.26,   596.94,   353.20
  723.64,   596.64,   478.19
  730.61,   722.17,   228.55
  728.98,   721.88,   353.54
  727.36,   721.59,   478.53
  734.33,   847.12,   228.90
  732.71,   846.82,   353.88
  731.09,   846.53,   478.87
  851.81,   593.50,   229.82
  850.19,   593.20,   354.81
  848.57,   592.91,   479.80
  855.54,   718.44,   230.17
  853.92,   718.15,   355.15
  852.30,   717.85,   480.14
  859.27,   843.38,   230.51
  857.65,   843.09,   355.50
  856.03,   842.80,   480.49
  598.10,   599.00,   348.16
  599.51,   598.57,   473.15
  600.92,   598.14,   598.14
  597.72,   724.00,   348.59
  599.13,   723.57,   473.59
  600.55,   723.14,   598.58
  597.35,   849.00,   349.03
  598.76,   848.57,   474.02
  600.17,   848.14,   599.01
  723.09,   599.38,   346.75
  724.50,   598.95,   471.74
  725.91,   598.52,   596.73
  722.71,   724.38,   347.18
  724.13,   723.95,   472.18
  725.54,   723.52,   597.17
  722.34,   849.38,   347.62
  723.75,   848.95,   472.61
  725.16,   848.52,   597.60
  848.08,   599.76,   345.34
  849.49,   599.33,   470.33
  850.90,   598.90,   595.32
  847.71,   724.76,   345.77
  849.12,   724.33,   470.77
  850.53,   723.90,   595.76
  847.33,   849.76,   346.21
  848.74,   849.33,   471.20
  850.16,   848.89,   596.19
  601.36,   600.35,   475.58
  600.24,   603.43,   600.54
  599.13,   606.52,   725.49
  602.62,   725.30,   472.51
  601.51,   728.39,   597.46
  600.40,   731.47,   722.42
  603.89,   850.26,   469.43
  602.77,   853.34,   594.39
  601.66,   856.43,   719.35
  726.35,   599.11,   476.72
  725.23,   602.19,   601.68
  724.12,   605.28,   726.64
  727.61,   724.07,   473.65
  726.50,   727.15,   598.61
  725.39,   730.23,   723.56
  728.88,   849.02,   470.58
  727.76,   852.11,   595.53
  726.65,   855.19,   720.49
  851.33,   597.87,   477.87
  850.22,   600.96,   602.82
  849.11,   604.04,   727.78
  852.60,   722.83,   474.79
  851.49,   725.91,   599.75
  850.37,   729.00,   724.71
  853.86,   847.79,   471.72
  852.75,   850.87,   596.68
  851.64,   853.95,   721.63
  598.20,   598.99,   599.77
  599.79,   596.54,   724.74
  601.38,   594.10,   849.71
  598.36,   723.96,   602.22
  599.95,   721.52,   727.18
  601.54,   719.07,   852.15
  598.52,   848.94,   604.66
  600.12,   846.50,   729.63
  601.71,   844.05,   854.59
  723.19,   598.86,   598.18
  724.78,   596.41,   723.15
  726.37,   593.97,   848.11
  723.35,   723.83,   600.62
  724.94,   721.39,   725.59
  726.53,   718.94,   850.55
  723.51,   848.81,   603.07
  725.11,   846.36,   728.03
  726.70,   843.92,   853.00
  848.18,   598.72,   596.59
  849.77,   596.28,   721.55
  851.36,   593.83,   846.52
  848.34,   723.70,   599.03
  849.93,   721.25,   723.99
  851.52,   718.81,   848.96
  848.50,   848.68,   601.47
  850.10,   846.23,   726.44
  851.69,   843.79,   851.40
