15 PA3-D-Debug-Output.txt
  -15.67   -15.46   -49.99       -15.96   -14.85   -48.18     1.928
   -6.10    -5.87    40.26        -4.02    -4.25    39.63     2.703
    5.92    -6.78    39.47         5.94    -6.92    39.48     0.143
   12.26    23.35    17.01        12.31    24.54    17.15     1.204
   18.92    20.02    22.40        20.04    21.90    22.92     2.254
  -42.23    -1.67   -29.73       -42.18    -1.69   -29.68     0.072
  -14.49    -8.20     3.70       -13.88    -7.66     3.18     0.969
    4.91   -16.16   -20.78         4.65   -15.90   -20.61     0.408
    3.77    23.71     5.81         4.36    23.24     5.90     0.753
  -39.35     1.84   -32.63       -39.08     1.66   -32.53     0.341
   28.85     3.69    17.09        30.73     3.58    18.10     2.141
  -20.72   -19.82    -8.23       -20.72   -20.54    -6.95     1.471
   19.97    14.82   -30.92        20.12    14.86   -31.15     0.273
   29.63     0.67    15.85        30.97     0.27    16.70     1.638
   24.54   -12.50   -21.55        24.32   -11.92   -21.11     0.761
