20 PA3-J-Unknown-Output.txt
   -2.68    18.01     9.58        -2.81    18.12     9.45     0.219
   15.46    12.36    53.92        19.27    15.18    54.55     4.784
   -1.82    17.37     9.84        -2.60    17.99     9.11     1.232
  -23.64   -28.75   -42.21       -23.24   -27.14   -40.77     2.197
   -9.81    -0.42    52.21        -6.29     0.87    52.36     3.751
   20.92    -5.21    32.55        20.24    -4.22    32.41     1.201
  -32.05   -25.22   -43.01       -31.01   -23.86   -41.69     2.166
  -10.24    -7.61    19.15        -7.79    -5.84    18.37     3.123
    9.63    21.99    -8.86         9.76    21.88    -8.81     0.175
    8.09   -11.05    22.42         7.24    -7.87    21.99     3.319
    7.22    18.36    42.36         6.86    20.77    42.74     2.474
    6.83    -9.61    29.02         6.54    -7.24    28.94     2.389
   -3.15   -10.40    48.56        -0.98    -5.76    48.17     5.137
   -2.34   -22.58   -16.50        -2.87   -21.99   -16.87     0.873
   -0.68    18.44     9.95        -1.63    19.18     9.07     1.486
    1.53    16.52    44.26         0.84    19.40    45.12     3.082
  -12.49    10.21    14.90       -11.72    10.02    15.39     0.936
   24.53    -3.99    25.63        23.83    -3.25    25.40     1.041
  -42.49   -22.65   -21.36       -40.23   -21.10   -21.68     2.756
   -4.38    -6.15   -29.64        -1.98    -5.08   -30.66     2.815
