15 PA3-A-Debug-Output.txt
  -14.84   -14.51   -48.11       -14.84   -14.51   -48.12     0.002
    4.15    -8.18    24.87         4.15    -8.18    24.87     0.006
  -39.75   -21.36   -31.36       -39.80   -21.27   -31.43     0.117
   18.19     8.49   -26.55        18.19     8.49   -26.55     0.004
   20.26     1.61    59.58        20.26     1.62    59.58     0.007
   28.38     8.53   -29.93        28.38     8.53   -29.93     0.002
   -8.10    23.69    32.72        -8.10    23.67    32.72     0.012
    5.76    19.30    -3.36         5.75    19.30    -3.36     0.005
  -32.11   -10.10    -7.17       -31.94   -10.00    -7.10     0.204
    7.55    14.25    -8.85         7.55    14.25    -8.85     0.001
  -36.56    -2.43   -41.35       -36.57    -2.43   -41.35     0.003
    2.75    -7.68    28.57         2.75    -7.67    28.56     0.010
   26.74     8.01    28.56        26.73     8.01    28.56     0.008
   -8.69     8.26    32.87        -8.69     8.25    32.87     0.005
   -1.55   -16.80   -36.41        -1.55   -16.80   -36.41     0.001
