200 PA4-G-Unknown-Output.txt
   -4.63   -18.53   -39.38        -4.51   -18.45   -39.49     0.183
   -6.91     7.05    50.97        -6.95     7.06    50.96     0.038
   12.65    21.60    49.23        12.81    21.70    49.25     0.189
  -12.04   -13.47   -47.23       -12.19   -13.33   -47.20     0.207
    7.46    25.08    10.32         7.54    25.30    10.31     0.232
   -4.94    20.40    13.23        -4.77    20.34    13.32     0.202
  -41.59   -15.49   -30.84       -41.18   -15.35   -30.47     0.572
  -19.22   -31.69   -21.65       -19.36   -32.08   -21.63     0.416
   17.21   -10.47   -20.85        17.25   -10.19   -20.49     0.467
   30.38     7.15   -28.73        30.19     7.07   -28.48     0.326
   -6.66    -6.25   -43.53        -6.51    -6.38   -43.41     0.236
   37.58    10.16    -8.99        37.97     9.55    -9.06     0.729
   18.53    -1.40    58.82        18.45    -1.48    58.76     0.129
   -6.90     7.27    58.77        -6.99     7.26    58.77     0.088
    0.31   -14.78    -3.55         0.22   -14.88    -3.54     0.141
   38.29     4.85   -12.03        38.40     4.65   -12.15     0.255
   -9.24     7.25    28.52        -9.46     7.16    28.60     0.251
    5.54    23.05    26.67         5.69    23.11    26.68     0.159
   18.72    -8.64    10.30        18.61    -8.53    10.19     0.196
   -4.72    24.51    28.88        -4.59    24.32    28.84     0.233
   21.20     3.31    56.28        21.14     3.14    56.22     0.188
   22.28     9.86    51.64        22.27     9.64    51.59     0.223
   28.05    -3.59    16.81        27.86    -3.60    16.69     0.225
   35.51    -2.03   -19.07        35.42    -2.02   -18.97     0.132
   16.71    -4.80    45.23        16.62    -4.81    45.16     0.106
   11.78    -6.37    41.98        11.75    -6.33    41.93     0.070
  -29.54   -26.34   -39.88       -29.79   -26.24   -40.02     0.302
  -10.04     7.64     3.95        -9.91     7.59     3.96     0.140
   19.61    -9.06     7.89        19.49    -8.94     7.77     0.210
  -13.45    -5.09     5.45       -13.57    -5.05     5.47     0.129
   -2.13    15.76    57.72        -2.08    15.82    57.72     0.075
  -13.51    10.98    23.09       -13.72    10.81    23.05     0.271
   21.77    25.25     2.83        22.00    25.40     2.82     0.280
    2.74   -18.06   -12.50         2.73   -18.26   -12.48     0.204
  -33.91   -27.82   -21.61       -34.23   -27.73   -21.59     0.331
   19.02   -15.14   -17.16        18.97   -14.83   -16.80     0.471
  -31.19   -11.31   -47.11       -31.21   -11.02   -46.88     0.365
   -4.28   -13.57    -0.74        -4.38   -13.69    -0.72     0.158
   21.12     1.76    53.31        21.04     1.62    53.24     0.170
    0.10   -17.04   -28.84         0.32   -17.07   -29.01     0.287
  -14.02   -29.37   -35.69       -14.16   -29.53   -35.89     0.289
  -26.89   -29.52   -16.40       -27.24   -29.51   -16.33     0.362
    0.34    -1.85   -26.07         0.29    -1.82   -26.10     0.063
   22.34    -6.56    14.95        22.21    -6.35    14.84     0.270
   10.16    20.74    56.17        10.32    20.71    56.16     0.167
   26.86    10.34    26.33        26.98    10.16    26.30     0.214
  -29.81   -29.47   -34.28       -30.10   -29.38   -34.37     0.310
  -15.49    20.20    23.62       -15.52    20.36    23.59     0.169
   -0.37   -12.64   -33.39        -0.21   -12.48   -33.54     0.272
  -23.05     9.56   -18.18       -23.02     9.68   -18.25     0.138
    1.31     8.53   -15.22         1.34     8.49   -15.22     0.049
  -11.63    -4.08     9.74       -11.76    -4.08     9.77     0.136
    6.46    -8.44    19.52         6.43    -8.54    19.49     0.112
   -3.62     9.08   -11.17        -3.58     9.04   -11.18     0.060
  -41.70    -7.03   -16.52       -41.44    -6.82   -16.66     0.359
  -42.50   -17.15   -24.06       -42.52   -16.81   -24.09     0.350
   33.10    17.07    -4.76        33.40    17.05    -4.78     0.298
   18.72    16.01    55.87        18.76    15.76    55.84     0.251
  -19.44    -3.94   -48.11       -19.59    -3.86   -47.89     0.274
   16.35    -6.78    21.58        16.27    -6.64    21.51     0.179
   18.05    -6.17    24.92        17.98    -6.05    24.85     0.154
    9.61    26.01     3.93         9.70    26.25     3.92     0.265
  -39.43   -17.56   -37.52       -39.24   -17.19   -37.46     0.423
  -36.59   -26.29   -26.73       -36.77   -26.16   -26.86     0.254
  -21.69   -17.83   -47.81       -21.85   -17.61   -47.77     0.276
  -16.71    12.24   -27.17       -16.67    12.05   -27.20     0.198
   -6.01    -2.41    36.29        -6.02    -2.55    36.27     0.146
    4.88   -17.06   -12.35         4.78   -17.14   -12.41     0.133
    5.56    -6.93    49.60         5.55    -7.04    49.56     0.117
   16.60    24.66   -15.67        16.47    25.07   -15.73     0.432
   -6.24    -1.30    36.31        -6.27    -1.31    36.29     0.031
   -8.35     8.32   -23.56        -8.43     8.22   -23.54     0.131
   29.75    15.99    13.67        30.05    15.95    13.78     0.325
    0.49   -19.11   -19.43         0.62   -19.35   -19.41     0.280
    7.56    15.93    62.89         7.69    15.81    63.20     0.355
   20.69     0.25   -25.72        20.97     0.28   -25.52     0.343
  -40.14   -15.16   -35.96       -39.85   -14.84   -35.94     0.439
  -25.84   -31.07   -19.29       -26.43   -31.18   -19.22     0.605
  -25.97    -5.48    -7.62       -25.92    -5.44    -7.81     0.206
  -31.21   -14.94   -46.52       -31.05   -14.69   -46.19     0.445
   -0.53    -7.23    31.56        -0.56    -7.30    31.54     0.075
  -31.26   -26.78   -15.62       -31.56   -26.76   -15.48     0.332
   26.69    12.99    24.10        26.78    13.06    24.11     0.113
   20.57    20.46   -28.05        20.57    20.29   -27.89     0.242
   12.11    20.55    57.80        12.29    20.52    57.79     0.176
   32.37    -2.77    13.09        32.25    -2.89    12.94     0.223
   -0.42    -7.25    32.09        -0.46    -7.31    32.05     0.083
   11.84    23.99    -8.48        11.68    24.21    -8.60     0.299
   35.52    11.51   -15.30        35.46    11.27   -15.33     0.245
   14.31   -13.70   -17.51        14.29   -13.37   -17.23     0.431
  -11.19     8.24    11.86       -11.08     8.27    11.87     0.115
    6.92    11.08   -10.97         6.97    11.06   -11.00     0.056
  -13.35     5.29   -41.40       -13.47     5.20   -41.22     0.229
  -23.14     3.08   -44.48       -23.18     3.02   -44.12     0.363
    1.33    -6.09   -26.98         1.31    -6.02   -27.06     0.110
  -15.82   -10.98    -2.18       -16.04   -11.14    -2.24     0.278
    9.69    22.74    -6.71         9.61    22.85    -6.85     0.195
   -8.22   -22.94   -39.93        -8.26   -23.12   -40.20     0.323
   -6.59     8.67    47.37        -6.69     8.68    47.37     0.105
  -35.17     7.17   -29.56       -34.80     6.96   -29.46     0.438
   11.67    -6.50   -22.17        11.63    -6.48   -21.87     0.301
   14.96    25.51    -8.31        15.01    25.80    -8.41     0.305
  -35.67   -18.96   -41.67       -35.74   -18.62   -41.60     0.350
   35.50    15.12     2.34        35.74    15.02     2.29     0.271
  -24.30    12.32   -26.43       -24.18    12.06   -26.47     0.287
   14.93    18.34   -31.29        15.08    18.34   -31.01     0.318
   -6.39    11.63    44.67        -6.54    11.65    44.70     0.154
    8.39    20.43    55.85         8.48    20.53    55.85     0.133
    9.50   -14.51   -17.29         9.30   -14.37   -17.25     0.250
  -38.70     3.17   -31.87       -38.27     3.01   -31.66     0.507
  -28.45    -1.41   -11.27       -28.52    -1.25   -11.43     0.243
   28.35    -7.91   -24.39        28.15    -7.79   -24.00     0.454
   -9.40     7.17    27.97        -9.61     7.08    28.05     0.250
   27.39    22.74    -6.00        27.46    22.94    -6.22     0.303
   18.41     0.52    62.12        18.47     0.32    62.10     0.210
   21.30   -13.87   -19.92        21.48   -13.42   -20.06     0.502
  -37.09    -2.10   -41.16       -36.75    -2.00   -40.86     0.467
   34.43    -2.98   -20.84        34.12    -3.13   -20.85     0.334
  -28.47    -3.06   -10.19       -28.52    -2.95   -10.32     0.180
   15.52     8.49    62.88        15.61     8.33    63.17     0.343
   28.27    21.55     6.71        28.40    21.84     6.62     0.329
  -28.68     3.71   -42.21       -28.51     3.59   -41.83     0.431
   39.91     6.47    -0.42        40.17     6.20    -0.45     0.380
   -2.31    -7.35   -36.71        -2.19    -7.24   -36.80     0.193
   22.51    24.76   -11.30        22.76    24.98   -11.31     0.334
  -41.04     0.91   -24.26       -40.65     0.96   -24.33     0.404
   32.34    -5.36    10.51        32.12    -5.20    10.31     0.342
  -19.39   -31.51   -19.97       -19.52   -31.91   -19.96     0.418
   -6.92   -25.09   -35.33        -6.78   -25.34   -35.51     0.338
    3.45   -12.20     7.71         3.38   -12.15     7.66     0.104
   16.64    17.88    57.51        16.79    17.72    57.49     0.221
   -5.33    11.95    58.84        -5.34    11.98    58.83     0.033
   -6.74     9.67    44.28        -6.87     9.68    44.30     0.131
  -14.64     3.87    -2.20       -14.47     3.79    -2.22     0.189
  -31.82   -18.68    -8.57       -31.98   -18.48    -8.56     0.253
   18.00    22.14   -27.80        18.11    22.10   -27.85     0.126
    5.96   -12.10   -22.49         5.81   -12.05   -22.40     0.178
  -40.68   -21.08   -28.51       -40.79   -20.76   -28.52     0.338
  -27.09     7.25   -15.81       -27.07     7.35   -15.93     0.159
    4.22    22.13     3.84         4.11    22.27     3.75     0.196
   21.12   -11.45   -21.78        21.10   -11.22   -21.45     0.395
   -3.38    18.65    10.45        -3.30    18.54    10.32     0.185
   33.23    -5.63   -21.69        32.90    -5.62   -21.68     0.332
   -5.11    -5.58    28.77        -5.16    -5.60    28.74     0.055
   31.77     7.82   -26.87        31.63     7.65   -26.79     0.240
   -3.11   -11.86     4.30        -3.21   -11.91     4.28     0.110
    7.31    24.30     3.07         7.25    24.52     2.99     0.238
   30.93   -10.01   -14.49        30.71   -10.07   -14.57     0.245
   28.51    20.46     9.53        28.85    20.58     9.63     0.370
   -9.45   -18.34   -44.26        -9.51   -18.25   -44.45     0.211
  -34.90     3.69   -15.28       -34.74     3.79   -15.55     0.330
   15.69    -8.17    14.07        15.60    -8.06    13.98     0.166
  -18.18   -32.09   -29.88       -18.31   -32.41   -30.00     0.367
   33.13    -5.63   -22.08        32.81    -5.63   -21.96     0.340
  -35.14   -16.70   -43.80       -35.21   -16.37   -43.74     0.341
   -9.63    23.56    19.44        -9.41    23.41    19.58     0.300
  -43.73    -9.91   -22.19       -43.61    -9.55   -22.28     0.397
   26.43    22.90   -16.98        27.00    22.96   -17.15     0.604
   -5.71   -10.81     6.12        -5.81   -10.90     6.12     0.136
   19.19    20.29    35.72        19.34    20.14    35.70     0.209
   12.71    18.57   -30.01        12.81    18.54   -30.01     0.109
   21.65    14.01    45.27        21.72    13.81    45.23     0.220
  -15.20   -31.43   -24.62       -15.28   -31.81   -24.64     0.389
  -36.62   -25.56   -31.52       -36.87   -25.26   -31.63     0.410
   -1.91    15.99    56.82        -1.84    16.02    56.81     0.076
   -0.60    21.56    36.81        -0.46    21.45    36.80     0.183
   15.40   -11.22     6.28        15.30   -11.19     6.16     0.149
  -14.01   -30.93   -29.91       -14.08   -31.27   -30.02     0.363
    9.59    25.38     0.95         9.53    25.62     0.85     0.263
   20.13    -1.35    49.42        20.00    -1.37    49.36     0.142
  -15.29   -19.71    -8.02       -15.28   -19.86    -7.67     0.385
   35.79     7.39   -18.67        35.75     7.19   -18.69     0.213
   13.02    -5.77    59.47        12.97    -5.85    59.43     0.098
  -15.41    -7.48     1.17       -15.55    -7.46     1.21     0.155
  -32.49     8.29   -20.71       -32.21     8.17   -20.81     0.326
  -18.92   -10.09   -49.32       -19.08    -9.99   -49.12     0.273
   -6.83     4.09    56.58        -6.89     4.06    56.56     0.079
  -37.13   -24.25   -33.73       -37.28   -23.94   -33.74     0.339
   -7.28     8.48    39.41        -7.46     8.47    39.44     0.189
  -30.16     6.76   -38.33       -30.06     6.47   -38.08     0.395
  -17.70     6.29   -13.67       -17.66     6.36   -13.73     0.103
   20.28   -10.10     4.27        20.15   -10.11     4.16     0.169
   28.19    21.85   -16.00        28.49    22.00   -16.02     0.335
    7.54    -9.42   -23.22         7.38    -9.32   -23.09     0.230
   -6.82     4.56    53.22        -6.92     4.53    53.22     0.107
   14.03    -4.02    62.37        14.13    -4.30    62.44     0.306
    6.68    19.61    60.58         6.69    19.78    60.50     0.188
  -12.49   -28.09   -17.07       -12.62   -28.28   -16.95     0.257
  -22.38    12.52   -26.48       -22.30    12.27   -26.52     0.264
   39.87     6.76    -1.04        40.10     6.59    -1.08     0.293
   34.12    -1.36    12.41        34.67    -1.35    11.80     0.818
  -21.48   -12.54   -47.91       -21.61   -12.72   -47.96     0.233
   -0.38    -6.08    44.48        -0.42    -6.19    44.45     0.119
   28.77    -5.74    12.61        28.63    -5.63    12.39     0.280
   24.31     3.12    37.29        24.27     2.94    37.23     0.190
   22.63    10.16    49.02        22.64     9.95    48.97     0.218
  -24.47   -31.45   -19.91       -24.77   -31.64   -19.89     0.358
   -6.64    20.10    13.97        -6.45    20.02    14.08     0.234
   34.35    -5.03     8.05        34.07    -4.96     7.90     0.323
   -3.64    24.24    29.19        -3.51    24.07    29.16     0.221
