200 PA4-H-Unknown-Output.txt
  -34.47     3.27   -38.50       -34.29     3.15   -38.28     0.308
   15.50    22.21    28.37        15.64    22.53    28.57     0.402
   24.20    13.65    32.60        24.24    13.45    32.71     0.229
   -8.09    -3.13    24.26        -7.99    -3.19    24.33     0.133
   14.07    19.84   -29.63        14.07    20.12   -30.07     0.519
  -36.64   -19.35   -12.25       -36.58   -19.31   -12.25     0.082
    2.58     5.90   -18.44         2.74     6.01   -18.50     0.201
  -39.27     1.15   -33.95       -39.02     1.08   -33.85     0.284
   22.60     1.18    44.75        22.22     1.15    44.76     0.380
  -35.53    -8.93   -44.53       -35.49    -8.87   -44.46     0.102
  -42.90    -2.80   -23.67       -42.55    -2.88   -23.64     0.353
  -24.49   -29.01   -15.00       -24.52   -29.20   -14.84     0.255
   30.37    16.11    13.19        30.42    15.93    13.30     0.221
  -41.70   -15.20   -30.23       -41.45   -15.21   -30.03     0.317
   -4.25   -11.00     7.41        -4.19   -10.88     7.35     0.139
   -4.77   -18.77   -39.06        -4.44   -18.87   -39.19     0.365
   -6.05     0.29    51.22        -5.99     0.16    51.30     0.167
   35.53    14.42    -0.62        35.92    14.48    -0.51     0.407
   21.89   -16.70    -8.98        21.67   -16.43    -8.91     0.347
   -1.99     8.97   -11.80        -2.27     9.04   -11.88     0.295
    5.04    -6.26   -23.81         5.24    -6.27   -23.97     0.254
   33.12     6.38    14.59        32.99     6.16    14.58     0.257
   11.33    -7.04    28.01        11.26    -6.64    28.07     0.410
  -26.65   -27.27   -39.34       -26.71   -27.57   -39.65     0.430
   -4.74    24.04    20.35        -4.72    24.11    20.23     0.139
   18.62   -16.85    -4.55        18.51   -16.51    -4.89     0.492
  -40.57   -19.75   -19.39       -40.46   -19.99   -19.39     0.268
   26.56    20.05   -22.75        26.83    20.15   -22.82     0.304
    4.19    16.29    -1.81         3.75    16.50    -2.07     0.545
   17.14   -16.38   -14.59        17.25   -16.08   -14.33     0.416
   -3.85    13.73    57.82        -4.12    13.81    57.96     0.316
  -37.43    -8.11    -9.51       -37.15    -8.15    -9.62     0.303
   -4.83   -15.53    -3.60        -4.84   -15.44    -3.63     0.099
    3.54     3.16   -20.58         3.70     3.27   -20.67     0.220
   12.04    17.67   -23.42        11.83    17.47   -23.26     0.335
   26.39    14.38   -27.67        26.62    14.53   -27.95     0.395
    4.36    -0.71   -22.57         4.52    -0.66   -22.75     0.251
   -2.14    24.01    20.52        -2.17    24.10    20.62     0.135
   28.42     6.69    23.93        28.27     6.49    23.98     0.264
    8.23    21.64    -4.44         7.66    22.01    -4.58     0.694
  -35.53   -20.54   -12.21       -35.71   -20.32   -12.22     0.280
  -12.93    -4.29     7.39       -12.85    -4.33     7.44     0.105
    4.15    -2.97   -23.62         4.32    -2.88   -23.80     0.263
   19.88    -0.39   -23.77        19.93    -0.42   -23.94     0.181
   -6.25    22.28    17.24        -6.24    22.51    17.15     0.244
   35.11     3.74   -20.96        35.09     3.61   -20.83     0.184
   39.70     7.73    -0.67        39.73     7.61    -0.50     0.208
  -11.61    23.67    21.81       -11.59    23.79    21.86     0.133
   -6.17    -0.07    39.79        -6.12    -0.19    39.87     0.154
   19.02     8.81   -27.85        19.05     8.70   -27.77     0.136
  -32.35    -5.26   -45.46       -32.29    -5.20   -45.39     0.103
  -39.40     3.10   -29.19       -39.08     2.91   -29.13     0.376
  -33.05     6.65   -16.93       -32.75     6.25   -17.02     0.507
   -3.82    -0.75   -30.43        -3.74    -0.77   -30.36     0.106
   10.66   -16.93    -5.94        10.85   -16.56    -5.84     0.428
  -33.16    -2.07    -9.51       -33.21    -2.28    -9.63     0.252
   29.05    19.76    10.47        29.28    19.71    10.71     0.334
   19.22   -12.41     1.57        18.97   -12.06     1.41     0.458
  -11.14    -3.38    12.08       -11.05    -3.42    12.13     0.106
    6.02    -7.64    57.78         5.98    -7.35    57.86     0.302
  -30.56   -26.36   -14.11       -30.53   -26.36   -14.09     0.033
   36.32     9.12   -14.78        36.47     8.99   -14.67     0.222
   -6.78     9.09    -1.13        -6.87     9.23    -1.06     0.177
   -5.70     2.91    63.08        -5.64     2.78    62.89     0.238
    7.56    20.86    39.54         7.51    21.29    39.65     0.445
  -13.47   -27.43   -38.56       -13.14   -27.75   -38.71     0.484
   33.03    -6.87    -0.61        32.39    -6.77    -0.81     0.678
  -30.45   -17.57   -46.02       -30.55   -17.57   -46.10     0.133
  -25.27   -22.46    -8.02       -25.29   -22.56    -7.90     0.160
   27.89     7.33    25.51        27.69     7.12    25.55     0.290
   -0.11     2.46   -23.94        -0.07     2.50   -24.13     0.194
   -6.80     7.85    43.59        -6.98     7.71    43.68     0.252
  -15.53     2.34     0.01       -15.46     2.28     0.09     0.124
    3.36     2.34   -21.35         3.52     2.44   -21.48     0.229
  -39.99   -20.18   -32.38       -40.08   -20.27   -32.37     0.129
  -14.04   -26.47   -13.34       -14.00   -26.69   -13.22     0.252
   32.90    11.76    12.98        32.80    11.51    12.93     0.271
  -28.39    -0.31   -45.01       -28.31    -0.28   -44.91     0.131
  -18.19   -26.42   -11.62       -18.17   -26.56   -11.47     0.212
    6.02    -7.89    26.21         5.96    -7.61    26.21     0.283
  -20.70     4.51   -42.76       -20.65     4.47   -42.60     0.176
  -40.74     1.27   -23.81       -40.42     1.16   -23.79     0.339
    3.86    20.87     4.09         3.32    21.13     3.96     0.616
   16.87    26.59     1.05        17.12    27.03     1.25     0.542
   13.22    -6.80    28.44        13.18    -6.37    28.50     0.443
  -42.23   -15.78   -20.49       -42.24   -15.75   -20.44     0.064
   31.39    18.23   -17.33        31.53    18.13   -17.22     0.203
   20.28    25.53    -7.97        20.54    25.84    -7.86     0.415
   37.65     2.69   -13.70        37.85     2.57   -13.68     0.234
   -6.70     2.44    58.75        -6.73     2.27    58.59     0.236
   25.17   -11.38    -0.27        25.10   -10.72    -0.54     0.720
  -26.06   -15.36    -6.42       -25.95   -15.36    -6.64     0.247
   27.58   -13.10   -13.48        27.22   -12.69   -13.45     0.544
   25.80     8.29    32.61        25.58     8.08    32.65     0.310
   22.65    -7.83    11.30        22.44    -7.25    11.17     0.632
  -15.78   -12.03   -48.29       -15.78   -12.03   -48.49     0.198
   16.91    26.63     2.18        17.16    26.92     2.30     0.406
  -29.37   -22.23   -43.57       -29.42   -22.57   -43.84     0.432
   19.44    -7.06   -23.51        19.47    -7.27   -23.67     0.269
   13.00    15.53   -22.91        12.87    15.34   -22.76     0.271
   -4.38    13.70     7.37        -4.59    13.92     7.19     0.358
   -8.25   -26.61   -34.46        -7.92   -26.92   -34.55     0.460
   10.72    24.03    -5.05        10.23    24.53    -5.28     0.739
    7.63    10.61   -11.09         7.66    10.98   -11.25     0.408
   14.53    -6.16    39.17        14.37    -5.81    39.31     0.412
  -21.99    11.67   -32.69       -21.86    11.49   -32.53     0.270
   21.66     9.65    57.75        21.53     9.43    57.84     0.277
   27.26     9.88    26.03        27.19     9.66    26.11     0.246
    9.63     6.09   -15.60         9.75     6.26   -15.88     0.353
    1.11    10.51    -8.34         1.02    10.81    -8.41     0.315
  -10.24     9.74    31.78       -10.26     9.57    31.90     0.213
   28.11    22.22    -1.96        28.29    22.31    -1.79     0.263
  -27.57   -30.57   -19.65       -27.68   -30.84   -19.57     0.306
   -0.06   -16.87    -6.94        -0.09   -16.74    -6.98     0.143
  -39.87   -10.47   -38.18       -39.90   -10.41   -38.14     0.074
   -8.70    -5.47   -44.67        -8.59    -5.42   -44.67     0.123
   30.25    13.32    15.59        30.30    13.14    15.71     0.216
  -28.00   -25.95   -40.48       -28.12   -26.27   -40.71     0.417
   18.00   -14.32    -0.82        17.80   -13.98    -1.05     0.456
    8.36     3.99    63.29         8.34     3.78    63.07     0.305
  -14.33    10.38   -32.88       -14.40    10.07   -32.71     0.354
   -7.15   -23.74   -14.87        -7.13   -23.83   -14.79     0.122
  -34.75     2.14   -13.11       -34.47     2.05   -13.27     0.339
  -43.13   -15.73   -26.49       -43.22   -15.71   -26.44     0.105
   20.50    -9.33   -22.80        20.61    -9.27   -22.57     0.265
   18.26    13.87    62.64        18.20    13.60    62.58     0.283
  -28.46   -25.85   -40.42       -28.57   -26.17   -40.65     0.409
  -35.32     5.99   -20.08       -34.99     5.72   -20.13     0.427
    8.54    19.99    -6.63         7.96    20.22    -6.89     0.676
  -23.89   -10.58   -49.11       -24.04   -10.68   -49.39     0.330
   -4.70     2.06   -29.26        -4.68     2.01   -29.16     0.119
  -34.02     4.40   -15.01       -33.98     4.08   -15.23     0.391
  -19.51   -27.79   -12.86       -19.48   -27.97   -12.69     0.252
  -31.59   -20.44    -8.84       -31.54   -20.40    -8.89     0.081
   14.14    21.70    39.06        14.33    22.02    39.17     0.387
  -22.79   -10.31   -49.51       -22.78   -10.23   -49.36     0.172
  -14.66    10.70   -32.26       -14.73    10.38   -32.08     0.364
   -6.59   -18.33    -8.01        -6.58   -18.41    -7.93     0.112
   -1.25    -9.31   -31.76        -1.05    -9.25   -31.78     0.213
  -38.63   -21.56   -17.74       -38.69   -21.57   -17.67     0.098
    5.92    -0.07   -21.63         6.04     0.03   -21.89     0.300
  -16.31     7.81   -14.84       -16.24     7.47   -14.95     0.357
  -39.01     2.77   -20.84       -38.87     2.32   -20.86     0.474
   32.90    -0.85   -24.11        33.01    -1.15   -24.09     0.312
   30.70     4.83    18.94        30.38     4.67    18.85     0.370
   33.07    -8.43   -13.76        32.50    -8.20   -13.89     0.627
    8.16    21.85    -3.85         7.58    22.23    -4.00     0.709
   31.83    10.08    15.29        31.82     9.87    15.37     0.221
   -8.52    -6.48    14.33        -8.42    -6.49    14.39     0.121
   40.27     5.85    -1.40        40.22     5.69    -1.30     0.195
  -19.83    12.46   -30.19       -19.81    12.10   -30.06     0.384
   36.62    12.67    -9.46        36.70    12.84    -9.56     0.213
    1.94   -18.16   -20.68         1.97   -18.24   -20.61     0.108
  -15.06    20.90    26.29       -15.42    20.98    26.40     0.385
  -38.56   -18.36   -14.52       -38.58   -18.35   -14.46     0.059
   37.44    12.16     4.62        37.66    12.06     4.74     0.269
  -16.19   -31.61   -24.32       -16.10   -32.01   -24.26     0.412
   -8.66     8.25   -14.01        -8.59     8.16   -13.92     0.149
    4.54    23.46    23.02         4.63    23.61    23.18     0.242
  -28.43     1.55   -12.48       -28.33     1.40   -12.79     0.354
  -11.22   -28.68   -34.01       -11.03   -29.04   -34.16     0.434
   -4.58   -11.97     3.83        -4.58   -11.87     3.81     0.103
  -42.48   -12.47   -18.59       -42.42   -12.43   -18.55     0.085
   36.33    12.83     7.51        36.73    12.72     7.63     0.425
  -16.09    16.77    23.23       -16.43    16.88    23.30     0.362
   22.15    -2.68    34.89        21.72    -2.44    34.81     0.502
  -34.30     4.11   -14.94       -34.04     3.95   -15.20     0.404
   37.03     5.24   -15.23        36.86     4.84   -14.85     0.579
   -4.02     2.69   -27.57        -3.93     2.69   -27.52     0.108
  -15.46     9.09   -37.65       -15.41     9.03   -37.50     0.178
   -0.14   -10.75   -30.06         0.03   -10.74   -30.14     0.188
  -12.15   -18.02    -7.06       -12.15   -18.00    -7.07     0.016
  -39.99   -15.25   -14.51       -39.82   -15.19   -14.57     0.191
   22.47     2.98    48.36        22.22     2.72    48.46     0.377
   18.92    -7.00    19.15        18.81    -6.44    19.17     0.564
   -2.17    23.64    18.79        -2.06    23.77    18.85     0.179
   21.29    12.70    52.38        21.27    12.47    52.49     0.257
  -34.22     5.70   -35.43       -34.00     5.57   -35.26     0.313
   15.35    22.78    23.51        15.50    23.13    23.68     0.417
  -37.97    -9.70   -10.50       -37.84    -9.67   -10.52     0.143
   -7.13     5.78   -29.30        -7.13     5.55   -29.27     0.233
   -6.66    16.80    41.22        -6.90    16.73    41.42     0.322
  -26.88   -25.58   -10.70       -26.88   -25.71   -10.51     0.227
  -23.28   -32.27   -24.84       -23.27   -32.75   -24.79     0.486
   -2.61    15.13     6.52        -2.77    15.65     6.60     0.553
    3.85    -7.30    50.25         3.90    -7.02    50.32     0.297
   25.78     7.96    32.81        25.55     7.75    32.86     0.313
  -30.10     4.25   -40.66       -30.01     4.25   -40.51     0.173
   16.89    -3.92    56.93        16.54    -3.79    56.99     0.374
   38.10    -1.13   -12.52        37.70    -1.02   -12.26     0.487
   -0.23   -15.76    -4.79        -0.26   -15.62    -4.85     0.155
   21.63   -11.37   -21.43        21.64   -11.49   -21.41     0.122
   -6.36   -23.38   -15.06        -6.31   -23.51   -14.96     0.173
    0.48    -8.47   -28.34         0.71    -8.47   -28.39     0.229
  -35.81     5.70   -20.46       -35.48     5.43   -20.51     0.430
  -20.64     5.94   -41.46       -20.57     5.89   -41.29     0.192
    6.55   -12.85     5.70         6.59   -12.51     5.67     0.345
   13.61    11.33   -13.41        13.10    11.42   -13.56     0.538
   10.03     2.88   -18.34         9.98     3.18   -18.64     0.424
    8.32    15.78    63.47         8.37    15.59    63.20     0.328
