200 PA4-D-Debug-Output.txt
   -7.86    11.68     9.30        -7.99    11.70     9.27     0.136
  -38.93    -8.26   -12.22       -39.03    -8.22   -12.20     0.104
   -0.44    17.45     5.44        -0.52    17.49     5.46     0.084
   -5.76   -19.11   -41.02        -5.92   -18.84   -41.25     0.385
   -0.30   -19.47   -15.00        -0.15   -19.62   -15.05     0.213
   -7.35    11.79    42.05        -7.28    11.59    42.06     0.212
  -32.00   -21.28   -42.95       -32.00   -21.13   -43.18     0.271
  -36.59   -25.65   -29.84       -36.71   -25.69   -30.01     0.202
    0.25    18.61     5.85         0.19    18.62     5.89     0.078
   20.25     8.88   -28.90        20.17     8.96   -29.00     0.157
   35.62     8.25    10.49        35.58     8.24    10.48     0.051
   -5.69    -0.92    56.93        -5.56    -1.14    56.90     0.258
   12.82    -7.70   -21.81        12.83    -7.55   -21.77     0.151
   -2.27    -3.58   -30.47        -2.43    -3.60   -30.50     0.158
    1.46   -11.75     8.08         1.47   -11.76     8.00     0.078
  -11.67    17.30    36.79       -11.62    17.09    36.75     0.222
   24.65    -3.79    21.79        24.63    -3.83    21.75     0.062
  -12.85   -30.94   -25.05       -12.73   -31.01   -25.20     0.195
   24.39     9.81    37.97        24.39     9.67    38.00     0.145
   36.99    13.56     3.68        36.85    13.52     3.73     0.147
   -2.22     9.78    -9.30        -2.18     9.62    -9.23     0.176
  -15.12   -24.78   -11.18       -15.06   -24.95   -11.06     0.219
   -4.01    -3.97    54.60        -3.55    -4.04    54.73     0.480
   -6.10    -2.08    35.75        -6.09    -2.55    35.72     0.476
   -6.09    15.68    11.40        -6.24    15.69    11.37     0.153
   -7.16     8.98    -1.58        -7.16     8.96    -1.55     0.040
    8.74    -6.64    63.28         8.74    -6.94    63.24     0.306
   28.13    10.84   -29.54        27.95    10.89   -29.31     0.295
  -13.10    -1.67     8.84       -13.12    -1.73     8.82     0.059
   28.12    -6.50    10.08        28.18    -6.80    10.11     0.308
   29.30     5.34   -28.90        29.24     5.51   -28.80     0.201
  -35.49     0.76   -40.16       -35.41     0.82   -40.07     0.137
   -6.95   -19.78   -41.81        -6.86   -19.64   -41.99     0.241
   -7.90     2.20    29.02        -7.89     2.07    29.00     0.137
   30.64    20.84   -11.39        30.41    20.69   -11.31     0.278
   12.16    23.21   -14.69        12.51    22.81   -14.49     0.568
    4.78     3.98    63.45         4.77     3.69    63.44     0.288
  -14.03    22.33    25.60       -14.32    22.49    25.68     0.338
  -25.99   -22.67    -8.25       -25.99   -22.76    -8.27     0.096
   29.38    10.62    19.34        29.35    10.57    19.37     0.065
  -28.81   -26.78   -13.28       -28.90   -26.96   -13.24     0.204
   22.73     9.64    48.80        22.74     9.61    48.85     0.056
   -3.96    16.58     9.65        -4.09    16.62     9.61     0.138
   24.68     5.90    37.93        24.56     5.77    37.92     0.178
  -14.87     2.32     1.67       -14.94     2.33     1.68     0.066
  -12.30   -26.80   -14.88       -12.20   -26.89   -14.92     0.140
   18.17    26.95    -4.28        18.08    26.70    -4.12     0.318
    8.84   -11.28   -21.14         8.86   -11.17   -21.23     0.141
  -35.03   -10.52   -45.37       -34.93   -10.37   -45.33     0.188
  -39.36     2.00   -31.16       -39.28     2.05   -31.14     0.093
  -30.44    -4.15    -9.47       -30.44    -4.10    -9.44     0.057
    4.77   -14.15   -22.25         4.85   -13.90   -22.41     0.314
   20.26    -6.00   -24.14        20.30    -5.86   -24.11     0.149
   33.44    -6.41   -13.34        33.96    -6.65   -13.40     0.576
    2.41   -11.89     8.43         2.42   -11.90     8.35     0.078
   16.97    22.17    28.84        16.96    22.29    28.96     0.167
  -14.29     3.76    -0.64       -14.36     3.81    -0.63     0.084
    6.47   -12.19   -22.15         6.45   -12.05   -22.16     0.150
   -6.49     2.38    59.29        -6.56     2.23    59.29     0.162
  -16.30    18.19    26.15       -16.27    18.14    26.12     0.060
   36.00     5.37   -17.92        36.23     5.47   -18.01     0.262
  -39.97   -13.90   -34.86       -40.02   -13.76   -34.94     0.169
   29.34     1.13   -28.25        29.55     1.15   -28.56     0.373
  -16.94   -20.31   -46.29       -16.90   -20.14   -46.45     0.241
  -30.06     7.42   -36.39       -29.98     7.31   -36.28     0.183
   14.07    22.30    32.39        14.02    22.54    32.50     0.263
  -40.09   -19.97   -32.10       -40.17   -19.87   -32.24     0.191
   21.61     8.22    58.72        21.50     7.97    58.73     0.274
  -39.43   -18.19   -35.28       -39.51   -18.08   -35.42     0.183
   28.16    -1.65   -27.33        28.41    -1.78   -27.69     0.461
  -36.75   -17.26   -41.47       -36.78   -17.13   -41.61     0.196
    3.12   -16.02   -22.79         3.14   -15.91   -22.89     0.151
   -6.79     3.61    38.80        -6.82     3.43    38.80     0.187
  -30.88    -4.59    -9.27       -30.88    -4.54    -9.24     0.057
   -0.11   -13.78   -33.97        -0.26   -13.61   -33.99     0.229
    7.26    -9.49    15.89         7.22    -9.40    15.79     0.142
  -11.53   -29.55   -32.55       -11.42   -29.56   -32.73     0.212
   11.12    18.71   -13.27        11.19    18.83   -13.17     0.167
   25.79     8.71   -30.31        25.78     8.92   -30.40     0.228
   10.28    -7.00    42.36        10.19    -6.47    42.32     0.534
  -14.38     7.05   -13.74       -14.39     6.94   -13.82     0.140
  -25.95   -25.83   -10.78       -25.92   -25.94   -10.76     0.114
  -16.94    -5.06     0.62       -16.98    -5.09     0.61     0.055
    6.04   -12.36     7.14         6.04   -12.40     7.06     0.085
   13.46    -6.59    48.87        13.14    -6.06    48.78     0.625
   35.07    15.05     7.18        34.88    14.98     7.14     0.199
   10.95    -6.88    62.80        10.53    -6.50    62.32     0.740
   11.00    24.00    20.62        10.97    24.07    20.74     0.135
   20.00    -7.09    13.92        20.02    -7.22    13.90     0.135
  -40.82     0.66   -24.10       -40.75     0.69   -24.13     0.079
  -17.67   -13.14   -48.82       -17.70   -12.91   -48.75     0.240
   14.08    21.71    35.85        14.15    22.01    35.96     0.329
   39.50     8.66    -0.49        39.44     8.71    -0.47     0.083
  -29.60    10.41   -25.21       -29.54    10.32   -25.18     0.115
  -20.79   -31.30   -35.02       -20.68   -31.40   -35.17     0.211
   -6.09   -12.48     1.80        -6.11   -12.55     1.75     0.087
  -14.72   -30.04   -18.97       -14.62   -30.21   -19.03     0.209
   33.67    17.37   -10.92        33.42    17.25   -10.80     0.295
   34.84    15.71     6.48        34.67    15.61     6.47     0.199
   14.84    25.32   -12.52        15.08    24.95   -12.26     0.510
   -5.37    -4.48    33.18        -5.18    -4.46    33.05     0.228
   31.13    -5.54   -23.49        31.37    -5.58   -23.74     0.353
   -0.51   -17.10   -34.35        -0.64   -16.87   -34.40     0.262
   35.31    -3.25    -8.82        35.70    -3.60    -8.80     0.521
   19.15    -9.50   -21.51        19.10    -9.56   -21.74     0.244
   13.33    22.21   -28.88        13.36    22.02   -28.55     0.388
   -1.64   -21.54   -31.28        -1.57   -21.42   -31.41     0.193
   -8.40    24.58    25.70        -8.44    25.08    25.77     0.513
    1.44   -16.06   -26.50         1.40   -15.91   -26.53     0.154
   35.19     4.89   -20.03        35.32     5.03   -20.06     0.199
   22.41    -3.19    30.14        22.26    -3.09    30.08     0.198
    1.03   -17.01    -8.48         1.10   -17.26    -8.43     0.265
   36.96    13.17    -5.09        36.69    13.07    -5.03     0.294
   -1.58     3.08    63.45        -1.59     2.78    63.42     0.297
  -16.44    16.48    23.16       -16.49    16.35    23.22     0.147
  -19.18    -1.34    -4.36       -19.22    -1.31    -4.36     0.060
   22.04     6.46    55.74        21.88     6.49    55.68     0.172
    7.44    -8.54    19.10         7.38    -8.42    18.98     0.181
  -11.11    -7.20     6.85       -11.08    -7.21     6.78     0.073
  -10.75    -0.19    15.76       -10.69    -0.25    15.71     0.094
   -8.50    23.97    29.73        -8.52    24.31    29.98     0.426
  -36.64   -20.10   -13.29       -36.82   -20.16   -13.30     0.186
  -26.36   -31.71   -31.24       -26.37   -31.81   -31.44     0.229
   -4.03   -11.22   -41.13        -4.07   -11.02   -41.17     0.210
    3.75    -7.63    46.98         3.85    -7.02    46.97     0.620
   10.93    -9.96    11.63        10.94   -10.00    11.57     0.077
   -4.02   -23.96   -19.89        -3.86   -24.01   -19.95     0.182
  -15.45    -3.12   -47.23       -15.46    -2.91   -47.19     0.208
   34.68    16.27    -8.51        34.44    16.16    -8.48     0.272
   37.39    -0.83    -5.63        37.84    -1.04    -5.62     0.501
  -25.39    11.01   -19.86       -25.33    10.85   -19.96     0.204
    3.49    24.29    15.62         3.39    24.41    15.67     0.163
  -34.77     6.59   -21.66       -34.69     6.55   -21.68     0.087
   34.94    15.90    -0.70        34.76    15.80    -0.60     0.231
    7.10    -3.90    63.31         7.10    -4.19    63.41     0.299
    3.66   -16.41    -8.25         3.73   -16.69    -8.19     0.288
    1.15    23.27    26.83         1.21    23.60    26.98     0.359
   24.34    24.76     1.50        24.21    24.58     1.54     0.221
  -32.54   -12.25   -46.61       -32.49   -12.07   -46.55     0.197
    2.67    23.90    18.87         2.62    24.09    18.98     0.222
   -9.14    12.22    11.95        -9.30    12.24    11.91     0.163
   -6.65    -0.91    33.47        -6.67    -1.08    33.45     0.164
   -8.68     6.85   -31.92        -8.84     6.86   -31.89     0.164
    8.15    -7.24    42.07         8.09    -6.69    42.03     0.555
   21.99    18.21    30.01        22.12    18.22    30.11     0.163
   17.60    -9.85   -20.56        17.54    -9.91   -20.83     0.280
  -11.24    -8.55   -47.34       -11.30    -8.35   -47.21     0.244
  -24.14   -32.38   -29.73       -24.19   -32.59   -29.91     0.278
    1.56    17.61     3.11         1.56    17.58     3.19     0.093
  -12.92    10.64   -22.22       -13.02    10.54   -22.23     0.150
   24.30    17.26   -27.69        24.23    17.38   -27.54     0.206
   29.30    -2.61    15.88        29.37    -2.75    15.90     0.151
   10.44   -14.93    -0.08        10.41   -15.25     0.00     0.329
   17.10    22.83    23.24        17.16    22.93    23.34     0.154
   27.13    -8.18   -23.82        27.18    -8.13   -24.05     0.238
   20.66    -8.07     9.09        20.71    -8.26     9.09     0.203
   22.36     9.24    51.67        22.32     9.02    51.69     0.216
  -37.73     4.81   -27.07       -37.66     4.81   -27.06     0.079
  -41.27    -1.01   -31.35       -41.21    -0.94   -31.36     0.092
    7.65    25.78     6.87         7.71    25.54     6.94     0.250
   -2.83    -5.30    50.66        -2.45    -5.03    50.64     0.460
    6.89    19.90    49.85         6.60    20.38    49.96     0.572
  -10.51     9.69   -22.78       -10.55     9.62   -22.92     0.161
   19.05    15.67    52.63        19.33    15.68    52.76     0.313
  -33.01   -14.51    -7.91       -33.03   -14.53    -7.85     0.066
   12.09    23.88   -11.67        12.27    23.57   -11.43     0.436
    5.80    19.37    -4.00         6.04    19.67    -3.80     0.429
  -39.89   -10.92   -33.87       -39.94   -10.82   -33.93     0.133
   -4.55    12.70    53.14        -5.03    12.87    53.12     0.514
   37.37     2.67     9.46        37.38     2.68     9.61     0.150
   18.33    26.11   -19.74        18.38    25.42   -19.65     0.699
  -11.56     7.22    17.29       -11.49     7.15    17.32     0.106
    2.99   -17.55   -11.64         3.14   -17.71   -11.65     0.219
   10.65    -7.26    50.95        10.43    -6.60    50.96     0.700
   19.50    -6.89   -23.73        19.51    -6.74   -23.78     0.149
   20.23    22.44    19.34        20.20    22.40    19.43     0.106
   30.61    17.06   -21.66        30.50    17.15   -21.54     0.188
   10.45    -7.44    52.67        10.22    -6.77    52.70     0.713
    9.99    20.94   -10.62        10.18    20.94   -10.42     0.279
   -5.61    -3.18    37.67        -5.39    -3.20    37.59     0.239
  -12.30   -24.77   -41.63       -12.33   -24.67   -41.75     0.160
   30.90    12.18    15.27        30.86    12.14    15.30     0.063
   23.64     7.30    43.79        23.56     7.13    43.83     0.193
   22.89   -11.51    -1.98        23.07   -11.81    -1.82     0.390
   -5.93   -12.69     1.40        -5.94   -12.76     1.35     0.088
    6.62    22.46    29.30         6.58    22.70    29.45     0.285
   24.78     2.02    35.06        24.59     1.97    34.99     0.209
    2.61    23.37    24.17         2.63    23.68    24.28     0.334
   13.96    -7.96    15.43        13.96    -7.99    15.37     0.070
   -3.23   -21.74   -16.28        -3.09   -21.89   -16.40     0.239
    9.41    21.13    -9.44         9.45    20.97    -9.08     0.398
  -18.65   -30.51   -16.98       -18.56   -30.71   -16.91     0.226
  -12.05     9.26   -32.02       -12.21     9.11   -31.97     0.220
   15.77    20.40   -30.31        15.78    20.47   -30.15     0.172
   10.92    20.22   -13.67        11.26    20.15   -13.46     0.400
  -35.13    -5.16   -43.59       -35.05    -5.01   -43.54     0.177
  -11.47   -13.31   -47.10       -11.50   -13.08   -47.03     0.245
   23.89    20.72   -25.23        23.80    20.81   -25.09     0.199
   16.38   -10.68     6.35        16.42   -10.92     6.41     0.249
    4.29     3.80    63.50         4.27     3.52    63.47     0.291
