200 PA4-E-Debug-Output.txt
    1.30    19.53    44.92         1.13    19.45    45.18     0.322
   23.53   -11.17    -1.11        23.55   -11.29    -1.13     0.124
   -5.49    -1.82    54.58        -5.33    -1.66    54.48     0.248
  -33.59     2.02   -40.67       -33.50     1.75   -40.66     0.282
   24.25   -15.03   -14.41        24.19   -14.94   -14.48     0.128
   28.15    17.89    13.80        28.29    18.09    13.87     0.260
   -5.11    13.34    53.97        -4.78    13.23    53.74     0.423
   11.34    17.28   -12.98        11.58    17.48   -12.91     0.324
   24.15    18.29    22.62        24.21    18.43    22.56     0.167
  -30.63     9.24   -22.28       -30.82     9.54   -22.32     0.348
    3.36     4.75    63.16         3.29     4.79    63.50     0.345
   12.28    27.28     3.93        12.23    27.18     3.78     0.186
   20.92    -2.93    34.94        21.07    -3.08    34.92     0.212
   26.22    13.18    24.06        26.57    13.44    24.11     0.437
  -10.76    -4.44   -46.54       -11.03    -4.75   -46.31     0.469
  -42.75   -16.86   -26.69       -42.82   -16.74   -26.62     0.150
  -27.91   -28.42   -15.15       -27.91   -28.63   -15.20     0.220
   23.61     6.68   -30.36        23.64     6.67   -30.28     0.086
  -43.12    -8.03   -29.78       -43.19    -7.89   -29.72     0.172
  -27.29   -29.04   -37.86       -27.15   -28.84   -37.82     0.244
  -32.71   -17.69   -44.89       -32.38   -17.69   -44.60     0.443
  -38.06     3.24   -22.05       -38.35     3.37   -22.09     0.314
  -39.69   -18.72   -17.21       -39.92   -18.94   -17.22     0.316
  -36.82   -10.75   -43.64       -36.74   -10.89   -43.72     0.185
   14.94    17.65   -31.00        14.96    17.66   -30.87     0.136
  -37.41   -11.63   -11.02       -37.87   -11.72   -10.93     0.476
   30.19    19.54   -18.70        30.19    19.52   -18.90     0.202
  -29.56     4.96   -40.71       -29.43     4.59   -40.51     0.440
   -7.32     5.44   -31.53        -7.42     5.30   -31.66     0.215
   40.24     2.67    -4.39        40.29     2.64    -4.46     0.086
   -4.23    -6.20    32.23        -4.11    -5.98    32.07     0.294
   15.68    18.71    53.31        15.91    19.20    53.29     0.536
  -38.48    -3.62   -14.36       -38.79    -3.58   -14.28     0.318
   25.75   -14.05   -14.99        25.69   -13.94   -14.97     0.128
   13.48    -5.44    59.79        13.49    -5.51    59.70     0.119
   13.03   -10.89     7.74        13.03   -10.98     7.68     0.111
   -9.67     5.90    26.19        -9.60     5.93    26.03     0.166
  -40.25   -17.15   -16.99       -40.47   -17.36   -17.01     0.304
   -7.95   -19.31   -43.78        -8.29   -19.30   -43.36     0.550
   -4.44    -5.00    34.14        -4.36    -4.88    33.96     0.229
   -1.18   -13.65   -36.92        -1.50   -13.73   -36.86     0.336
   30.98    -9.76   -14.54        30.96    -9.74   -14.62     0.079
  -24.66     8.20   -17.28       -24.65     8.35   -17.08     0.248
   29.20   -10.92   -12.79        29.27   -11.00   -12.84     0.112
  -36.84     2.04   -37.44       -36.78     1.83   -37.52     0.235
    3.51    -7.20    41.93         3.47    -6.95    41.82     0.279
  -21.09   -12.71   -49.47       -20.99   -12.62   -49.27     0.245
   -6.63     0.91    41.17        -6.37     0.87    41.07     0.284
   14.86    25.27    12.53        14.79    25.36    12.43     0.152
  -28.57   -31.51   -27.35       -28.46   -31.47   -27.44     0.144
   -4.20    17.54     9.80        -3.95    17.27     9.98     0.411
   21.80    -5.72    19.32        21.77    -5.73    19.23     0.088
  -14.52    22.18    24.71       -14.59    22.13    24.57     0.168
  -25.73     0.01   -46.24       -25.63    -0.26   -46.15     0.299
   -5.96     8.02    62.26        -6.09     8.05    62.16     0.157
   23.22     6.70    45.56        23.31     6.75    45.50     0.118
    6.52    24.98     8.17         6.41    25.09     8.04     0.203
  -15.00     3.26    -5.15       -15.22     3.43    -5.18     0.278
  -10.15     6.10   -37.26       -10.30     5.84   -37.28     0.300
    5.69    23.63    21.69         5.61    23.80    21.59     0.215
   -7.18     3.96    59.46        -6.82     4.04    59.24     0.424
  -10.22   -26.04   -39.52       -10.44   -25.73   -39.33     0.426
   -0.39     0.13   -25.52        -0.57    -0.03   -25.46     0.256
  -19.22    10.13   -36.52       -19.20     9.84   -36.50     0.296
   36.84    10.55     8.08        36.91    10.61     8.10     0.096
   -7.70    10.83    42.53        -7.25    10.73    42.09     0.632
    8.10    23.48    23.47         8.01    23.66    23.37     0.218
  -22.16     0.94   -46.16       -22.21     0.64   -45.99     0.349
  -15.52     7.69   -39.84       -15.59     7.35   -39.81     0.356
   22.81    16.16    31.23        23.00    16.35    31.18     0.269
  -28.07     7.05   -38.49       -28.05     6.81   -38.55     0.247
  -24.98   -22.15    -8.04       -25.04   -22.56    -7.84     0.458
    1.02    10.41    -9.16         0.95    10.43    -9.30     0.155
   21.92    20.25    22.59        22.12    20.59    22.57     0.391
   25.86    -9.48     2.80        25.84    -9.42     2.70     0.119
  -42.30   -13.93   -20.04       -42.52   -14.11   -20.10     0.290
   -9.36   -18.42   -44.89        -9.66   -18.43   -44.52     0.473
    4.04   -12.61     4.62         4.03   -12.56     4.51     0.125
   25.55    -1.23    25.91        25.65    -1.36    25.87     0.168
   20.86    16.31    39.47        21.09    16.55    39.40     0.341
  -29.86   -30.28   -21.76       -29.85   -30.40   -21.85     0.148
    7.17    -4.21    63.10         7.10    -4.16    63.41     0.323
  -35.17   -14.13    -9.25       -35.53   -14.25    -9.01     0.445
   28.27    -8.68     3.39        28.30    -8.78     3.36     0.112
  -29.13   -31.06   -30.86       -28.98   -30.91   -30.92     0.225
  -31.96     3.75   -39.83       -31.90     3.55   -39.90     0.214
   26.17    17.83    17.91        26.22    17.96    17.85     0.155
   29.57    14.88    14.82        29.70    15.02    14.88     0.202
   22.69    11.63    43.39        23.04    11.77    43.37     0.375
   -0.89    17.45    53.55        -0.87    17.27    53.40     0.236
   -4.19   -26.33   -26.60        -4.42   -26.05   -26.63     0.359
  -19.55   -15.10   -49.12       -19.58   -15.02   -48.58     0.552
   38.64    10.11     2.59        38.80    10.27     2.52     0.239
    1.12    -5.36   -27.52         0.81    -5.61   -27.39     0.413
   -6.54     8.93    59.16        -6.59     8.94    59.03     0.135
  -11.71     8.17   -35.64       -11.79     7.93   -35.71     0.261
   16.00    21.28   -29.91        15.92    21.13   -29.81     0.193
   24.73     6.62   -30.56        24.68     6.62   -30.35     0.219
   -0.22    12.33    -3.70        -0.28    12.33    -3.83     0.149
   12.55    20.44    57.26        12.44    20.57    57.15     0.202
   -7.92     7.44    37.85        -7.51     7.51    37.48     0.553
   10.03     7.19    62.78         9.93     7.22    62.92     0.181
   20.09    10.71    61.74        20.49    10.91    61.79     0.459
  -27.58    -4.63   -48.09       -27.42    -4.90   -47.94     0.354
   17.50    -3.23    51.82        17.55    -3.43    51.71     0.234
  -39.66   -16.86   -35.16       -39.86   -16.91   -35.26     0.232
  -15.56   -21.13    -8.90       -15.42   -21.43    -8.64     0.418
   -7.94     3.18    31.82        -7.53     3.23    31.61     0.464
   31.54    19.32   -10.30        31.62    19.45   -10.40     0.181
   29.20    16.60    14.01        29.27    16.74    14.02     0.161
  -25.45   -27.72   -12.92       -25.42   -27.86   -12.98     0.159
  -26.44   -13.98    -6.79       -26.44   -14.24    -6.42     0.450
   19.80    -8.42   -23.25        19.82    -8.29   -23.18     0.143
  -39.82     1.91   -28.31       -39.76     2.07   -28.61     0.347
  -10.21   -23.61   -42.19       -10.40   -23.35   -41.93     0.413
   12.13    16.98   -22.47        12.15    16.96   -22.59     0.128
  -25.76   -27.60   -12.93       -25.85   -27.69   -12.77     0.206
  -25.80     7.87   -38.44       -25.65     7.75   -38.40     0.196
  -24.31     9.75   -36.04       -24.34     9.66   -36.18     0.176
    0.67   -19.02   -13.07         0.65   -18.90   -13.16     0.149
   28.79    18.14   -22.83        28.65    18.05   -22.85     0.165
   -5.72   -19.89   -10.74        -5.54   -20.29   -10.72     0.442
   -9.19     7.91   -12.91        -9.24     8.09   -13.03     0.221
   20.70    -6.64   -24.17        20.70    -6.55   -24.03     0.163
  -16.71   -32.43   -27.27       -16.69   -32.34   -27.38     0.137
   22.03    10.63    48.14        22.49    10.88    48.12     0.527
   -6.05     3.39   -32.65        -6.34     3.20   -32.77     0.372
   -6.31    10.29     1.92        -6.33    10.21     1.80     0.139
  -37.79   -17.10   -40.56       -37.61   -17.16   -40.56     0.191
    1.37    18.50    51.60         1.24    18.59    51.48     0.193
   21.16     1.49    50.68        21.37     1.42    50.64     0.233
   11.68    26.10    10.30        11.58    26.18    10.39     0.152
    6.63    -6.98    40.53         6.56    -6.84    40.43     0.187
   11.49    26.82     1.17        11.41    26.81     1.04     0.151
  -38.98    -0.68   -36.75       -38.89    -0.87   -36.96     0.300
   36.82     7.18   -15.26        36.71     7.17   -15.35     0.141
   17.19    21.53    35.42        17.12    21.62    35.31     0.161
   38.92     2.58     7.59        38.89     2.61     7.52     0.087
  -24.49   -18.48    -6.99       -24.68   -18.68    -6.59     0.482
   10.89    21.34    44.98        10.78    21.38    44.85     0.167
  -27.46    10.61   -21.79       -27.55    10.68   -21.88     0.158
  -19.78   -14.84   -48.45       -19.75   -14.97   -48.61     0.205
   14.11    -6.73    24.86        13.97    -6.63    24.85     0.167
   31.61     1.63   -26.25        31.53     1.63   -26.30     0.092
  -10.58    -7.43     7.64       -10.52    -7.38     7.49     0.175
  -12.17   -17.97    -7.46       -12.16   -18.26    -7.32     0.328
   29.59    -9.16    -1.15        29.69    -9.32    -1.20     0.191
  -15.73    20.24    24.21       -15.75    20.16    24.08     0.149
   -1.52     1.02   -26.44        -1.78     0.85   -26.36     0.317
   15.96    11.92   -27.87        15.98    11.92   -27.96     0.089
   -7.72     4.49    57.95        -7.09     4.96    58.07     0.799
  -20.63   -13.20    -5.36       -20.71   -13.47    -5.12     0.366
   23.60    20.25    18.48        23.73    20.49    18.47     0.271
   31.01    15.65    12.32        31.13    15.85    12.36     0.240
   30.45     6.85    18.25        30.64     6.92    18.29     0.205
  -25.15   -30.63   -36.13       -24.97   -30.31   -35.96     0.403
  -16.13    11.05   -33.22       -16.21    10.79   -33.31     0.286
   -7.11   -21.98   -12.24        -7.06   -22.09   -12.30     0.134
   36.84    -2.33     2.78        36.80    -2.29     2.71     0.096
  -22.90    -0.71    -9.86       -23.21    -0.51    -9.66     0.419
   -9.33   -28.77   -33.32        -9.54   -28.48   -33.36     0.355
   10.89    12.05    62.86        10.79    12.11    63.15     0.303
  -14.08    22.19    21.10       -13.71    21.89    21.16     0.477
  -26.63     9.11   -35.72       -26.64     8.94   -35.83     0.202
   13.14     9.58    62.94        13.02     9.62    63.12     0.219
  -26.98    11.11   -25.15       -27.14    11.35   -25.27     0.305
  -29.34   -24.34   -42.66       -29.16   -24.18   -42.49     0.291
  -30.19   -23.82   -42.61       -30.05   -23.73   -42.51     0.199
  -11.15    18.26    36.71       -11.29    18.26    36.64     0.165
  -13.59   -31.23   -29.58       -13.60   -31.16   -29.64     0.094
   14.72   -14.05   -16.88        14.77   -13.86   -16.78     0.217
   -9.59   -18.57   -45.10        -9.92   -18.56   -44.68     0.532
   28.71    20.48   -20.65        28.58    20.38   -20.70     0.173
   36.41     4.32   -16.53        36.41     4.32   -16.62     0.092
   -7.10     2.24    57.26        -6.68     2.33    57.16     0.435
  -23.88   -15.48    -6.53       -23.89   -15.58    -6.11     0.432
  -22.28   -11.58   -49.80       -22.16   -11.52   -49.49     0.336
   37.40    12.00     3.87        37.62    12.17     3.78     0.285
    7.15    23.59    21.14         7.04    23.93    21.06     0.363
   30.88     1.13   -27.60        30.72     1.12   -27.61     0.159
   -7.68    24.17    30.44        -7.74    24.18    30.35     0.113
   27.63    22.53     1.50        27.67    22.67     1.41     0.176
   21.61    24.02   -23.26        21.56    24.01   -23.38     0.131
   -6.97    18.40    12.92        -6.79    18.30    13.12     0.293
   15.83    -5.07    41.93        15.89    -5.38    41.86     0.324
   -7.53    21.16    36.17        -7.74    21.51    36.28     0.419
   -6.87     6.94   -25.51        -7.03     6.67   -25.53     0.309
   -2.90    23.95    18.60        -2.98    23.72    18.51     0.263
   -8.83    24.24    21.72        -8.92    24.34    21.54     0.223
    0.13    19.97    42.35         0.00    20.06    42.23     0.191
   35.27    -3.51     0.51        35.29    -3.65     0.36     0.198
   18.91    25.98   -10.28        18.84    25.94   -10.39     0.141
  -15.17    14.94    31.31       -15.28    14.90    31.19     0.167
   -5.43   -24.62   -35.13        -5.65   -24.42   -35.11     0.306
   -6.19   -27.34   -25.44        -6.23   -27.30   -25.54     0.117
   25.52    23.68   -16.41        25.49    23.73   -16.53     0.127
  -18.73   -18.02    -6.78       -18.80   -18.27    -6.51     0.375
  -15.72     7.56   -40.21       -15.80     7.17   -40.16     0.400
   -9.05   -29.35   -25.09        -9.15   -29.24   -25.21     0.189
  -25.30   -23.16   -44.83       -25.21   -22.87   -44.51     0.446
