200 PA4-K-Unknown-Output.txt
   16.28    21.36    38.12        16.32    21.47    38.10     0.128
  -32.66     6.80   -18.04       -32.65     6.72   -18.03     0.082
  -23.44     2.55   -44.09       -23.51     2.73   -44.33     0.311
   20.51    15.64    48.67        20.18    15.37    48.61     0.437
   -2.83    -6.31   -35.17        -2.60    -6.19   -35.12     0.262
  -37.76    -0.73   -38.66       -37.84    -0.73   -38.53     0.155
  -19.64   -31.82   -34.37       -19.66   -31.67   -34.31     0.160
  -35.33     0.81   -12.89       -35.17     0.61   -13.04     0.300
   30.09    -7.11     4.79        30.25    -7.97     4.84     0.879
   37.15    12.45    -6.90        37.03    12.50    -6.95     0.140
   11.87    20.16    58.67        11.95    20.47    58.70     0.315
   22.03   -15.06   -14.96        22.16   -15.62   -15.07     0.582
   23.12    23.68   -22.41        22.97    23.65   -22.38     0.161
   -6.30   -13.19   -43.06        -6.19   -13.24   -43.27     0.237
   27.02    19.49    13.86        27.07    19.59    13.89     0.113
    0.98   -18.41   -11.61         1.04   -18.58   -11.58     0.188
    4.56    -7.97    60.67         4.71    -7.46    60.66     0.529
    5.13    20.00    43.24         4.89    20.39    43.31     0.469
    0.85   -18.30   -24.65         0.97   -18.33   -24.71     0.137
   -9.82     7.20    -5.91        -9.72     7.33    -6.08     0.235
   11.60     5.39    62.59        11.67     5.36    62.93     0.346
   23.53    25.27    -5.76        23.31    24.92    -5.80     0.413
  -27.64     9.04   -34.77       -27.79     9.16   -34.82     0.202
   -5.82     5.90    59.51        -7.08     5.84    59.49     1.262
    1.81   -18.39   -22.51         1.81   -18.37   -22.54     0.035
   -4.04   -17.07    -7.39        -3.98   -17.37    -7.26     0.327
  -28.67   -23.16   -43.69       -28.66   -23.10   -43.58     0.133
   -5.38   -23.69   -35.36        -5.24   -23.79   -35.45     0.193
   11.70    20.25    55.64        11.75    20.67    55.63     0.417
  -16.21    -9.37    -0.55       -16.16    -9.39    -0.58     0.059
   -5.84     7.36    55.64        -6.82     7.51    55.65     0.997
    6.33   -12.15     6.38         6.33   -12.43     6.36     0.288
   12.61   -10.50     8.30        12.72   -10.82     8.37     0.347
  -30.62   -20.88    -8.40       -30.50   -20.87    -8.56     0.194
   34.76    -4.07     7.25        35.03    -4.28     7.27     0.347
   15.10    11.86   -27.21        15.37    12.18   -27.08     0.442
   -2.57    -9.70    18.33        -2.52    -9.73    18.31     0.055
  -14.64    -5.81   -47.73       -14.71    -5.82   -47.69     0.079
   -7.64    23.66    30.84        -7.74    24.13    30.91     0.491
   -4.30   -10.79   -41.11        -4.14   -10.80   -41.29     0.246
  -32.32   -18.42    -8.46       -32.17   -18.44    -8.66     0.252
  -25.56     6.24   -40.23       -25.70     6.36   -40.29     0.193
    1.79   -10.44    15.88         1.84   -10.47    15.86     0.060
   -5.50    16.65    11.03        -5.48    16.59    11.08     0.076
   21.32    25.79   -15.16        21.11    25.31   -15.15     0.523
   -2.15   -22.11   -31.74        -2.04   -22.16   -31.78     0.126
   15.62    21.70    36.94        15.62    21.64    36.93     0.056
   -6.59   -27.24   -24.53        -6.49   -27.37   -24.54     0.166
    6.92    -5.35   -23.41         6.76    -5.38   -23.08     0.367
   28.30    -2.45    17.53        28.54    -2.65    17.56     0.304
   27.75    11.97    21.62        27.88    12.03    21.63     0.145
  -13.64   -26.72   -13.09       -13.66   -26.58   -13.17     0.168
   26.56    23.15   -18.82        26.28    22.89   -18.75     0.386
  -37.02    -6.90   -42.29       -37.15    -6.92   -42.33     0.135
  -11.59   -30.36   -23.51       -11.63   -30.27   -23.54     0.108
   21.73    25.61   -14.01        21.55    25.26   -14.01     0.387
   20.34   -11.77   -21.48        20.38   -11.62   -21.28     0.255
   19.03   -16.70    -9.08        19.17   -17.22    -9.03     0.540
   25.98    -4.45    16.52        26.15    -4.69    16.58     0.302
   -5.67   -24.71   -17.93        -5.67   -24.70   -17.97     0.040
  -35.51     4.27   -35.68       -35.45     4.09   -35.58     0.212
    4.57   -13.59    -0.59         4.55   -13.79    -0.57     0.199
  -21.93   -11.08   -49.56       -21.98   -11.09   -49.66     0.105
  -15.25   -17.43    -5.80       -15.23   -17.42    -5.89     0.099
   15.81    21.41    41.25        15.75    21.22    41.23     0.208
    9.23    -6.70    34.62         9.27    -6.57    34.59     0.131
  -36.20   -13.19   -44.70       -36.01   -13.15   -44.47     0.300
   11.86    21.31    35.31        11.76    22.01    35.35     0.711
    8.34    18.42    61.53         8.42    18.54    61.66     0.188
  -30.47   -14.97    -6.47       -30.37   -14.83    -6.91     0.475
  -22.09   -11.69    -4.51       -22.04   -11.73    -4.59     0.108
  -24.51   -31.16   -34.54       -24.50   -31.12   -34.51     0.053
   -4.08    18.10    42.26        -4.27    18.42    42.42     0.404
  -35.46   -25.61   -34.85       -35.32   -25.52   -34.76     0.185
   -8.45   -24.37   -38.85        -8.44   -24.39   -38.90     0.058
   33.89    -4.46    -0.32        34.19    -4.62    -0.44     0.362
   -0.97   -17.92   -34.92        -1.09   -17.88   -34.89     0.130
  -28.25     2.54   -13.08       -28.26     2.40   -13.22     0.196
   -0.10    -5.90   -28.51        -0.05    -5.85   -28.60     0.118
   23.99     8.75    44.05        23.44     8.71    43.95     0.563
    1.86    -7.28    55.83         1.83    -7.15    55.83     0.135
  -19.66    -4.14   -47.77       -19.65    -4.03   -47.99     0.250
    5.05   -10.13   -24.14         5.07   -10.12   -24.20     0.063
   -4.43    -4.19   -39.26        -4.29    -4.07   -39.38     0.215
   14.98   -13.84     0.34        15.20   -14.23     0.54     0.492
    4.04    -7.59    48.66         4.19    -7.09    48.62     0.527
  -23.64   -11.07   -49.20       -23.70   -11.13   -49.29     0.119
   40.27     4.68    -5.00        40.40     4.79    -5.11     0.198
    9.35    25.77    11.56         9.55    25.68    11.57     0.221
   35.42    -0.34   -19.47        35.53    -0.25   -19.58     0.180
   32.74    17.88     6.34        32.70    17.93     6.29     0.079
   18.81    25.75     7.23        18.77    25.82     7.22     0.075
  -26.88   -14.30   -47.76       -26.94   -14.34   -47.80     0.083
   -2.39    -4.84    50.93        -2.43    -5.06    50.92     0.221
   29.27    -9.43    -5.51        29.58    -9.80    -5.60     0.488
   11.20    18.64   -21.10        11.62    18.87   -21.20     0.490
    6.37    20.52    -5.40         6.88    20.31    -5.07     0.645
   -0.36    -8.27    27.92        -0.27    -8.02    27.86     0.272
   -3.08    -5.95    34.78        -2.77    -6.31    34.93     0.494
    1.45   -11.62     8.77         1.48   -11.68     8.76     0.069
  -40.16    -3.85   -37.19       -39.92    -3.99   -37.16     0.284
   20.97   -12.77    -3.05        21.32   -13.34    -2.73     0.739
  -15.26    -9.69   -48.30       -15.31    -9.66   -48.38     0.092
    4.99    18.00    62.04         5.12    18.44    62.46     0.620
  -37.81     4.52   -25.31       -37.92     4.52   -25.25     0.125
   19.72     3.75   -26.24        20.02     3.99   -26.10     0.415
  -36.17     5.88   -24.83       -36.43     5.85   -24.87     0.266
   -6.70   -23.72   -14.89        -6.69   -23.70   -14.93     0.047
   -4.10    12.96    54.23        -4.62    13.46    54.14     0.727
   -3.68   -20.11   -37.14        -3.51   -19.76   -37.48     0.521
   36.25    13.98    -5.82        36.04    13.93    -5.87     0.224
   -0.06   -17.14   -29.58         0.08   -17.15   -29.66     0.169
   -6.05     6.16    50.72        -7.09     6.30    50.73     1.055
   -7.71    23.26    33.02        -7.76    23.50    33.18     0.301
  -16.69     9.12   -37.63       -16.79     9.21   -37.70     0.150
  -17.37    11.56   -31.30       -17.45    11.59   -31.38     0.117
   15.08    -6.00    32.24        15.12    -5.83    32.17     0.184
   -3.81   -18.05    -8.58        -3.80   -18.01    -8.63     0.067
   -8.98   -18.97   -43.89        -8.97   -18.95   -43.92     0.034
  -39.37    -1.45   -36.42       -39.40    -1.26   -36.39     0.193
  -17.54    10.28   -20.36       -17.53    10.42   -20.25     0.174
  -11.11    -0.38    13.75       -11.28    -0.50    13.83     0.217
   -6.04    -0.29    34.24        -6.70    -0.50    34.32     0.694
   12.35    27.62     0.83        12.46    27.29     0.89     0.357
  -33.15     0.83   -12.57       -33.20     0.69   -12.82     0.292
   27.91     8.50    25.50        27.59     8.49    25.36     0.346
   20.95   -11.47    -0.42        21.21   -11.83    -0.24     0.479
   36.10     8.42   -17.18        36.08     8.85   -17.21     0.432
  -26.83   -21.05   -45.95       -26.86   -21.05   -45.91     0.053
  -25.02   -28.67   -13.66       -24.97   -28.47   -13.83     0.261
   -6.12    -3.20    32.32        -6.26    -3.36    32.36     0.224
    2.58    -7.43    53.54         2.72    -7.06    53.56     0.398
   16.48   -10.11   -20.54        16.72   -10.01   -20.46     0.278
  -13.12    15.13    17.75       -13.24    15.05    17.62     0.193
  -28.07   -26.85   -40.46       -28.00   -26.64   -40.27     0.292
   38.12    11.68    -4.24        37.84    11.62    -4.26     0.283
  -20.32   -24.63    -9.16       -20.31   -24.61    -9.30     0.136
   18.38    21.87    29.40        18.33    21.80    29.37     0.091
    0.33    -6.85    38.60         0.43    -6.80    38.58     0.118
   12.88    23.20   -27.84        13.50    22.39   -28.05     1.040
   -7.33     5.89    35.30        -7.45     5.77    35.33     0.167
   -6.84     5.91   -26.34        -6.81     6.05   -26.41     0.160
   29.38    17.57    12.65        29.47    17.70    12.68     0.164
   34.19    -5.06   -14.52        34.80    -5.36   -14.59     0.688
   -5.80     8.95    -4.72        -5.87     9.00    -4.72     0.090
  -10.98     9.34    30.48       -10.76     9.51    30.43     0.287
  -39.20   -21.01   -34.53       -39.02   -20.81   -34.34     0.328
   10.99    -5.82   -22.37        10.96    -5.68   -22.16     0.256
   20.35    -6.41   -24.30        20.34    -6.28   -24.16     0.195
   12.94    23.05   -24.63        13.70    22.36   -24.30     1.087
   -5.64     2.47   -29.61        -5.40     2.66   -29.76     0.344
   13.23    24.12    19.71        13.20    24.11    19.70     0.033
   13.15    -6.90    60.46        12.82    -5.95    60.42     1.007
  -36.62     1.51   -38.00       -36.74     1.49   -37.98     0.118
   39.06    10.11    -1.12        38.75    10.38    -1.41     0.504
  -29.46     9.30   -20.04       -29.58     9.40   -19.95     0.172
  -36.26     1.07   -38.90       -36.37     1.05   -38.88     0.116
  -25.32    -8.97   -49.05       -25.37    -9.01   -48.99     0.086
  -19.40     3.40   -10.50       -19.37     3.27   -10.55     0.139
   -5.23     3.26   -28.01        -4.95     3.40   -27.96     0.324
    7.05    -9.12    17.28         7.07    -9.06    17.23     0.085
    1.58    -6.89    46.40         1.68    -6.78    46.38     0.147
  -19.82    -0.65    -6.16       -19.94    -0.62    -6.06     0.167
   25.69    24.06   -11.09        25.46    23.77   -11.10     0.371
   -5.37    -0.47    46.41        -5.81    -0.53    46.55     0.474
   -7.77     3.49   -36.06        -7.58     3.72   -36.19     0.335
   24.08    16.29    27.15        24.04    16.32    27.15     0.053
   16.02     9.94   -24.60        16.59    10.12   -24.50     0.611
   -7.85   -20.70   -10.20        -7.77   -20.80   -10.09     0.171
    9.27    -7.13    47.56         9.21    -6.68    47.59     0.455
   20.52    18.37    35.34        20.63    18.43    35.33     0.126
   13.16    24.02   -20.23        13.60    23.18   -20.21     0.947
   33.19    -1.91    11.55        33.64    -2.26    11.98     0.717
  -23.02    -3.97   -47.39       -23.09    -3.98   -47.40     0.069
   23.24    16.02    31.73        23.11    15.95    31.67     0.157
  -18.65   -16.31   -47.95       -18.69   -16.33   -47.99     0.056
  -11.59     2.38    14.91       -11.78     2.31    14.96     0.209
  -38.36   -17.08   -12.93       -38.14   -17.06   -13.03     0.241
  -17.18   -28.77   -14.51       -17.19   -28.68   -14.60     0.133
   21.67    -5.47    20.34        21.76    -5.62    20.31     0.177
    3.84     0.19   -22.89         3.73     0.15   -22.76     0.171
   19.09     7.15   -27.69        19.54     7.36   -27.46     0.547
  -15.44   -11.67   -48.51       -15.50   -11.66   -48.54     0.072
  -13.16     9.28   -33.07       -13.20     9.37   -33.08     0.103
   -3.95    12.30    55.15        -4.83    12.66    55.29     0.956
   -6.20     6.11    54.01        -7.10     6.24    54.02     0.915
   14.37   -15.87    -2.61        14.42   -16.35    -2.49     0.506
  -24.40    -0.06   -11.01       -24.41    -0.15   -11.03     0.088
  -19.80    -0.11    -6.03       -19.71    -0.23    -6.09     0.160
   34.28    12.51   -18.24        34.28    12.63   -18.30     0.134
  -22.26     7.10   -39.71       -22.30     7.33   -39.89     0.296
  -14.69    14.07    31.94       -14.52    14.06    31.86     0.182
  -32.39     4.49   -38.68       -32.46     4.44   -38.63     0.099
  -14.09    13.04    32.30       -13.90    13.09    32.23     0.210
   -8.42    13.34    11.67        -8.49    13.32    11.66     0.068
  -39.31   -22.48   -21.23       -39.22   -22.49   -21.21     0.100
   22.70     7.77    52.97        22.20     7.75    52.85     0.515
  -36.93    -3.49   -41.40       -37.08    -3.42   -41.27     0.209
   30.10    21.37     0.45        29.83    21.14     0.42     0.354
  -32.21     7.64   -19.31       -32.28     7.60   -19.25     0.097
