200 PA4-C-Debug-Output.txt
   -5.56    11.25    56.49        -5.55    11.24    56.36     0.121
  -13.77   -29.01   -17.29       -13.79   -29.05   -17.39     0.110
  -12.67    -1.59   -45.65       -12.73    -1.62   -45.80     0.168
   20.37    14.24    53.46        20.33    14.16    53.22     0.255
   -6.58   -12.75     0.80        -6.53   -12.80     0.75     0.086
    7.90    22.59    29.86         8.02    22.63    29.82     0.140
   11.54    -2.04    62.63        11.65    -1.97    63.17     0.553
    6.87    20.11    58.29         6.95    19.92    58.14     0.250
   27.93     9.60   -30.44        27.61     9.44   -30.13     0.476
  -12.56    14.71    16.57       -12.25    14.75    16.97     0.510
   24.59    22.80   -22.03        24.46    22.79   -22.19     0.199
  -41.06   -19.54   -30.41       -40.77   -19.59   -30.36     0.303
   -8.57   -22.82   -12.17        -8.56   -22.92   -12.24     0.123
  -26.03   -26.81   -11.54       -26.05   -26.87   -11.62     0.103
  -13.18   -11.75    -0.88       -13.17   -11.90    -0.88     0.146
  -28.10     9.41   -32.78       -28.25     9.40   -32.88     0.182
   14.24    21.99    43.40        14.15    21.84    43.24     0.238
   -8.65     7.07    30.08        -8.88     6.96    30.04     0.257
   15.82    21.37    41.09        15.73    21.24    40.93     0.223
    0.33    20.32     7.24         0.53    20.06     7.27     0.331
  -10.97   -30.49   -28.03       -11.13   -30.29   -28.08     0.265
   20.61     0.33    51.91        20.70     0.33    51.77     0.166
   14.35    25.55    -9.07        14.28    25.44    -9.20     0.185
    7.14   -16.51   -13.81         7.07   -16.34   -13.94     0.220
  -27.39   -30.99   -18.73       -27.25   -30.87   -18.90     0.254
   -1.32   -20.47   -32.88        -1.27   -20.42   -32.89     0.068
  -35.60   -16.69    -9.93       -35.62   -16.77   -10.01     0.115
  -13.56    21.75    20.03       -13.31    21.54    20.09     0.329
  -18.32     4.25   -11.78       -18.51     4.56   -11.71     0.364
   24.62    17.36    23.02        24.77    17.50    22.91     0.230
  -11.98   -14.06   -47.43       -12.18   -14.08   -47.12     0.368
  -26.08     9.72   -19.33       -26.30    10.06   -19.18     0.437
  -14.30     2.17     3.13       -14.48     2.21     3.08     0.189
  -39.27   -18.35   -37.88       -38.86   -18.20   -37.68     0.480
  -26.34     3.53   -42.99       -26.42     3.36   -42.99     0.187
   -5.01    -1.65    53.69        -5.18    -1.80    53.56     0.264
    2.95    -6.67    44.55         2.97    -6.87    44.43     0.231
  -10.34    22.14    17.68       -10.10    21.59    17.68     0.599
   11.75    24.71    15.28        11.67    24.86    15.16     0.204
    4.50    19.38    55.61         4.56    19.22    55.46     0.223
   23.64     6.50   -31.07        23.77     6.60   -30.30     0.786
  -18.22     5.34   -13.60       -18.45     5.65   -13.35     0.459
    0.99    23.17    28.97         1.04    23.30    28.87     0.174
  -32.30     8.64   -25.14       -32.50     8.73   -25.22     0.228
   20.66    -0.16   -25.99        21.17     0.06   -25.68     0.636
   -5.08    20.21    12.72        -4.92    19.85    12.94     0.451
  -29.01     7.47   -36.65       -29.15     7.45   -36.76     0.175
  -34.54     7.19   -28.77       -34.51     7.33   -28.76     0.145
   22.94     3.27    44.19        23.05     3.29    44.06     0.175
    2.55   -18.52   -14.96         2.45   -18.44   -15.08     0.174
   -0.52   -12.73     1.83        -0.54   -12.75     1.72     0.120
  -18.38   -16.31   -48.45       -18.56   -16.16   -48.04     0.470
   22.06     1.19    44.95        22.21     1.17    44.83     0.192
   21.30   -13.42   -19.18        21.34   -13.24   -19.36     0.254
   12.11    12.27    62.43        12.15    12.31    63.11     0.687
   38.10    10.97     4.20        38.17    11.07     4.02     0.221
    8.20    -6.56    36.63         8.23    -6.69    36.48     0.203
  -25.05    11.00   -21.81       -25.24    11.20   -21.88     0.284
    5.67   -14.77   -21.35         5.44   -14.61   -21.36     0.278
   24.62    12.72    31.80        24.73    12.80    31.67     0.186
  -36.50   -25.47   -34.00       -36.35   -25.06   -33.65     0.560
  -22.64     8.37   -38.18       -22.76     8.37   -38.32     0.180
   35.80    13.43   -11.42        35.79    13.46   -11.64     0.227
    6.21   -14.62   -20.79         5.97   -14.45   -20.79     0.289
   -7.04     8.68    40.96        -7.23     8.66    40.87     0.212
  -21.63     3.70   -43.47       -21.74     3.60   -43.54     0.166
   20.95    13.78   -31.33        20.57    13.70   -31.05     0.480
   14.90    -7.80   -22.64        14.94    -7.66   -22.02     0.635
    7.77   -14.72    -0.92         7.69   -14.83    -0.99     0.152
   -5.23    -1.05   -37.82        -5.14    -1.01   -38.04     0.240
    3.10    -6.78    40.02         3.12    -6.96    39.90     0.217
   22.30   -16.22   -12.69        22.14   -15.97   -12.75     0.300
   -7.27     4.38   -33.87        -7.21     4.66   -34.06     0.345
  -10.11    12.87    13.24        -9.79    12.75    13.34     0.358
   36.48    13.93     4.71        36.55    14.04     4.53     0.216
   12.11    16.40   -22.87        12.28    16.50   -23.05     0.273
  -25.49   -32.82   -23.68       -25.46   -32.52   -23.66     0.295
  -15.06   -17.28   -47.62       -15.18   -17.21   -47.18     0.456
  -16.21    17.66    22.98       -16.14    17.40    22.82     0.309
   -8.62   -26.50   -36.96        -8.85   -26.27   -36.90     0.327
  -29.39     4.55   -40.80       -29.42     4.32   -40.69     0.251
   13.77    18.87    61.68        13.96    19.13    62.03     0.474
   21.47    25.35    -7.61        21.43    25.51    -7.79     0.237
  -27.62    10.68   -23.45       -27.84    10.96   -23.51     0.362
    3.60    24.41    14.98         3.57    24.31    14.86     0.163
   18.64    20.24   -29.44        18.49    20.04   -29.27     0.302
   27.73   -11.74   -11.33        27.81   -11.85   -11.45     0.181
  -21.09   -21.61    -7.71       -21.03   -21.88    -7.64     0.286
   -0.51    -6.13    40.17        -0.57    -6.32    40.06     0.227
    6.98   -12.58     5.62         6.97   -12.58     5.49     0.129
   17.19    20.98   -29.67        16.77    20.94   -29.42     0.492
   16.56    -4.58    45.84        16.69    -4.72    45.72     0.225
   20.86   -13.57   -18.94        21.07   -13.07   -19.16     0.587
   17.85    -7.12    15.61        17.88    -7.26    15.50     0.182
   21.98    21.11    20.54        22.06    21.26    20.41     0.216
  -40.41   -17.01   -16.25       -40.30   -17.05   -16.38     0.170
   -0.58   -10.75   -32.08        -0.50   -10.70   -32.27     0.219
  -26.30   -32.66   -23.27       -26.30   -32.41   -23.41     0.293
   -1.58     0.78    62.88        -1.66     0.79    63.43     0.556
  -26.24   -13.78   -48.54       -26.25   -13.72   -48.05     0.491
    3.75    -6.20   -25.27         3.41    -5.88   -25.14     0.490
   13.48    -5.46    56.68        13.62    -5.61    56.56     0.241
   -2.27   -21.81   -33.72        -2.39   -21.83   -33.80     0.146
    1.68    -5.10    62.97         1.64    -5.11    63.50     0.529
   33.11    13.23   -20.91        33.02    13.26   -21.09     0.200
  -11.92   -28.10   -16.61       -11.94   -28.11   -16.72     0.119
   15.38    -8.66    11.56        15.41    -8.84    11.48     0.201
  -22.21   -31.71   -35.20       -22.17   -31.25   -35.04     0.488
   23.98     7.57    41.02        24.01     7.60    40.87     0.162
  -30.90     0.33   -43.33       -31.21     0.02   -43.13     0.482
   34.85    15.21     5.75        35.11    15.52     5.72     0.405
    5.96    20.02    -4.17         6.26    19.84    -4.16     0.345
   15.62    -0.23   -22.37        15.83    -0.28   -21.76     0.650
   18.54    -8.68     9.16        18.57    -8.83     9.07     0.187
   17.06    22.34    28.39        17.02    22.40    28.24     0.165
   25.37    -6.72    10.52        25.37    -6.93    10.43     0.226
  -28.14     9.86   -20.94       -28.36    10.13   -20.94     0.345
  -32.12     8.53   -29.68       -32.30     8.56   -29.78     0.204
   -8.52     7.59   -25.35        -8.52     7.67   -25.54     0.205
   -2.48   -20.65   -14.17        -2.52   -20.67   -14.28     0.120
   22.59    13.88    40.51        22.55    13.90    40.34     0.171
   -9.65   -28.98   -32.20        -9.82   -28.83   -32.27     0.241
  -12.97    10.82    19.87       -12.77    10.97    19.88     0.249
   12.92    27.21    -0.37        12.83    27.19    -0.52     0.177
    9.65   -11.27     8.77         9.69   -11.45     8.71     0.196
  -11.28     7.23     9.93       -11.19     7.13     9.83     0.175
  -42.24   -14.54   -18.94       -42.08   -14.56   -18.98     0.165
   -6.09     0.37    41.17        -6.22     0.32    41.05     0.181
  -25.54     7.71   -38.44       -25.57     7.73   -38.48     0.055
    0.10    -8.13    26.62         0.09    -8.29    26.53     0.189
  -24.80   -21.69    -7.60       -24.81   -21.86    -7.49     0.197
   37.10    12.48    -5.11        37.00    12.64    -5.34     0.305
   17.52    26.23     5.85        17.52    26.49     5.84     0.260
  -43.55   -12.87   -26.49       -43.36   -13.04   -26.37     0.280
   -9.44    -3.53    16.48        -9.52    -3.59    16.39     0.141
   29.57    20.77     5.67        29.67    20.98     5.53     0.269
  -30.08     4.37   -40.65       -30.11     4.14   -40.55     0.249
   19.27    22.49   -27.27        19.11    22.35   -27.29     0.215
   21.76    10.53    55.47        21.61    10.51    55.30     0.227
   -3.80    18.45    10.14        -3.56    18.19    10.30     0.389
   -5.38    -0.14   -36.35        -5.17     0.05   -36.48     0.313
   22.88    13.67    39.09        22.83    13.69    38.92     0.173
   -6.41   -27.33   -23.32        -6.51   -27.26   -23.44     0.168
   13.20     7.69    62.32        13.17     7.67    63.02     0.701
   -8.94   -21.15   -43.15        -9.21   -21.02   -42.99     0.344
   10.74    -6.45    52.39        10.82    -6.59    52.24     0.222
   29.50    -1.84    16.68        29.84    -1.97    16.84     0.405
    3.59    -5.27    62.92         3.66    -5.26    63.45     0.532
  -14.46   -15.53   -48.20       -14.63   -15.42   -47.77     0.471
  -12.07     9.36    18.74       -12.02     9.34    18.63     0.120
   12.15    16.79   -21.64        12.30    16.88   -21.82     0.255
   20.52    25.88     1.45        20.51    26.09     1.30     0.255
   21.28    22.19   -26.22        21.07    22.14   -26.28     0.224
   -3.86   -16.18    -5.16        -3.88   -16.31    -5.21     0.137
   -4.22    13.86    56.47        -4.25    13.89    56.35     0.125
  -30.63     6.07   -38.19       -30.73     5.97   -38.27     0.163
   38.86     2.02     6.20        39.16     1.98     6.12     0.315
   -6.57    17.08    12.00        -6.22    16.91    12.20     0.428
  -16.08    19.16    23.69       -15.85    19.07    23.69     0.245
   14.21   -17.06   -10.94        14.29   -16.71   -10.94     0.358
    4.18    -7.08    58.88         4.21    -7.37    58.74     0.319
   31.53    -7.69    -1.06        31.64    -7.78    -1.20     0.201
   -4.76    16.81     9.77        -4.55    16.47     9.91     0.420
   33.76    -5.48     6.24        33.85    -5.57     6.08     0.204
  -33.21     5.53   -16.80       -33.45     5.74   -16.76     0.319
  -36.92     5.27   -28.45       -37.06     5.23   -28.53     0.170
    6.53    -1.33   -22.84         6.37    -1.54   -22.56     0.386
    1.29    -0.52   -24.76         1.00    -0.57   -24.55     0.369
    7.68     4.05    62.55         7.80     4.10    63.11     0.577
   22.74   -12.16    -2.58        22.85   -12.41    -2.55     0.282
  -11.84   -30.27   -32.03       -12.03   -30.07   -32.06     0.279
   30.65    16.14   -22.55        30.42    16.07   -22.62     0.252
   -0.35   -20.63   -25.92        -0.42   -20.65   -26.03     0.135
   18.54   -17.36    -8.65        18.51   -17.32    -8.79     0.153
   -7.38    21.33    36.19        -7.50    21.59    36.27     0.304
   -9.76   -24.28   -13.03        -9.71   -24.43   -13.02     0.164
   -3.19    -5.70    34.04        -3.24    -6.21    33.80     0.556
   14.78    15.56    62.38        14.76    15.60    63.12     0.738
   -1.88    12.06    -2.73        -1.83    11.86    -2.78     0.215
   -6.58   -25.61   -18.46        -6.58   -25.69   -18.55     0.114
  -21.02   -33.03   -30.68       -21.06   -32.66   -30.74     0.371
  -40.98   -19.11   -19.41       -40.78   -19.13   -19.52     0.231
   15.41    22.80    26.88        15.37    22.88    26.73     0.177
   20.73    18.13    35.64        20.75    18.19    35.49     0.162
  -13.76    -1.37     7.02       -13.87    -1.43     6.95     0.149
   -0.25     4.22   -22.74        -0.36     4.16   -22.83     0.159
  -31.12    -6.31   -46.87       -31.07    -6.50   -46.59     0.335
    7.56    23.45    23.92         7.51    23.58    23.80     0.178
   -8.26     6.16    30.26        -8.30     5.92    30.45     0.312
   21.20    -7.74    10.03        21.23    -7.90     9.93     0.197
   19.97    22.16    21.12        19.92    22.20    20.96     0.170
   25.03    -5.17    15.90        25.10    -5.37    15.80     0.227
  -31.55   -29.64   -20.61       -31.38   -29.42   -20.74     0.311
    8.06    21.54    38.76         8.07    21.37    38.62     0.220
   37.34    12.47    -0.98        37.41    12.65    -1.15     0.262
   38.09     2.38     7.81        38.56     2.35     8.01     0.512
   17.02   -12.62     2.19        17.19   -12.80     2.12     0.255
  -15.08    12.53    22.95       -15.02    12.56    22.86     0.116
   -0.58   -12.95   -34.47        -0.52   -12.72   -34.63     0.280
   32.02    16.87   -17.71        32.01    16.95   -17.91     0.219
