200 PA4-B-Debug-Output.txt
  -14.23     5.77   -10.30       -14.27     5.77   -10.48     0.177
  -19.64   -32.34   -30.84       -19.80   -32.53   -31.14     0.391
  -31.87   -22.96   -11.29       -32.05   -23.11   -11.25     0.242
  -23.81   -32.32   -31.42       -23.79   -32.36   -31.49     0.082
   26.69    -1.06    23.27        26.81    -1.15    23.37     0.179
    3.98   -17.13   -10.24         3.95   -17.17   -10.26     0.053
   26.47     0.11   -29.58        26.60     0.26   -29.19     0.432
   -7.03     8.38    55.29        -6.62     8.47    55.14     0.442
   -1.97   -22.52   -26.43        -1.77   -22.69   -26.47     0.270
   36.49     3.06    10.21        36.61     3.17    10.44     0.282
   30.59   -10.44   -16.71        30.44   -10.34   -16.65     0.194
   -1.07   -16.42   -35.62        -1.02   -16.48   -35.68     0.101
   20.00    -0.74   -24.37        20.23    -0.66   -24.17     0.324
    5.26    20.03    51.78         5.16    19.77    51.59     0.332
   -1.45    16.37    60.92        -1.32    16.02    60.66     0.450
   19.10     8.48   -28.32        19.39     8.62   -28.15     0.373
  -40.18   -15.11   -15.02       -40.25   -15.10   -15.18     0.179
   22.20    -8.15     8.83        22.06    -7.98     8.82     0.220
   -1.00   -11.59   -34.61        -0.81   -11.61   -34.71     0.219
    4.33    -5.48   -24.46         4.28    -5.51   -24.45     0.064
   14.45    -4.81    55.29        14.52    -5.19    55.30     0.384
  -11.87   -12.80   -47.36       -11.88   -12.86   -47.16     0.206
  -17.79   -28.67   -15.03       -17.72   -29.01   -14.85     0.394
  -10.70     7.97     6.74       -10.47     7.78     6.69     0.304
  -28.64    -7.10   -47.95       -28.36    -7.23   -47.69     0.405
   36.27     7.91     9.35        36.42     8.11     9.59     0.347
  -32.66   -18.01    -8.98       -32.83   -18.03    -8.90     0.196
   23.51     9.73    41.64        23.71    10.01    41.67     0.349
   19.94   -11.30     2.09        19.86   -11.26     2.11     0.093
   -5.51   -11.40     4.35        -5.70   -11.59     4.39     0.278
   35.79    10.65   -14.63        35.81    10.69   -14.65     0.052
   17.67    16.60    58.99        17.49    16.95    58.91     0.396
    7.93    -3.40   -22.65         7.86    -3.42   -22.52     0.147
  -15.95    16.00    20.17       -15.79    16.20    20.20     0.256
  -35.62   -15.39   -44.19       -35.28   -15.37   -44.06     0.373
   29.07     8.40   -29.81        28.98     8.40   -29.62     0.211
   31.61    -5.84    10.10        31.43    -5.63    10.08     0.274
  -15.72   -12.60   -48.75       -15.60   -12.67   -48.48     0.307
   -9.61   -11.02     2.40        -9.78   -11.08     2.46     0.192
    9.89   -13.34     4.37         9.79   -13.27     4.35     0.130
   15.50    25.00   -11.50        15.36    25.33   -11.66     0.394
    2.50   -11.76     9.91         2.39   -11.73    10.00     0.141
  -37.15     5.59   -28.57       -36.89     5.37   -28.78     0.399
  -15.19   -11.33   -48.74       -15.34   -11.49   -48.57     0.282
   -9.18   -14.57   -45.43        -9.23   -14.60   -45.38     0.072
  -40.75   -17.96   -18.09       -40.79   -17.96   -18.26     0.177
  -27.14   -18.63    -7.32       -27.42   -18.59    -7.19     0.311
   33.31    -2.99   -23.30        33.22    -2.97   -23.22     0.126
    1.43    11.37    -7.71         1.41    11.28    -7.77     0.111
   24.51   -13.41    -4.70        24.36   -13.22    -4.70     0.231
  -40.46     1.84   -25.67       -40.21     1.64   -25.94     0.426
   18.67    16.91    50.54        18.65    17.12    50.50     0.217
   25.94    16.62   -26.90        25.96    16.62   -26.98     0.084
  -16.60   -17.77    -6.33       -16.64   -17.91    -6.04     0.327
   16.69    19.66    46.61        16.53    19.97    46.54     0.349
   -0.66   -10.79    12.51        -0.88   -10.89    12.44     0.247
   20.76    -8.54     8.73        20.62    -8.39     8.71     0.207
   19.33    19.89   -28.97        19.27    19.79   -28.94     0.128
  -15.61   -13.18   -48.73       -15.50   -13.29   -48.48     0.294
   14.80    -5.03    49.58        14.75    -5.32    49.57     0.299
   -6.97    -2.63    31.66        -6.79    -2.42    31.48     0.330
   -2.45   -22.14   -19.14        -2.28   -22.35   -19.10     0.272
   33.26    11.29    12.13        33.39    11.45    12.30     0.264
  -35.71   -25.51   -34.51       -35.53   -25.41   -34.57     0.214
  -18.03    11.13   -34.34       -18.04    10.88   -34.47     0.283
   18.90    19.37    38.90        18.82    19.67    38.83     0.309
  -33.21    -2.64   -10.20       -33.18    -2.10   -10.24     0.540
  -23.88    10.45   -35.22       -23.78    10.22   -35.37     0.295
  -13.44     9.12   -35.01       -13.48     8.95   -35.14     0.225
  -37.29     2.71   -17.43       -37.27     2.68   -17.69     0.262
   -1.11    21.78    36.32        -1.35    21.67    36.08     0.347
  -28.89    -7.22    -8.10       -28.93    -7.06    -7.95     0.222
   29.68    -6.66    10.07        29.51    -6.43    10.04     0.286
  -28.02   -29.72   -35.53       -27.95   -29.66   -35.56     0.096
   -5.86   -21.91   -13.53        -5.77   -22.18   -13.39     0.312
   -0.51    10.32    -8.37        -0.34    10.45    -7.98     0.445
   12.60    -5.86    54.75        12.68    -6.26    54.75     0.412
   10.77    23.12    26.30        10.59    23.20    26.16     0.240
  -28.74   -24.74   -10.99       -28.89   -24.89   -10.94     0.222
  -38.71   -20.52   -16.68       -38.83   -20.56   -16.79     0.159
  -12.10   -15.29    -4.35       -12.11   -15.58    -4.28     0.293
   11.82    -6.18    45.05        11.63    -6.36    45.01     0.272
   -7.12     3.56    53.41        -6.86     3.84    53.25     0.413
   -7.42     6.72    56.97        -7.02     6.83    56.86     0.424
   28.14    -7.75   -24.47        28.06    -7.58   -24.15     0.377
  -11.67     9.07   -18.67       -11.67     9.21   -18.77     0.174
   24.40    23.89   -12.33        24.50    24.22   -12.42     0.346
   -7.22     7.35    44.53        -6.98     7.56    44.39     0.348
  -12.16     8.49   -34.99       -12.19     8.32   -35.11     0.209
   14.80    20.70   -29.85        14.92    20.79   -29.79     0.157
  -34.64   -12.98   -46.03       -34.35   -12.95   -45.83     0.356
  -22.58     2.27   -11.76       -22.64     2.31   -11.92     0.181
   -6.82   -17.22    -6.42        -6.91   -17.37    -6.31     0.206
   25.20    -2.90    23.14        25.20    -2.95    23.22     0.095
    0.21     5.95   -20.12         0.08     5.82   -20.18     0.192
   -8.92    -6.68    12.60        -9.01    -6.53    12.47     0.204
   29.45     6.03   -29.14        29.26     6.08   -28.87     0.335
   -8.51   -16.80    -6.07        -8.59   -16.94    -5.99     0.186
   -3.10    19.21    42.56        -3.18    19.08    42.27     0.324
  -36.29     0.29   -40.41       -35.92     0.01   -40.37     0.462
  -16.37   -30.69   -19.80       -16.30   -30.99   -19.72     0.323
    8.52    18.86    61.17         8.22    19.08    61.03     0.406
   24.52    10.25    35.23        24.68    10.56    35.26     0.343
   12.84    16.04   -28.30        12.80    16.35   -28.65     0.465
    9.57    21.80    39.69         9.39    21.65    39.57     0.256
   20.92   -12.06    -0.18        20.84   -12.01    -0.16     0.098
   -4.68   -18.55   -39.57        -4.65   -18.61   -39.61     0.071
   -9.72   -22.65   -11.67        -9.74   -22.86   -11.54     0.244
   10.51    -6.27    34.71        10.35    -6.41    34.67     0.215
   11.85   -16.74   -11.02        11.81   -16.43   -10.92     0.325
  -37.51    -1.21   -40.08       -37.08    -1.26   -39.99     0.446
  -12.73     5.44     0.18       -12.64     5.27     0.01     0.254
   36.51     0.82    10.14        36.59     0.90    10.34     0.231
    5.61   -16.44    -9.69         5.58   -16.47    -9.71     0.048
   11.92    22.01    35.73        11.74    21.99    35.59     0.229
   28.14    -0.25    20.72        28.25    -0.24    20.86     0.180
   -8.06    -7.66   -45.19        -8.11    -7.78   -45.15     0.128
   11.78    20.97    54.01        11.51    20.90    53.84     0.326
   25.69    23.66    -0.25        25.74    24.00    -0.31     0.355
  -39.88     2.34   -29.93       -39.64     2.16   -29.88     0.307
   -9.17    -0.15    22.51        -9.10     0.02    22.37     0.230
  -22.21    -2.35   -47.74       -22.22    -2.39   -47.39     0.356
   -0.28   -20.15   -25.38        -0.10   -20.27   -25.46     0.236
   10.00    21.97    -8.57         9.87    22.07    -8.73     0.225
  -29.48   -27.94   -37.88       -29.37   -27.85   -37.90     0.139
  -14.26    -0.61     6.45       -14.36    -0.52     6.31     0.198
   -0.81     0.17   -25.70        -0.90     0.11   -25.71     0.114
  -32.84    -2.38   -44.35       -32.56    -2.64   -44.07     0.477
  -11.89   -25.92   -14.35       -11.78   -26.22   -14.19     0.355
  -39.05   -22.89   -21.33       -39.01   -22.86   -21.50     0.173
    8.11    23.58    23.40         7.94    23.68    23.25     0.246
  -25.02     1.31   -45.66       -24.88     0.95   -45.54     0.402
  -35.93     3.22   -15.75       -35.96     3.24   -15.95     0.201
  -15.90   -18.40    -6.86       -16.00   -18.56    -6.38     0.510
   -8.27    -3.15    23.75        -8.26    -2.92    23.60     0.267
   -4.57    11.07    -0.61        -4.50    10.94    -0.70     0.172
    6.91    19.19    -5.75         7.04    19.65    -5.79     0.475
   12.20    -9.68    11.65        12.10    -9.70    11.67     0.108
    1.13    18.93    50.89         1.01    18.66    50.66     0.378
  -32.89   -16.70    -8.80       -33.05   -16.89    -8.57     0.338
   -9.61   -21.10   -43.23        -9.61   -21.12   -43.22     0.023
  -21.90   -10.43    -4.44       -22.09   -10.44    -4.38     0.202
   -9.73    15.62    37.58       -10.10    15.73    37.60     0.381
  -30.71   -29.93   -21.96       -30.80   -30.06   -22.04     0.174
   -4.51   -11.45     4.99        -4.64   -11.50     4.95     0.148
  -16.01    15.97    29.87       -16.21    16.13    29.67     0.318
   37.15    -1.53     8.01        37.09    -1.55     8.14     0.143
   19.93   -12.37     0.27        19.83   -12.29     0.27     0.125
   -1.59    18.76     8.32        -1.46    18.67     8.46     0.215
   14.45    -8.93   -21.91        14.48    -9.02   -21.60     0.319
  -10.44    -3.62    13.12       -10.57    -3.52    13.00     0.207
   -9.40   -29.18   -26.04        -9.22   -29.44   -26.03     0.324
   10.67    24.21    19.13        10.51    24.35    18.99     0.248
   30.92     0.33    16.48        31.03     0.37    16.65     0.206
    1.51   -11.47   -27.10         1.64   -11.49   -27.21     0.172
   18.63    26.26    -4.71        18.58    26.52    -4.86     0.305
   -5.07     8.77   -12.01        -5.11     8.75   -12.15     0.144
   25.21    23.00     6.96        25.22    23.40     6.96     0.397
   20.27    18.21    36.56        20.25    18.53    36.53     0.318
   22.25    10.16    49.23        22.45    10.48    49.26     0.383
    0.72    18.52    53.45         0.64    18.16    53.26     0.421
   -2.80    11.21    -3.26        -2.77    11.07    -3.33     0.165
    7.93   -15.47    -2.13         7.93   -15.18    -2.19     0.294
   30.55    20.10    -2.47        30.66    20.41    -2.54     0.329
  -41.74    -5.93   -33.68       -41.54    -5.91   -33.81     0.239
   21.71     0.89    44.86        22.04     0.85    44.96     0.345
   23.50    23.50     7.82        23.49    23.88     7.81     0.384
   -3.20    23.19    32.70        -3.66    23.31    32.22     0.675
  -14.62   -25.22   -11.70       -14.49   -25.48   -11.59     0.314
   21.79    -5.99    18.00        21.65    -5.90    18.00     0.165
  -22.95    -8.28    -4.97       -23.13    -8.27    -5.10     0.225
    2.64    20.72    41.28         2.43    20.58    41.07     0.327
    7.80    20.83    44.80         7.62    20.66    44.64     0.291
   32.45    -5.73   -22.88        32.30    -5.58   -22.68     0.288
  -35.81   -23.63   -16.12       -35.95   -23.73   -16.18     0.178
   29.13    -2.31   -27.33        28.91    -2.08   -27.03     0.432
   21.03     8.13    59.67        21.34     8.42    59.70     0.426
  -14.82   -31.52   -26.20       -14.76   -31.75   -26.24     0.245
   -1.44   -20.44   -16.08        -1.37   -20.61   -16.07     0.177
   -9.86    21.28    16.62        -9.71    20.98    16.89     0.430
   32.12    -6.42     7.99        31.93    -6.20     7.97     0.291
   22.29    24.21   -19.43        22.33    24.56   -19.59     0.387
  -28.43   -28.73   -37.26       -28.31   -28.73   -37.27     0.120
   -3.88   -14.77   -40.15        -3.86   -14.84   -40.20     0.080
  -10.07   -28.82   -31.57        -9.95   -29.01   -31.63     0.233
   23.64     9.34    41.08        23.87     9.57    41.13     0.329
   -9.82    12.66    35.96       -10.19    12.71    35.94     0.364
   -1.30   -16.32   -36.07        -1.25   -16.38   -36.13     0.099
  -34.05    -6.15    -9.38       -34.18    -6.03    -9.41     0.176
   32.35    -0.43    14.42        32.41    -0.37    14.63     0.223
   16.03    -4.19    52.43        16.32    -4.44    52.45     0.390
  -19.51   -20.93   -46.86       -19.49   -20.92   -46.70     0.158
   28.53    -9.57     1.75        28.36    -9.33     1.72     0.287
  -29.72   -30.90   -24.71       -29.74   -30.95   -24.80     0.112
  -26.92     2.57   -44.09       -26.77     2.22   -43.93     0.412
  -23.63   -28.07   -13.59       -23.81   -28.32   -13.51     0.315
   15.36    -9.84   -21.26        15.32    -9.57   -20.99     0.382
   -3.34    12.58     1.32        -3.29    12.44     1.24     0.170
    6.69    -7.03    59.81         6.43    -7.37    59.74     0.425
  -30.14   -12.61    -6.41       -30.19   -12.46    -6.18     0.275
