75 PA4-A-Debug-Output.txt
   -5.38    11.99    53.54        -5.38    11.99    53.54     0.002
   20.23    25.77   -11.33        20.23    25.77   -11.33     0.005
    5.44    24.28     6.77         5.44    24.28     6.77     0.002
    3.75    -3.66   -24.38         3.76    -3.66   -24.38     0.005
   -5.61    11.42    58.63        -5.62    11.42    58.63     0.009
   13.45    27.51     1.99        13.45    27.51     1.99     0.004
   17.83   -15.09   -16.22        17.84   -15.10   -16.22     0.007
  -21.87     3.97   -43.24       -21.87     3.97   -43.25     0.006
   36.70    -1.40     9.01        36.70    -1.39     9.01     0.007
   -4.32    -8.35    21.74        -4.32    -8.36    21.75     0.008
   36.96     2.03   -15.45        36.96     2.03   -15.45     0.005
  -19.25   -18.21   -47.53       -19.24   -18.21   -47.54     0.009
  -21.16   -23.59    -8.68       -21.15   -23.59    -8.69     0.007
   11.53    26.76     4.67        11.54    26.76     4.67     0.002
   11.37    -6.34    34.05        11.37    -6.34    34.05     0.005
  -44.03    -9.45   -26.14       -44.04    -9.46   -26.15     0.007
   15.34    -5.40    44.41        15.34    -5.39    44.41     0.013
    4.07     3.43    63.48         4.07     3.44    63.48     0.003
   -6.68     3.47    46.95        -6.69     3.47    46.95     0.006
   32.65    -6.74    -4.55        32.65    -6.74    -4.54     0.015
   -9.24   -28.31   -33.12        -9.23   -28.31   -33.12     0.007
    2.02     0.32   -23.60         2.03     0.32   -23.60     0.004
   18.73    -4.52    34.50        18.73    -4.51    34.50     0.007
    7.22    17.43    -6.80         7.22    17.43    -6.80     0.002
    1.26    -6.93    62.45         1.26    -6.94    62.46     0.008
   -9.81    -0.84    17.91        -9.81    -0.84    17.91     0.004
   12.26   -16.97    -7.93        12.26   -16.97    -7.93     0.006
  -42.59    -4.01   -30.57       -42.59    -4.01   -30.58     0.005
  -16.37    17.91    24.50       -16.37    17.91    24.50     0.011
   -8.57     1.38   -40.43        -8.57     1.38   -40.43     0.005
  -12.53     2.41    10.90       -12.53     2.41    10.90     0.005
   -6.94    -8.19    13.50        -6.94    -8.19    13.50     0.004
  -12.37   -23.38   -10.89       -12.36   -23.38   -10.89     0.009
  -32.23   -13.12   -46.49       -32.23   -13.12   -46.49     0.011
  -10.90     2.66    17.78       -10.90     2.66    17.78     0.004
  -30.91     5.55   -38.91       -30.91     5.55   -38.91     0.005
   31.09    19.98     0.63        31.08    19.98     0.63     0.005
   -8.14     5.73    31.10        -8.15     5.72    31.11     0.012
  -14.29    20.63    31.15       -14.29    20.63    31.15     0.002
   -0.44    21.64    35.92        -0.44    21.64    35.92     0.001
    6.48   -14.97   -18.85         6.48   -14.96   -18.84     0.006
   -4.31     8.02   -17.60        -4.35     8.02   -17.61     0.045
   11.02    24.25    -7.08        11.02    24.25    -7.08     0.004
   13.54    -2.23    63.09        13.54    -2.22    63.09     0.004
    5.41    18.33    -3.17         5.41    18.33    -3.17     0.007
   20.64    13.24    56.08        20.63    13.24    56.08     0.014
   11.91    12.50    63.12        11.91    12.50    63.12     0.004
   30.49    -6.15   -24.27        30.49    -6.14   -24.27     0.008
   -0.26    -0.13   -25.20        -0.26    -0.13   -25.19     0.005
    1.86   -18.31   -20.46         1.87   -18.31   -20.46     0.005
    6.26    -7.05    33.50         6.26    -7.05    33.50     0.007
   38.50     3.35   -12.27        38.50     3.35   -12.27     0.006
   18.63    18.06    45.50        18.62    18.05    45.50     0.012
  -27.28   -20.37   -46.18       -27.27   -20.37   -46.18     0.009
   33.35    -5.63    -2.25        33.35    -5.62    -2.25     0.009
    2.96    -5.83   -25.49         2.96    -5.83   -25.49     0.005
  -13.80    -7.55     3.38       -13.80    -7.55     3.39     0.008
  -39.84     1.93   -29.20       -39.83     1.93   -29.20     0.005
   34.77    15.79   -10.97        34.76    15.79   -10.97     0.006
   23.90    14.04    32.87        23.89    14.04    32.87     0.009
    2.26    20.45    41.77         2.26    20.44    41.77     0.006
   -3.95    16.07     8.89        -3.95    16.07     8.89     0.004
   25.86    -0.06   -28.78        25.86    -0.06   -28.78     0.005
  -16.14    10.77   -33.30       -16.13    10.76   -33.30     0.006
    1.45    19.50    45.78         1.45    19.51    45.78     0.011
    1.72   -16.68   -25.09         1.73   -16.68   -25.09     0.005
   17.13    25.00   -22.77        17.13    25.00   -22.77     0.002
   15.90    21.62    38.83        15.89    21.62    38.83     0.001
    9.74    21.70    39.47         9.75    21.70    39.47     0.001
    4.00   -17.12   -10.05         4.00   -17.12   -10.05     0.007
    7.65    -7.14    53.02         7.65    -7.14    53.02     0.007
   12.15    18.17   -18.18        12.15    18.17   -18.18     0.005
   -1.66    -5.36    49.01        -1.66    -5.37    49.01     0.008
   29.99    14.69    14.76        29.98    14.69    14.76     0.006
   14.27    -8.24    14.24        14.27    -8.25    14.24     0.009
