20 PA3-G-Unknown-Output.txt
   -6.77     6.29    52.88        -7.08     6.36    52.89     0.316
   -6.31     4.73   -22.89        -5.16     6.21   -23.77     2.074
   20.44    -1.62    48.10        20.17    -1.32    48.08     0.401
  -20.22   -21.64    -8.38       -20.10   -21.99    -7.83     0.663
    7.53    19.42    45.81         7.34    20.53    45.89     1.126
   17.72    19.68    32.81        18.75    20.92    32.96     1.616
   17.31   -17.37    -5.52        17.30   -17.14    -5.56     0.238
   -0.46     9.59    -8.72        -0.64    10.18    -8.84     0.625
   11.76    16.95    59.84        10.61    19.26    61.57     3.102
  -26.98   -33.68   -21.47       -26.59   -31.92   -22.04     1.894
   19.06    15.45    47.66        19.83    15.95    47.96     0.961
   30.20    12.29    10.48        32.15    13.64    12.63     3.202
  -11.26     6.87   -25.23       -10.14     8.69   -25.65     2.183
  -18.18     4.97   -42.08       -18.21     5.08   -42.22     0.179
   20.08    -5.50    30.79        19.76    -4.73    30.65     0.843
   22.53    -6.20    20.19        22.30    -5.46    20.11     0.772
  -27.76   -21.84   -48.37       -27.19   -20.67   -46.05     2.660
   26.89    19.94     3.67        28.39    22.07     3.73     2.608
   17.27    20.26   -29.73        17.25    20.23   -29.68     0.057
   39.03     0.21    -5.69        38.82     0.36    -5.72     0.259
