20, pa3-H-Output.txt
  0.03,   -11.68,   54.72   1.67,   -7.10,   55.06 4.879244279539427
  35.51,   11.91,   -8.23   36.85,   12.70,   -8.30 1.554147254047497
  3.28,   18.83,   1.62   3.28,   18.83,   1.62 0.005764729338632443
  -1.87,   -17.18,   -4.43   -1.96,   -16.06,   -5.08 1.2973855383731363
  17.60,   25.27,   -19.84   17.59,   25.32,   -19.84 0.04896764503740013
  -4.50,   -20.14,   -10.77   -4.59,   -20.01,   -10.96 0.24413796663147258
  -18.67,   -10.68,   -49.16   -18.67,   -10.68,   -49.18 0.01579451104328994
  -4.45,   -7.36,   63.94   -2.43,   -5.12,   62.51 3.338281189874284
  31.79,   -8.77,   -12.88   31.74,   -8.72,   -12.89 0.06944874327709824
  7.93,   -9.87,   63.49   7.69,   -7.25,   62.62 2.7786103477547233
  -35.36,   -13.65,   -9.14   -35.37,   -13.88,   -8.84 0.38120892002243584
  -0.94,   -12.24,   13.17   -1.05,   -10.82,   12.92 1.4491715681872028
  13.51,   12.77,   -26.21   13.75,   13.41,   -25.84 0.7810795518334128
  16.16,   21.45,   -26.96   16.75,   22.68,   -27.81 1.6003369754999976
  19.53,   5.15,   -27.65   20.08,   5.31,   -27.38 0.6355647866173088
  -34.46,   7.02,   -28.74   -34.52,   7.33,   -28.73 0.31373899076890677
  14.52,   18.14,   -29.07   13.96,   17.64,   -30.46 1.5827774846200964
  9.82,   -10.45,   -21.73   9.78,   -10.35,   -21.58 0.17603486824648212
  -26.60,   -4.97,   -8.81   -26.67,   -4.88,   -8.64 0.19927558208415297
  2.12,   17.13,   3.80   1.46,   17.61,   3.38 0.9155902442941457
