20 PA3-K-Unknown-Output.txt
    1.92   -13.27     8.68         2.19   -11.84     8.53     1.467
   -3.93   -12.59   -37.41        -2.10   -12.83   -38.21     2.013
  -36.01    -8.18   -42.24       -36.73    -7.89   -43.05     1.114
  -12.40    -5.65   -43.30       -10.50    -4.29   -45.61     3.286
  -37.65   -22.93   -10.99       -35.87   -21.30   -12.94     3.098
   17.03   -12.11     7.10        16.67   -10.86     6.45     1.459
   -5.11     6.53    -9.89        -5.62     8.76   -10.02     2.290
   -2.34    -4.84    43.43        -2.82    -5.38    43.37     0.726
   20.19    -8.94    14.92        19.81    -7.12    14.45     1.919
   28.02    19.49    -1.63        29.46    21.37    -1.74     2.367
   11.61    22.11    59.96        11.41    20.40    59.75     1.737
   10.32    21.85    27.40        10.32    23.05    27.65     1.231
  -30.71   -29.71   -12.03       -29.35   -27.35   -14.01     3.376
   22.31    11.93    39.34        23.36    12.25    39.48     1.104
  -31.49   -12.40    -5.47       -31.10   -12.53    -6.28     0.908
  -20.39   -14.48    -2.68       -19.93   -13.30    -4.87     2.527
   -1.56   -21.15   -33.01        -1.73   -21.09   -32.93     0.195
  -33.50     4.47   -31.62       -34.85     6.08   -32.21     2.185
   16.83    -4.52    43.59        16.97    -4.76    43.60     0.286
  -41.09   -19.93   -32.77       -40.11   -19.80   -32.48     1.028
