15 PA3-B-Debug-Output.txt
    1.61    -9.55    27.59         1.35    -8.21    27.28     1.403
   -7.53    -0.33    53.72        -6.04     0.21    53.69     1.579
   31.98    -8.64   -13.07        31.93    -8.59   -13.08     0.071
   25.17   -12.91   -24.55        24.80   -10.79   -22.30     3.113
   11.05    22.85    12.35        10.83    25.30    12.99     2.542
   -6.70     9.20    55.06        -6.47     9.14    55.06     0.230
  -36.87   -10.35   -11.79       -38.05   -10.49   -10.98     1.438
   -3.97    12.84    56.70        -4.51    13.46    56.90     0.849
   29.50    17.91     4.70        31.13    19.71     5.03     2.445
  -36.65    -7.87   -46.29       -35.18    -8.45   -44.58     2.323
   30.53     9.64    11.43        33.03    10.14    13.18     3.091
   18.40    -2.17    56.30        18.25    -2.03    56.29     0.202
  -25.89   -27.42   -45.29       -26.04   -25.02   -42.75     3.500
   -5.38   -25.35   -37.45        -6.46   -24.32   -36.63     1.705
   -3.06    -2.64   -30.65        -2.96    -2.70   -30.58     0.138
