15 PA3-E-Debug-Output.txt
   13.30   -17.52   -15.38        13.97   -15.23   -14.43     2.567
   14.46    -0.02    60.69        14.49    -0.03    62.99     2.300
  -11.10    15.91    10.77        -8.70    14.36    12.62     3.403
   23.80     7.06    26.70        27.05     7.32    27.72     3.417
    0.18   -18.12   -23.89         1.06   -18.48   -24.11     0.979
   15.64    23.27     5.77        15.93    26.64     6.38     3.437
    0.14    16.08     1.18         0.48    15.65     1.44     0.605
  -29.82     7.66   -36.00       -29.78     7.49   -36.00     0.170
   21.95     2.02    27.94        25.31     0.33    28.68     3.834
  -13.03    12.16    10.04        -9.62    10.98    11.18     3.781
    7.08    -9.78    22.89         6.60    -7.95    22.64     1.914
   31.84    11.39   -18.04        34.11    12.79   -18.60     2.724
   20.41     9.67    40.51        23.67    10.67    40.85     3.420
  -41.22   -13.34   -44.01       -38.02   -12.61   -42.05     3.825
  -12.11     4.93   -16.82       -11.83     8.00   -15.99     3.200
