20, pa3-J-Output.txt
  -2.68,   18.01,   9.58   -2.81,   18.12,   9.45 0.21921657343479894
  15.46,   12.36,   53.92   19.27,   15.18,   54.55 4.783507003758984
  -1.82,   17.37,   9.84   -2.60,   17.99,   9.11 1.2316950603751315
  -23.64,   -28.75,   -42.21   -23.24,   -27.14,   -40.77 2.19688436047528
  -9.81,   -0.42,   52.21   -6.29,   0.87,   52.36 3.751224324678359
  20.92,   -5.21,   32.55   20.24,   -4.22,   32.41 1.201024921426076
  -32.05,   -25.22,   -43.01   -31.01,   -23.86,   -41.69 2.165910750788165
  -10.24,   -7.61,   19.15   -7.79,   -5.84,   18.37 3.123417939826589
  9.63,   21.99,   -8.86   9.76,   21.88,   -8.81 0.17461513614113905
  8.09,   -11.05,   22.42   7.24,   -7.87,   21.99 3.3193489901939697
  7.22,   18.36,   42.36   6.86,   20.77,   42.74 2.4743720053574254
  6.83,   -9.61,   29.02   6.54,   -7.24,   28.94 2.388643242618935
  -3.15,   -10.40,   48.56   -0.98,   -5.76,   48.17 5.13687583585981
  -2.34,   -22.58,   -16.50   -2.87,   -21.99,   -16.87 0.8731494542086814
  -0.68,   18.44,   9.95   -1.63,   19.18,   9.07 1.4857214353068149
  1.53,   16.52,   44.26   0.84,   19.40,   45.12 3.0823256037381954
  -12.49,   10.21,   14.90   -11.72,   10.02,   15.39 0.93641910696247
  24.53,   -3.99,   25.63   23.83,   -3.25,   25.40 1.0406399256526024
  -42.49,   -22.65,   -21.36   -40.23,   -21.10,   -21.68 2.756106094804861
  -4.38,   -6.15,   -29.64   -1.98,   -5.08,   -30.66 2.814796695203302
