15 PA3-C-Debug-Output.txt
   10.43    22.51    28.46        10.43    22.88    28.53     0.376
   -6.14    16.80     8.72        -5.23    15.69     9.65     1.713
   -0.12    19.13    49.05         0.12    18.65    48.96     0.549
   -6.29   -19.33   -42.57        -6.80   -19.15   -42.14     0.688
   22.17    20.31   -28.09        21.83    19.98   -27.40     0.831
   -8.96    -0.79    26.73        -7.99    -0.65    26.53     1.008
  -30.15   -19.34   -48.10       -29.38   -18.81   -46.01     2.292
  -43.15   -11.48   -20.68       -43.10   -11.48   -20.69     0.051
   18.03    25.78     4.04        18.19    26.51     4.12     0.758
    2.24   -16.14   -24.60         2.25   -16.15   -24.61     0.017
   -1.91    12.22    -4.88        -1.32    11.49    -4.50     1.013
   -7.06    -1.48    49.25        -5.61    -0.98    49.21     1.533
  -14.93    12.49    27.76       -15.00    12.44    27.77     0.086
   27.91    11.30   -29.90        27.53    10.96   -29.59     0.594
  -23.09     9.56   -39.70       -23.02     8.06   -38.83     1.732
