15 PA3-F-Debug-Output.txt
  -32.49   -22.17   -10.48       -32.39   -22.08   -10.60     0.179
    1.12    11.90    62.87         1.12    11.92    63.27     0.401
   14.17    -6.99    29.89        14.10    -6.23    29.86     0.766
    8.17    -7.05    56.18         8.18    -7.16    56.18     0.111
  -31.38   -27.86   -13.86       -30.44   -26.85   -14.62     1.575
   -8.04    21.80    16.52        -8.01    21.69    16.60     0.137
  -35.49    -4.36   -41.27       -36.30    -4.12   -42.17     1.232
   -1.67   -25.32   -16.66        -3.43   -22.90   -17.53     3.110
   20.71   -11.04     9.84        20.03    -8.43     9.13     2.793
  -22.25   -20.49    -6.79       -22.25   -20.45    -6.88     0.098
  -41.26   -15.61   -22.80       -42.66   -16.05   -22.70     1.476
   29.93    18.39     0.26        31.45    19.43     0.24     1.848
  -32.49    -4.50   -11.83       -32.76    -3.88    -9.99     1.963
   14.82   -17.71     0.94        13.74   -15.37    -0.28     2.849
  -20.43   -26.31   -46.01       -20.02   -24.65   -44.22     2.478
