27, 125, pa2-unknown-h-output1.txt
  190.55,   195.18,   207.73
  391.84,   396.79,   197.44
  98.96,   101.53,   99.18
  98.45,   103.50,   224.17
  97.95,   105.47,   349.15
  98.60,   226.52,   97.21
  98.09,   228.48,   222.20
  97.59,   230.45,   347.18
  98.24,   351.50,   95.25
  97.74,   353.47,   220.23
  97.23,   355.43,   345.21
  223.95,   101.90,   99.68
  223.45,   103.86,   224.67
  222.94,   105.83,   349.65
  223.60,   226.88,   97.71
  223.09,   228.85,   222.70
  222.59,   230.82,   347.68
  223.24,   351.86,   95.74
  222.73,   353.83,   220.73
  222.23,   355.80,   345.71
  348.95,   102.26,   100.18
  348.45,   104.23,   225.17
  347.94,   106.20,   350.15
  348.59,   227.25,   98.21
  348.09,   229.21,   223.20
  347.58,   231.18,   348.18
  348.24,   352.23,   96.24
  347.73,   354.20,   221.23
  347.23,   356.17,   346.21
  100.40,   99.87,   225.49
  98.65,   102.42,   350.46
  96.91,   104.96,   475.42
  99.92,   224.85,   222.94
  98.17,   227.39,   347.90
  96.43,   229.94,   472.87
  99.44,   349.82,   220.39
  97.69,   352.36,   345.35
  95.95,   354.91,   470.31
  225.38,   100.39,   227.23
  223.64,   102.93,   352.19
  221.89,   105.48,   477.15
  224.90,   225.36,   224.68
  223.16,   227.91,   349.64
  221.41,   230.45,   474.60
  224.42,   350.33,   222.12
  222.68,   352.88,   347.09
  220.93,   355.43,   472.05
  350.37,   100.90,   228.96
  348.63,   103.45,   353.93
  346.88,   106.00,   478.89
  349.89,   225.88,   226.41
  348.15,   228.42,   351.37
  346.40,   230.97,   476.34
  349.41,   350.85,   223.86
  347.67,   353.40,   348.82
  345.92,   355.94,   473.78
  98.30,   100.07,   348.45
  99.44,   101.13,   473.44
  100.59,   102.18,   598.43
  97.64,   225.06,   347.40
  98.78,   226.12,   472.39
  99.92,   227.18,   597.38
  96.97,   350.06,   346.35
  98.11,   351.11,   471.34
  99.25,   352.17,   596.33
  223.30,   100.73,   347.31
  224.44,   101.78,   472.30
  225.58,   102.84,   597.29
  222.63,   225.72,   346.26
  223.77,   226.78,   471.25
  224.91,   227.83,   596.24
  221.96,   350.71,   345.20
  223.10,   351.77,   470.19
  224.25,   352.83,   595.18
  348.29,   101.38,   346.16
  349.43,   102.44,   471.15
  350.57,   103.50,   596.14
  347.62,   226.38,   345.11
  348.76,   227.43,   470.10
  349.91,   228.49,   595.09
  346.96,   351.37,   344.06
  348.10,   352.43,   469.05
  349.24,   353.49,   594.04
  101.43,   100.45,   474.09
  98.09,   97.85,   599.01
  94.76,   95.25,   723.94
  104.86,   225.37,   476.78
  101.52,   222.77,   601.71
  98.19,   220.17,   726.63
  108.29,   350.29,   479.47
  104.95,   347.69,   604.40
  101.62,   345.09,   729.33
  226.34,   96.95,   477.35
  223.00,   94.35,   602.28
  219.67,   91.75,   727.21
  229.77,   221.87,   480.04
  226.43,   219.27,   604.97
  223.10,   216.67,   729.90
  233.20,   346.79,   482.73
  229.86,   344.19,   607.66
  226.53,   341.59,   732.59
  351.25,   93.45,   480.61
  347.91,   90.85,   605.54
  344.57,   88.25,   730.47
  354.68,   218.37,   483.30
  351.34,   215.77,   608.23
  348.00,   213.17,   733.16
  358.11,   343.30,   486.00
  354.77,   340.70,   610.92
  351.43,   338.10,   735.85
  99.19,   100.49,   598.40
  101.89,   98.58,   723.36
  104.60,   96.66,   848.31
  97.33,   225.46,   600.36
  100.04,   223.55,   725.31
  102.74,   221.63,   850.27
  95.47,   350.44,   602.32
  98.18,   348.52,   727.27
  100.89,   346.60,   852.23
  224.14,   102.39,   595.72
  226.85,   100.47,   720.68
  229.56,   98.56,   845.63
  222.29,   227.36,   597.68
  224.99,   225.45,   722.63
  227.70,   223.53,   847.59
  220.43,   352.33,   599.64
  223.14,   350.42,   724.59
  225.84,   348.50,   849.55
  349.10,   104.29,   593.04
  351.81,   102.37,   718.00
  354.52,   100.46,   842.95
  347.24,   229.26,   595.00
  349.95,   227.34,   719.96
  352.66,   225.43,   844.91
  345.38,   354.23,   596.96
  348.09,   352.32,   721.91
  350.80,   350.40,   846.87
  101.93,   225.22,   101.77
  101.60,   228.49,   226.73
  101.27,   231.76,   351.69
  102.06,   350.17,   98.50
  101.73,   353.45,   223.46
  101.40,   356.72,   348.41
  102.19,   475.13,   95.23
  101.86,   478.40,   220.18
  101.53,   481.68,   345.14
  226.93,   225.09,   102.11
  226.60,   228.37,   227.06
  226.27,   231.64,   352.02
  227.06,   350.05,   98.83
  226.73,   353.32,   223.79
  226.40,   356.60,   348.74
  227.19,   475.00,   95.56
  226.86,   478.28,   220.51
  226.53,   481.55,   345.47
  351.92,   224.97,   102.44
  351.60,   228.24,   227.39
  351.27,   231.51,   352.35
  352.06,   349.92,   99.16
  351.73,   353.20,   224.12
  351.40,   356.47,   349.08
  352.19,   474.88,   95.89
  351.86,   478.15,   220.85
  351.53,   481.43,   345.80
  99.68,   224.17,   223.20
  97.04,   225.59,   348.16
  94.39,   227.01,   473.13
  100.02,   349.16,   221.78
  97.38,   350.59,   346.75
  94.73,   352.01,   471.71
  100.36,   474.16,   220.37
  97.72,   475.58,   345.33
  95.07,   477.00,   470.30
  224.65,   223.86,   225.85
  222.01,   225.28,   350.81
  219.36,   226.71,   475.77
  224.99,   348.85,   224.43
  222.35,   350.28,   349.40
  219.70,   351.70,   474.36
  225.33,   473.85,   223.02
  222.69,   475.27,   347.98
  220.04,   476.69,   472.95
  349.63,   223.55,   228.50
  346.98,   224.98,   353.46
  344.33,   226.40,   478.42
  349.96,   348.55,   227.08
  347.32,   349.97,   352.05
  344.67,   351.39,   477.01
  350.30,   473.54,   225.67
  347.66,   474.96,   350.63
  345.01,   476.38,   475.59
  98.68,   224.14,   349.73
  99.62,   220.86,   474.68
  100.56,   217.57,   599.63
  98.52,   349.10,   353.02
  99.46,   345.81,   477.97
  100.41,   342.53,   602.92
  98.36,   474.06,   356.30
  99.30,   470.77,   481.26
  100.25,   467.48,   606.21
  223.67,   224.33,   348.79
  224.62,   221.04,   473.74
  225.56,   217.75,   598.70
  223.52,   349.28,   352.08
  224.46,   346.00,   477.03
  225.40,   342.71,   601.98
  223.36,   474.24,   355.37
  224.30,   470.95,   480.32
  225.24,   467.67,   605.27
  348.67,   224.51,   347.85
  349.61,   221.22,   472.80
  350.56,   217.94,   597.76
  348.51,   349.47,   351.14
  349.46,   346.18,   476.09
  350.40,   342.89,   601.05
  348.35,   474.42,   354.43
  349.30,   471.14,   479.38
  350.24,   467.85,   604.33
  101.04,   224.59,   474.63
  104.01,   224.65,   599.59
  106.98,   224.71,   724.56
  103.38,   349.56,   474.51
  106.35,   349.63,   599.47
  109.32,   349.69,   724.44
  105.71,   474.54,   474.39
  108.68,   474.60,   599.35
  111.65,   474.67,   724.32
  225.99,   222.25,   471.66
  228.96,   222.31,   596.62
  231.93,   222.38,   721.59
  228.32,   347.23,   471.54
  231.29,   347.29,   596.50
  234.26,   347.35,   721.47
  230.65,   472.21,   471.42
  233.62,   472.27,   596.39
  236.59,   472.33,   721.35
  350.93,   219.91,   468.69
  353.90,   219.98,   593.65
  356.87,   220.04,   718.62
  353.26,   344.89,   468.57
  356.23,   344.95,   593.54
  359.20,   345.02,   718.50
  355.60,   469.87,   468.45
  358.57,   469.93,   593.42
  361.54,   470.00,   718.38
  101.03,   226.80,   601.52
  97.80,   228.58,   726.46
  94.58,   230.37,   851.41
  98.25,   351.75,   599.66
  95.03,   353.54,   724.61
  91.80,   355.32,   849.55
  95.48,   476.71,   597.81
  92.25,   478.49,   722.75
  89.03,   480.28,   847.70
  225.95,   229.62,   604.70
  222.73,   231.40,   729.65
  219.50,   233.19,   854.59
  223.18,   354.57,   602.84
  219.95,   356.36,   727.79
  216.73,   358.14,   852.74
  220.40,   479.53,   600.99
  217.18,   481.31,   725.93
  213.96,   483.10,   850.88
  350.88,   232.44,   607.88
  347.66,   234.22,   732.83
  344.43,   236.01,   857.78
  348.11,   357.39,   606.03
  344.88,   359.18,   730.97
  341.66,   360.96,   855.92
  345.33,   482.35,   604.17
  342.11,   484.13,   729.12
  338.88,   485.92,   854.06
  98.36,   348.86,   98.32
  96.47,   351.76,   223.27
  94.59,   354.66,   348.22
  101.54,   473.79,   95.46
  99.66,   476.69,   220.42
  97.77,   479.59,   345.37
  104.73,   598.71,   92.61
  102.84,   601.61,   217.56
  100.95,   604.51,   342.52
  223.30,   345.72,   100.28
  221.42,   348.62,   225.23
  219.53,   351.52,   350.18
  226.49,   470.65,   97.42
  224.60,   473.55,   222.38
  222.71,   476.45,   347.33
  229.67,   595.57,   94.57
  227.78,   598.47,   219.52
  225.90,   601.37,   344.47
  348.25,   342.58,   102.23
  346.36,   345.48,   227.19
  344.48,   348.38,   352.14
  351.43,   467.50,   99.38
  349.55,   470.41,   224.33
  347.66,   473.31,   349.29
  354.62,   592.43,   96.53
  352.73,   595.33,   221.48
  350.84,   598.23,   346.43
  99.71,   351.31,   225.85
  99.75,   352.10,   350.85
  99.79,   352.88,   475.84
  101.75,   476.29,   225.07
  101.79,   477.08,   350.06
  101.83,   477.86,   475.06
  103.79,   601.27,   224.28
  103.83,   602.06,   349.28
  103.87,   602.84,   474.28
  224.69,   349.27,   225.82
  224.73,   350.05,   350.82
  224.77,   350.84,   475.82
  226.73,   474.25,   225.04
  226.77,   475.03,   350.04
  226.81,   475.82,   475.03
  228.78,   599.23,   224.25
  228.82,   600.01,   349.25
  228.86,   600.80,   474.25
  349.67,   347.23,   225.80
  349.71,   348.01,   350.79
  349.75,   348.79,   475.79
  351.72,   472.21,   225.01
  351.76,   472.99,   350.01
  351.80,   473.77,   475.01
  353.76,   597.19,   224.23
  353.80,   597.97,   349.22
  353.84,   598.75,   474.22
  99.96,   351.36,   351.69
  103.41,   354.83,   476.60
  106.86,   358.29,   601.50
  102.57,   476.29,   348.16
  106.02,   479.75,   473.06
  109.47,   483.21,   597.97
  105.18,   601.21,   344.62
  108.63,   604.67,   469.53
  112.08,   608.13,   594.43
  224.89,   348.66,   348.32
  228.34,   352.12,   473.22
  231.79,   355.58,   598.12
  227.50,   473.58,   344.78
  230.95,   477.04,   469.69
  234.40,   480.51,   594.59
  230.11,   598.50,   341.25
  233.56,   601.97,   466.15
  237.01,   605.43,   591.05
  349.82,   345.95,   344.94
  353.27,   349.42,   469.84
  356.72,   352.88,   594.75
  352.42,   470.88,   341.41
  355.87,   474.34,   466.31
  359.32,   477.80,   591.21
  355.03,   595.80,   337.87
  358.48,   599.26,   462.77
  361.93,   602.73,   587.68
  99.52,   349.48,   475.14
  96.96,   351.02,   600.11
  94.39,   352.57,   725.07
  96.51,   474.43,   473.54
  93.95,   475.98,   598.50
  91.39,   477.52,   723.46
  93.51,   599.39,   471.93
  90.94,   600.93,   596.89
  88.38,   602.47,   721.86
  224.46,   352.52,   477.67
  221.90,   354.06,   602.63
  219.33,   355.61,   727.60
  221.45,   477.47,   476.06
  218.89,   479.02,   601.03
  216.32,   480.56,   725.99
  218.44,   602.43,   474.46
  215.88,   603.97,   599.42
  213.31,   605.52,   724.38
  349.40,   355.56,   480.20
  346.83,   357.11,   605.16
  344.27,   358.65,   730.12
  346.39,   480.52,   478.59
  343.82,   482.06,   603.55
  341.26,   483.60,   728.52
  343.38,   605.47,   476.98
  340.82,   607.01,   601.95
  338.25,   608.56,   726.91
  101.07,   349.44,   601.63
  99.86,   350.85,   726.62
  98.65,   352.27,   851.61
  98.54,   474.40,   600.19
  97.33,   475.82,   725.18
  96.12,   477.23,   850.17
  96.01,   599.37,   598.75
  94.80,   600.78,   723.74
  93.59,   602.20,   848.73
  226.04,   351.98,   602.82
  224.83,   353.40,   727.80
  223.62,   354.81,   852.79
  223.51,   476.95,   601.38
  222.30,   478.36,   726.36
  221.09,   479.78,   851.35
  220.98,   601.91,   599.93
  219.77,   603.33,   724.92
  218.56,   604.74,   849.91
  351.01,   354.52,   604.00
  349.80,   355.94,   728.98
  348.59,   357.36,   853.97
  348.48,   479.49,   602.56
  347.27,   480.91,   727.54
  346.06,   482.32,   852.53
  345.95,   604.46,   601.12
  344.74,   605.87,   726.10
  343.53,   607.29,   851.09
  98.16,   476.22,   101.43
  99.79,   473.16,   226.38
  101.42,   470.10,   351.34
  95.65,   601.16,   104.53
  97.28,   598.10,   229.48
  98.91,   595.03,   354.43
  93.14,   726.10,   107.62
  94.77,   723.03,   232.58
  96.40,   719.97,   357.53
  223.13,   478.77,   99.86
  224.76,   475.71,   224.82
  226.39,   472.65,   349.77
  220.62,   603.71,   102.96
  222.25,   600.65,   227.91
  223.87,   597.58,   352.86
  218.11,   728.65,   106.06
  219.73,   725.58,   231.01
  221.36,   722.52,   355.96
  348.09,   481.32,   98.30
  349.72,   478.26,   223.25
  351.35,   475.20,   348.20
  345.58,   606.26,   101.39
  347.21,   603.20,   226.35
  348.84,   600.13,   351.30
  343.07,   731.20,   104.49
  344.70,   728.13,   229.44
  346.33,   725.07,   354.39
  99.43,   475.25,   223.56
  95.99,   477.43,   348.50
  92.55,   479.61,   473.43
  100.13,   600.23,   221.40
  96.69,   602.41,   346.34
  93.25,   604.59,   471.27
  100.83,   725.21,   219.24
  97.39,   727.39,   344.18
  93.95,   729.56,   469.11
  224.38,   474.61,   227.02
  220.94,   476.79,   351.95
  217.50,   478.96,   476.88
  225.08,   599.59,   224.86
  221.64,   601.76,   349.79
  218.20,   603.94,   474.72
  225.78,   724.57,   222.70
  222.34,   726.74,   347.63
  218.90,   728.92,   472.56
  349.33,   473.97,   230.47
  345.89,   476.14,   355.40
  342.45,   478.32,   480.34
  350.03,   598.94,   228.31
  346.59,   601.12,   353.24
  343.15,   603.30,   478.18
  350.73,   723.92,   226.15
  347.29,   726.10,   351.08
  343.85,   728.28,   476.02
  100.90,   475.84,   348.67
  98.14,   479.05,   473.60
  95.37,   482.26,   598.52
  100.07,   600.80,   345.44
  97.30,   604.00,   470.37
  94.54,   607.21,   595.30
  99.24,   725.75,   342.21
  96.47,   728.96,   467.14
  93.71,   732.17,   592.07
  225.87,   476.74,   351.41
  223.10,   479.95,   476.34
  220.34,   483.16,   601.27
  225.04,   601.70,   348.18
  222.27,   604.91,   473.11
  219.50,   608.12,   598.04
  224.21,   726.66,   344.96
  221.44,   729.86,   469.89
  218.67,   733.07,   594.81
  350.84,   477.65,   354.16
  348.07,   480.86,   479.08
  345.30,   484.06,   604.01
  350.00,   602.60,   350.93
  347.24,   605.81,   475.86
  344.47,   609.02,   600.79
  349.17,   727.56,   347.70
  346.41,   730.77,   472.63
  343.64,   733.97,   597.56
  99.93,   476.33,   476.00
  100.75,   478.78,   600.97
  101.57,   481.24,   725.95
  103.50,   601.25,   473.52
  104.32,   603.71,   598.50
  105.14,   606.16,   723.47
  107.07,   726.17,   471.04
  107.89,   728.63,   596.02
  108.71,   731.09,   720.99
  224.87,   472.74,   475.25
  225.69,   475.20,   600.22
  226.51,   477.65,   725.20
  228.44,   597.66,   472.77
  229.26,   600.12,   597.75
  230.08,   602.58,   722.72
  232.01,   722.59,   470.29
  232.83,   725.05,   595.27
  233.65,   727.50,   720.24
  349.82,   469.15,   474.50
  350.64,   471.61,   599.47
  351.46,   474.07,   724.45
  353.39,   594.08,   472.02
  354.21,   596.54,   597.00
  355.03,   598.99,   721.97
  356.96,   719.00,   469.54
  357.78,   721.46,   594.52
  358.60,   723.92,   719.49
  99.95,   474.46,   601.25
  99.39,   477.79,   726.20
  98.82,   481.13,   851.16
  100.72,   599.41,   597.92
  100.16,   602.74,   722.87
  99.59,   606.08,   847.83
  101.49,   724.36,   594.59
  100.92,   727.70,   719.54
  100.36,   731.03,   844.50
  224.95,   473.70,   601.84
  224.39,   477.04,   726.79
  223.82,   480.37,   851.74
  225.72,   598.66,   598.50
  225.15,   601.99,   723.46
  224.59,   605.33,   848.41
  226.48,   723.61,   595.17
  225.92,   726.95,   720.13
  225.36,   730.28,   845.08
  349.95,   472.95,   602.42
  349.38,   476.29,   727.37
  348.82,   479.62,   852.33
  350.71,   597.91,   599.09
  350.15,   601.24,   724.04
  349.58,   604.58,   849.00
  351.48,   722.86,   595.76
  350.92,   726.19,   720.71
  350.35,   729.53,   845.66
  101.31,   598.89,   101.61
  103.51,   598.12,   226.59
  105.71,   597.35,   351.56
  104.10,   723.85,   102.33
  106.30,   723.09,   227.30
  108.51,   722.32,   352.28
  106.89,   848.82,   103.05
  109.10,   848.05,   228.02
  111.30,   847.28,   353.00
  226.25,   596.11,   99.39
  228.46,   595.34,   224.37
  230.66,   594.57,   349.34
  229.05,   721.07,   100.11
  231.25,   720.30,   225.08
  233.46,   719.54,   350.06
  231.84,   846.04,   100.83
  234.05,   845.27,   225.80
  236.25,   844.50,   350.78
  351.20,   593.33,   97.17
  353.41,   592.56,   222.15
  355.61,   591.79,   347.12
  354.00,   718.29,   97.89
  356.20,   717.52,   222.86
  358.41,   716.75,   347.84
  356.79,   843.26,   98.61
  359.00,   842.49,   223.58
  361.20,   841.72,   348.56
  98.70,   601.93,   225.64
  95.42,   598.53,   350.55
  92.15,   595.13,   475.46
  97.82,   726.88,   229.02
  94.54,   723.48,   353.93
  91.27,   720.08,   478.84
  96.94,   851.83,   232.40
  93.66,   848.43,   357.31
  90.39,   845.03,   482.22
  223.66,   602.72,   228.94
  220.38,   599.32,   353.85
  217.10,   595.92,   478.76
  222.78,   727.67,   232.32
  219.50,   724.27,   357.23
  216.22,   720.87,   482.14
  221.90,   852.62,   235.70
  218.62,   849.22,   360.61
  215.34,   845.82,   485.52
  348.61,   603.51,   232.24
  345.33,   600.11,   357.15
  342.05,   596.71,   482.06
  347.73,   728.46,   235.62
  344.45,   725.06,   360.53
  341.17,   721.66,   485.44
  346.85,   853.41,   239.00
  343.57,   850.01,   363.91
  340.29,   846.61,   488.82
  98.66,   601.74,   348.61
  97.50,   603.07,   473.60
  96.33,   604.41,   598.59
  96.50,   726.71,   347.26
  95.33,   728.05,   472.24
  94.16,   729.38,   597.23
  94.34,   851.69,   345.90
  93.17,   853.02,   470.89
  92.00,   854.36,   595.87
  223.64,   603.91,   349.76
  222.47,   605.25,   474.74
  221.30,   606.59,   599.73
  221.48,   728.89,   348.40
  220.31,   730.22,   473.39
  219.14,   731.56,   598.38
  219.31,   853.86,   347.05
  218.14,   855.20,   472.03
  216.97,   856.53,   597.02
  348.62,   606.09,   350.90
  347.45,   607.43,   475.89
  346.28,   608.76,   600.88
  346.45,   731.07,   349.55
  345.28,   732.40,   474.53
  344.11,   733.74,   599.52
  344.29,   856.04,   348.19
  343.12,   857.38,   473.18
  341.95,   858.71,   598.17
  98.79,   599.68,   473.10
  98.50,   601.93,   598.08
  98.22,   604.18,   723.06
  100.86,   724.64,   470.85
  100.58,   726.89,   595.83
  100.29,   729.15,   720.81
  102.93,   849.60,   468.61
  102.65,   851.86,   593.59
  102.37,   854.11,   718.57
  223.77,   597.61,   473.42
  223.49,   599.86,   598.40
  223.20,   602.11,   723.38
  225.84,   722.57,   471.17
  225.56,   724.82,   596.15
  225.28,   727.08,   721.13
  227.92,   847.54,   468.93
  227.63,   849.79,   593.91
  227.35,   852.04,   718.89
  348.75,   595.54,   473.74
  348.47,   597.79,   598.72
  348.19,   600.05,   723.70
  350.82,   720.50,   471.49
  350.54,   722.76,   596.47
  350.26,   725.01,   721.45
  352.90,   845.47,   469.25
  352.62,   847.72,   594.23
  352.33,   849.97,   719.20
  100.82,   599.96,   598.19
  99.19,   601.99,   723.16
  97.57,   604.01,   848.14
  101.98,   724.94,   596.18
  100.35,   726.97,   721.15
  98.73,   728.99,   846.13
  103.14,   849.92,   594.17
  101.51,   851.94,   719.14
  99.89,   853.97,   844.12
  225.80,   598.83,   599.83
  224.18,   600.85,   724.80
  222.55,   602.88,   849.78
  226.96,   723.81,   597.82
  225.34,   725.83,   722.79
  223.71,   727.86,   847.77
  228.12,   848.78,   595.81
  226.50,   850.81,   720.78
  224.88,   852.83,   845.76
  350.78,   597.69,   601.47
  349.16,   599.72,   726.45
  347.54,   601.74,   851.42
  351.94,   722.67,   599.46
  350.32,   724.70,   724.44
  348.70,   726.72,   849.41
  353.11,   847.65,   597.45
  351.48,   849.67,   722.43
  349.86,   851.70,   847.40
  224.08,   101.25,   101.37
  225.51,   102.48,   226.36
  226.94,   103.71,   351.35
  220.76,   226.20,   100.18
  222.19,   227.43,   225.17
  223.62,   228.66,   350.16
  217.45,   351.15,   98.99
  218.87,   352.38,   223.98
  220.30,   353.61,   348.96
  349.03,   104.56,   99.92
  350.46,   105.79,   224.90
  351.88,   107.01,   349.89
  345.71,   229.51,   98.73
  347.14,   230.74,   223.71
  348.56,   231.97,   348.70
  342.39,   354.46,   97.54
  343.82,   355.69,   222.52
  345.25,   356.92,   347.51
  473.98,   107.86,   98.46
  475.40,   109.09,   223.44
  476.83,   110.32,   348.43
  470.66,   232.81,   97.27
  472.09,   234.04,   222.25
  473.51,   235.27,   347.24
  467.34,   357.76,   96.08
  468.77,   358.99,   221.06
  470.19,   360.22,   346.05
  224.72,   101.06,   223.77
  226.24,   98.50,   348.73
  227.77,   95.95,   473.70
  227.50,   226.01,   226.29
  229.03,   223.45,   351.26
  230.55,   220.89,   476.22
  230.29,   350.95,   228.82
  231.81,   348.39,   353.78
  233.33,   345.83,   478.75
  349.68,   98.31,   222.19
  351.20,   95.75,   347.15
  352.73,   93.19,   472.12
  352.46,   223.25,   224.71
  353.99,   220.70,   349.68
  355.51,   218.14,   474.64
  355.25,   348.20,   227.24
  356.77,   345.64,   352.20
  358.29,   343.08,   477.17
  474.64,   95.56,   220.61
  476.16,   93.00,   345.57
  477.69,   90.44,   470.54
  477.42,   220.50,   223.13
  478.95,   217.94,   348.10
  480.47,   215.38,   473.06
  480.21,   345.45,   225.66
  481.73,   342.89,   350.62
  483.25,   340.33,   475.59
  225.71,   101.35,   348.30
  228.50,   99.62,   473.26
  231.29,   97.90,   598.22
  222.97,   226.31,   350.09
  225.76,   224.58,   475.05
  228.55,   222.86,   600.00
  220.24,   351.26,   351.88
  223.03,   349.54,   476.83
  225.82,   347.81,   601.79
  350.65,   104.12,   345.55
  353.44,   102.40,   470.51
  356.23,   100.67,   595.46
  347.91,   229.08,   347.34
  350.70,   227.36,   472.29
  353.49,   225.63,   597.25
  345.17,   354.04,   349.12
  347.96,   352.31,   474.08
  350.75,   350.59,   599.04
  475.58,   106.90,   342.80
  478.37,   105.17,   467.76
  481.17,   103.45,   592.71
  472.85,   231.86,   344.59
  475.64,   230.13,   469.54
  478.43,   228.40,   594.50
  470.11,   356.81,   346.37
  472.90,   355.09,   471.33
  475.69,   353.36,   596.29
  224.74,   98.37,   476.76
  226.57,   98.72,   601.74
  228.40,   99.08,   726.73
  226.42,   223.36,   476.38
  228.25,   223.71,   601.37
  230.08,   224.06,   726.35
  228.10,   348.35,   476.00
  229.93,   348.70,   600.99
  231.76,   349.05,   725.98
  349.72,   96.68,   474.93
  351.55,   97.04,   599.92
  353.37,   97.39,   724.91
  351.40,   221.67,   474.56
  353.23,   222.03,   599.54
  355.06,   222.38,   724.53
  353.08,   346.66,   474.18
  354.91,   347.01,   599.17
  356.74,   347.37,   724.15
  474.69,   95.00,   473.11
  476.52,   95.35,   598.10
  478.35,   95.70,   723.08
  476.37,   219.99,   472.73
  478.20,   220.34,   597.72
  480.03,   220.69,   722.71
  478.06,   344.97,   472.36
  479.88,   345.33,   597.34
  481.71,   345.68,   722.33
  226.60,   100.85,   600.66
  229.85,   102.46,   725.61
  233.09,   104.06,   850.56
  228.91,   225.82,   599.00
  232.16,   227.42,   723.95
  235.40,   229.03,   848.90
  231.22,   350.79,   597.34
  234.46,   352.39,   722.29
  237.71,   353.99,   847.24
  351.54,   98.50,   597.45
  354.78,   100.11,   722.40
  358.03,   101.71,   847.34
  353.85,   223.47,   595.79
  357.09,   225.07,   720.73
  360.34,   226.68,   845.68
  356.15,   348.44,   594.12
  359.40,   350.04,   719.07
  362.64,   351.64,   844.02
  476.48,   96.16,   594.23
  479.72,   97.76,   719.18
  482.97,   99.36,   844.13
  478.78,   221.12,   592.57
  482.03,   222.73,   717.52
  485.27,   224.33,   842.47
  481.09,   346.09,   590.91
  484.34,   347.69,   715.86
  487.58,   349.29,   840.80
  226.79,   226.99,   98.74
  228.91,   226.58,   223.72
  231.04,   226.16,   348.71
  227.83,   351.99,   99.14
  229.95,   351.57,   224.12
  232.08,   351.16,   349.10
  228.87,   476.98,   99.54
  230.99,   476.57,   224.52
  233.11,   476.15,   349.50
  351.77,   225.96,   96.62
  353.89,   225.55,   221.60
  356.02,   225.13,   346.58
  352.81,   350.96,   97.01
  354.93,   350.54,   221.99
  357.05,   350.13,   346.97
  353.84,   475.95,   97.41
  355.97,   475.54,   222.39
  358.09,   475.12,   347.37
  476.75,   224.93,   94.49
  478.87,   224.52,   219.47
  480.99,   224.10,   344.45
  477.78,   349.92,   94.88
  479.91,   349.51,   219.87
  482.03,   349.10,   344.85
  478.82,   474.92,   95.28
  480.95,   474.51,   220.26
  483.07,   474.09,   345.24
  225.10,   225.38,   225.19
  227.58,   226.15,   350.16
  230.05,   226.92,   475.13
  228.76,   350.32,   224.34
  231.24,   351.09,   349.32
  233.71,   351.86,   474.29
  232.42,   475.26,   223.50
  234.89,   476.04,   348.47
  237.37,   476.81,   473.44
  350.02,   221.70,   222.73
  352.50,   222.47,   347.71
  354.98,   223.25,   472.68
  353.68,   346.65,   221.89
  356.16,   347.42,   346.86
  358.63,   348.19,   471.84
  357.34,   471.59,   221.05
  359.82,   472.36,   346.02
  362.29,   473.13,   470.99
  474.95,   218.03,   220.28
  477.42,   218.80,   345.26
  479.90,   219.57,   470.23
  478.60,   342.97,   219.44
  481.08,   343.74,   344.41
  483.56,   344.51,   469.38
  482.26,   467.92,   218.59
  484.74,   468.69,   343.57
  487.21,   469.46,   468.54
  224.49,   225.06,   350.81
  224.87,   227.81,   475.78
  225.26,   230.56,   600.75
  225.38,   350.03,   348.06
  225.76,   352.78,   473.03
  226.15,   355.53,   598.00
  226.27,   474.99,   345.30
  226.65,   477.74,   470.27
  227.04,   480.49,   595.24
  349.48,   224.16,   350.44
  349.87,   226.91,   475.41
  350.25,   229.66,   600.38
  350.38,   349.13,   347.69
  350.76,   351.88,   472.66
  351.14,   354.63,   597.63
  351.27,   474.10,   344.94
  351.65,   476.84,   469.91
  352.04,   479.59,   594.88
  474.48,   223.26,   350.08
  474.87,   226.01,   475.05
  475.25,   228.76,   600.02
  475.37,   348.23,   347.33
  475.76,   350.98,   472.30
  476.14,   353.73,   597.27
  476.26,   473.20,   344.58
  476.65,   475.95,   469.54
  477.03,   478.70,   594.51
  223.52,   224.43,   473.63
  221.18,   224.30,   598.61
  218.84,   224.17,   723.59
  220.69,   349.39,   473.71
  218.35,   349.26,   598.69
  216.02,   349.13,   723.67
  217.87,   474.36,   473.79
  215.53,   474.23,   598.76
  213.19,   474.10,   723.74
  348.46,   227.25,   475.97
  346.13,   227.12,   600.95
  343.79,   226.99,   725.93
  345.64,   352.22,   476.05
  343.30,   352.09,   601.03
  340.96,   351.96,   726.01
  342.81,   477.18,   476.13
  340.47,   477.06,   601.11
  338.14,   476.93,   726.08
  473.41,   230.07,   478.32
  471.07,   229.94,   603.29
  468.73,   229.81,   728.27
  470.58,   355.04,   478.39
  468.25,   354.91,   603.37
  465.91,   354.78,   728.35
  467.76,   480.01,   478.47
  465.42,   479.88,   603.45
  463.08,   479.75,   728.42
  226.96,   225.12,   598.94
  226.85,   225.13,   723.94
  226.73,   225.15,   848.94
  228.15,   350.11,   598.92
  228.04,   350.13,   723.92
  227.92,   350.14,   848.92
  229.34,   475.11,   598.91
  229.23,   475.12,   723.91
  229.11,   475.14,   848.91
  351.96,   223.93,   599.05
  351.84,   223.94,   724.05
  351.72,   223.96,   849.05
  353.15,   348.92,   599.04
  353.03,   348.94,   724.04
  352.91,   348.95,   849.04
  354.34,   473.92,   599.03
  354.22,   473.93,   724.03
  354.10,   473.95,   849.03
  476.95,   222.74,   599.17
  476.83,   222.75,   724.17
  476.72,   222.77,   849.17
  478.14,   347.73,   599.16
  478.02,   347.75,   724.16
  477.91,   347.76,   849.16
  479.33,   472.73,   599.14
  479.22,   472.74,   724.14
  479.10,   472.76,   849.14
  224.31,   348.81,   99.02
  225.72,   349.49,   224.01
  227.14,   350.17,   349.00
  225.45,   473.80,   98.32
  226.87,   474.48,   223.31
  228.28,   475.17,   348.30
  226.60,   598.79,   97.62
  228.02,   599.48,   222.61
  229.43,   600.16,   347.60
  349.29,   347.65,   97.61
  350.71,   348.34,   222.60
  352.12,   349.02,   347.59
  350.44,   472.65,   96.91
  351.86,   473.33,   221.90
  353.27,   474.01,   346.89
  351.59,   597.64,   96.22
  353.00,   598.32,   221.21
  354.42,   599.01,   346.20
  474.28,   346.50,   96.20
  475.70,   347.18,   221.19
  477.11,   347.86,   346.18
  475.43,   471.49,   95.50
  476.84,   472.17,   220.49
  478.26,   472.86,   345.48
  476.57,   596.48,   94.81
  477.99,   597.17,   219.80
  479.40,   597.85,   344.79
  226.02,   350.41,   224.98
  222.52,   349.80,   349.93
  219.03,   349.19,   474.88
  225.83,   475.41,   225.58
  222.34,   474.80,   350.53
  218.85,   474.19,   475.48
  225.65,   600.41,   226.19
  222.16,   599.80,   351.14
  218.66,   599.19,   476.09
  350.97,   350.58,   228.47
  347.47,   349.97,   353.42
  343.98,   349.36,   478.37
  350.79,   475.58,   229.08
  347.29,   474.97,   354.03
  343.80,   474.36,   478.98
  350.60,   600.58,   229.69
  347.11,   599.96,   354.63
  343.61,   599.35,   479.58
  475.92,   350.74,   231.97
  472.42,   350.13,   356.92
  468.93,   349.52,   481.87
  475.74,   475.74,   232.57
  472.24,   475.13,   357.52
  468.75,   474.52,   482.47
  475.55,   600.74,   233.18
  472.06,   600.13,   358.13
  468.57,   599.52,   483.08
  224.26,   350.56,   350.91
  221.46,   351.15,   475.87
  218.66,   351.75,   600.84
  226.89,   475.53,   350.37
  224.09,   476.12,   475.34
  221.29,   476.72,   600.31
  229.53,   600.50,   349.84
  226.72,   601.10,   474.81
  223.92,   601.69,   599.77
  349.20,   347.94,   353.72
  346.40,   348.53,   478.69
  343.60,   349.13,   603.65
  351.83,   472.91,   353.19
  349.03,   473.50,   478.15
  346.23,   474.10,   603.12
  354.47,   597.88,   352.65
  351.66,   598.48,   477.62
  348.86,   599.07,   602.59
  474.14,   345.32,   356.53
  471.34,   345.91,   481.50
  468.54,   346.51,   606.47
  476.78,   470.29,   356.00
  473.97,   470.89,   480.97
  471.17,   471.48,   605.94
  479.41,   595.26,   355.47
  476.60,   595.86,   480.43
  473.80,   596.45,   605.40
  224.03,   351.94,   474.21
  226.79,   350.53,   599.18
  229.55,   349.13,   724.14
  225.53,   476.92,   475.59
  228.29,   475.51,   600.55
  231.05,   474.11,   725.51
  227.03,   601.90,   476.96
  229.79,   600.50,   601.92
  232.55,   599.09,   726.88
  348.99,   350.47,   471.44
  351.75,   349.06,   596.40
  354.51,   347.66,   721.36
  350.49,   475.45,   472.81
  353.25,   474.05,   597.77
  356.01,   472.64,   722.73
  351.99,   600.44,   474.18
  354.75,   599.03,   599.15
  357.51,   597.62,   724.11
  473.95,   349.00,   468.66
  476.71,   347.59,   593.62
  479.47,   346.19,   718.58
  475.45,   473.98,   470.03
  478.21,   472.58,   595.00
  480.97,   471.17,   719.96
  476.95,   598.97,   471.41
  479.71,   597.56,   596.37
  482.47,   596.15,   721.33
  226.55,   351.06,   598.88
  224.71,   347.74,   723.82
  222.87,   344.43,   848.77
  229.31,   475.98,   602.24
  227.47,   472.67,   727.18
  225.63,   469.35,   852.12
  232.07,   600.91,   605.59
  230.23,   597.59,   730.54
  228.39,   594.28,   855.48
  351.50,   348.25,   600.65
  349.66,   344.93,   725.59
  347.82,   341.62,   850.53
  354.26,   473.18,   604.00
  352.42,   469.86,   728.95
  350.58,   466.54,   853.89
  357.02,   598.10,   607.36
  355.18,   594.78,   732.30
  353.34,   591.47,   857.24
  476.46,   345.44,   602.41
  474.62,   342.13,   727.35
  472.78,   338.81,   852.30
  479.22,   470.37,   605.77
  477.38,   467.05,   730.71
  475.54,   463.74,   855.65
  481.98,   595.29,   609.12
  480.14,   591.98,   734.07
  478.30,   588.66,   859.01
  224.95,   473.65,   101.61
  222.74,   472.96,   226.59
  220.53,   472.27,   351.57
  227.47,   598.62,   102.34
  225.26,   597.93,   227.32
  223.05,   597.25,   352.30
  229.99,   723.60,   103.08
  227.78,   722.91,   228.06
  225.58,   722.22,   353.03
  349.90,   471.12,   103.80
  347.70,   470.43,   228.78
  345.49,   469.74,   353.76
  352.42,   596.09,   104.54
  350.22,   595.40,   229.52
  348.01,   594.71,   354.49
  354.95,   721.06,   105.27
  352.74,   720.37,   230.25
  350.53,   719.68,   355.23
  474.86,   468.58,   106.00
  472.65,   467.89,   230.98
  470.44,   467.21,   355.96
  477.38,   593.56,   106.73
  475.17,   592.87,   231.71
  472.96,   592.18,   356.69
  479.90,   718.53,   107.46
  477.69,   717.84,   232.44
  475.49,   717.15,   357.42
  226.25,   474.40,   226.57
  228.50,   474.29,   351.55
  230.75,   474.17,   476.53
  223.58,   599.37,   226.73
  225.83,   599.26,   351.71
  228.08,   599.15,   476.69
  220.91,   724.34,   226.89
  223.16,   724.23,   351.87
  225.41,   724.12,   476.85
  351.20,   477.08,   224.32
  353.45,   476.96,   349.30
  355.70,   476.85,   474.28
  348.53,   602.05,   224.49
  350.78,   601.93,   349.46
  353.03,   601.82,   474.44
  345.86,   727.02,   224.65
  348.11,   726.91,   349.63
  350.36,   726.79,   474.61
  476.16,   479.75,   222.08
  478.41,   479.64,   347.06
  480.65,   479.53,   472.04
  473.48,   604.72,   222.24
  475.73,   604.61,   347.22
  477.98,   604.50,   472.20
  470.81,   729.69,   222.40
  473.06,   729.58,   347.38
  475.31,   729.47,   472.36
  224.67,   474.76,   350.19
  225.66,   471.32,   475.14
  226.64,   467.88,   600.09
  223.68,   599.71,   353.64
  224.66,   596.27,   478.59
  225.65,   592.83,   603.53
  222.68,   724.66,   357.08
  223.67,   721.22,   482.03
  224.65,   717.78,   606.98
  349.66,   475.78,   349.24
  350.65,   472.34,   474.18
  351.63,   468.91,   599.13
  348.67,   600.73,   352.68
  349.65,   597.29,   477.63
  350.64,   593.85,   602.58
  347.68,   725.68,   356.13
  348.66,   722.24,   481.07
  349.64,   718.80,   606.02
  474.66,   476.80,   348.28
  475.64,   473.36,   473.23
  476.62,   469.93,   598.18
  473.66,   601.75,   351.72
  474.65,   598.31,   476.67
  475.63,   594.87,   601.62
  472.67,   726.70,   355.17
  473.65,   723.26,   480.12
  474.64,   719.82,   605.07
  225.24,   473.37,   474.22
  226.89,   469.66,   599.15
  228.54,   465.95,   724.08
  224.60,   598.31,   477.94
  226.25,   594.60,   602.87
  227.90,   590.89,   727.80
  223.97,   723.25,   481.65
  225.61,   719.54,   606.59
  227.26,   715.83,   731.52
  350.22,   474.05,   472.59
  351.87,   470.34,   597.52
  353.52,   466.63,   722.45
  349.59,   599.00,   476.31
  351.24,   595.28,   601.24
  352.89,   591.57,   726.17
  348.95,   723.94,   480.02
  350.60,   720.23,   604.96
  352.25,   716.52,   729.89
  475.21,   474.74,   470.96
  476.86,   471.03,   595.89
  478.51,   467.32,   720.82
  474.58,   599.68,   474.68
  476.23,   595.97,   599.61
  477.88,   592.26,   724.54
  473.94,   724.62,   478.39
  475.59,   720.91,   603.33
  477.24,   717.20,   728.26
  226.50,   473.39,   600.07
  227.34,   476.42,   725.03
  228.17,   479.45,   849.99
  226.05,   598.35,   597.04
  226.89,   601.38,   722.00
  227.73,   604.41,   846.96
  225.60,   723.32,   594.02
  226.44,   726.34,   718.98
  227.28,   729.37,   843.94
  351.49,   473.82,   599.22
  352.33,   476.85,   724.18
  353.17,   479.87,   849.14
  351.05,   598.78,   596.19
  351.89,   601.81,   721.15
  352.72,   604.84,   846.11
  350.60,   723.74,   593.17
  351.44,   726.77,   718.13
  352.28,   729.80,   843.09
  476.49,   474.24,   598.37
  477.33,   477.27,   723.33
  478.17,   480.30,   848.29
  476.04,   599.21,   595.34
  476.88,   602.23,   720.31
  477.72,   605.26,   845.27
  475.60,   724.17,   592.32
  476.43,   727.20,   717.28
  477.27,   730.22,   842.24
  224.27,   600.68,   98.72
  222.18,   598.05,   223.67
  220.08,   595.43,   348.63
  225.58,   725.64,   101.36
  223.49,   723.02,   226.32
  221.39,   720.40,   351.27
  226.90,   850.61,   104.01
  224.80,   847.99,   228.97
  222.70,   845.36,   353.92
  349.25,   599.32,   100.79
  347.15,   596.70,   225.74
  345.05,   594.08,   350.70
  350.56,   724.29,   103.43
  348.46,   721.67,   228.39
  346.37,   719.04,   353.34
  351.87,   849.25,   106.08
  349.77,   846.63,   231.04
  347.68,   844.01,   355.99
  474.23,   597.97,   102.86
  472.13,   595.35,   227.81
  470.03,   592.72,   352.77
  475.54,   722.93,   105.50
  473.44,   720.31,   230.46
  471.34,   717.69,   355.41
  476.85,   847.90,   108.15
  474.75,   845.28,   233.10
  472.65,   842.65,   358.06
  226.74,   600.08,   223.29
  228.56,   600.59,   348.28
  230.38,   601.09,   473.26
  223.25,   725.03,   222.84
  225.07,   725.54,   347.83
  226.89,   726.04,   472.81
  219.75,   849.98,   222.39
  221.57,   850.49,   347.38
  223.39,   850.99,   472.36
  351.68,   603.57,   221.46
  353.50,   604.08,   346.45
  355.32,   604.58,   471.43
  348.18,   728.52,   221.01
  350.00,   729.03,   345.99
  351.83,   729.53,   470.98
  344.69,   853.47,   220.56
  346.51,   853.98,   345.54
  348.33,   854.48,   470.53
  476.62,   607.06,   219.63
  478.44,   607.56,   344.61
  480.26,   608.07,   469.60
  473.12,   732.01,   219.17
  474.94,   732.52,   344.16
  476.76,   733.02,   469.15
  469.63,   856.96,   218.72
  471.45,   857.47,   343.71
  473.27,   857.97,   468.69
  226.21,   600.19,   348.11
  225.88,   597.36,   473.08
  225.55,   594.53,   598.05
  228.67,   725.13,   350.95
  228.34,   722.30,   475.91
  228.01,   719.48,   600.88
  231.13,   850.08,   353.78
  230.80,   847.25,   478.75
  230.47,   844.42,   603.71
  351.19,   597.72,   348.39
  350.86,   594.89,   473.35
  350.52,   592.06,   598.32
  353.65,   722.66,   351.22
  353.32,   719.84,   476.19
  352.99,   717.01,   601.16
  356.11,   847.61,   354.05
  355.78,   844.78,   479.02
  355.45,   841.95,   603.99
  476.16,   595.25,   348.66
  475.83,   592.42,   473.63
  475.50,   589.60,   598.60
  478.62,   720.20,   351.50
  478.29,   717.37,   476.46
  477.96,   714.54,   601.43
  481.08,   845.14,   354.33
  480.75,   842.31,   479.30
  480.42,   839.48,   604.27
  223.54,   601.32,   474.85
  223.17,   598.45,   599.81
  222.80,   595.58,   724.78
  222.77,   726.29,   477.72
  222.40,   723.42,   602.68
  222.03,   720.54,   727.65
  222.01,   851.25,   480.59
  221.64,   848.38,   605.55
  221.27,   845.51,   730.52
  348.53,   602.08,   475.23
  348.16,   599.21,   600.20
  347.79,   596.33,   725.17
  347.77,   727.04,   478.10
  347.40,   724.17,   603.07
  347.03,   721.30,   728.04
  347.01,   852.01,   480.97
  346.64,   849.14,   605.94
  346.27,   846.26,   730.91
  473.53,   602.83,   475.62
  473.16,   599.96,   600.59
  472.79,   597.09,   725.55
  472.77,   727.80,   478.49
  472.40,   724.93,   603.46
  472.03,   722.05,   728.42
  472.00,   852.76,   481.36
  471.63,   849.89,   606.33
  471.26,   847.02,   731.29
  223.16,   599.76,   599.24
  226.44,   602.25,   724.17
  229.71,   604.74,   849.10
  226.16,   724.69,   596.67
  229.43,   727.19,   721.60
  232.71,   729.68,   846.53
  229.16,   849.63,   594.09
  232.43,   852.12,   719.03
  235.71,   854.62,   843.96
  348.08,   596.69,   596.03
  351.36,   599.18,   720.96
  354.63,   601.68,   845.89
  351.08,   721.63,   593.45
  354.36,   724.12,   718.39
  357.63,   726.62,   843.32
  354.08,   846.57,   590.88
  357.35,   849.06,   715.81
  360.63,   851.55,   840.75
  473.01,   593.63,   592.81
  476.28,   596.12,   717.75
  479.55,   598.61,   842.68
  476.00,   718.57,   590.24
  479.28,   721.06,   715.17
  482.55,   723.55,   840.11
  479.00,   843.50,   587.67
  482.28,   846.00,   712.60
  485.55,   848.49,   837.53
  348.48,   101.97,   98.22
  349.12,   98.34,   223.17
  349.75,   94.71,   348.11
  347.53,   226.91,   101.86
  348.17,   223.28,   226.81
  348.81,   219.65,   351.75
  346.58,   351.86,   105.50
  347.22,   348.23,   230.44
  347.86,   344.59,   355.39
  473.47,   102.94,   97.61
  474.11,   99.30,   222.56
  474.75,   95.67,   347.50
  472.53,   227.88,   101.25
  473.16,   224.25,   226.20
  473.80,   220.62,   351.14
  471.58,   352.82,   104.89
  472.22,   349.19,   229.83
  472.85,   345.56,   354.78
  598.47,   103.90,   97.00
  599.11,   100.27,   221.95
  599.74,   96.64,   346.89
  597.52,   228.85,   100.64
  598.16,   225.21,   225.59
  598.80,   221.58,   350.53
  596.57,   353.79,   104.28
  597.21,   350.16,   229.22
  597.85,   346.53,   354.17
  350.01,   101.67,   225.86
  351.36,   99.59,   350.84
  352.71,   97.51,   475.81
  352.58,   226.63,   227.91
  353.93,   224.55,   352.89
  355.28,   222.47,   477.86
  355.16,   351.58,   229.96
  356.51,   349.51,   354.94
  357.86,   347.43,   479.91
  474.98,   99.12,   224.47
  476.32,   97.04,   349.44
  477.67,   94.96,   474.42
  477.55,   224.08,   226.52
  478.90,   222.00,   351.49
  480.25,   219.92,   476.47
  480.12,   349.03,   228.57
  481.47,   346.95,   353.54
  482.82,   344.88,   478.52
  599.94,   96.57,   223.08
  601.29,   94.49,   348.05
  602.64,   92.41,   473.03
  602.52,   221.52,   225.13
  603.86,   219.45,   350.10
  605.21,   217.37,   475.08
  605.09,   346.48,   227.18
  606.44,   344.40,   352.15
  607.79,   342.32,   477.13
  351.96,   100.92,   348.61
  352.50,   104.04,   473.57
  353.04,   107.16,   598.53
  352.18,   225.89,   345.49
  352.72,   229.00,   470.45
  353.25,   232.12,   595.41
  352.40,   350.85,   342.37
  352.94,   353.96,   467.33
  353.47,   357.08,   592.29
  476.96,   100.69,   348.07
  477.50,   103.81,   473.03
  478.03,   106.93,   597.99
  477.18,   225.65,   344.96
  477.71,   228.77,   469.92
  478.25,   231.89,   594.88
  477.40,   350.61,   341.84
  477.93,   353.73,   466.80
  478.47,   356.85,   591.76
  601.96,   100.46,   347.54
  602.49,   103.58,   472.50
  603.03,   106.69,   597.46
  602.17,   225.42,   344.42
  602.71,   228.54,   469.38
  603.25,   231.65,   594.34
  602.39,   350.38,   341.31
  602.93,   353.50,   466.27
  603.47,   356.61,   591.23
  350.77,   101.27,   474.46
  352.34,   100.06,   599.44
  353.90,   98.86,   724.43
  349.27,   226.25,   475.68
  350.83,   225.05,   600.67
  352.39,   223.84,   725.65
  347.77,   351.24,   476.91
  349.33,   350.03,   601.89
  350.89,   348.83,   726.87
  475.75,   102.79,   472.91
  477.32,   101.58,   597.90
  478.88,   100.38,   722.88
  474.25,   227.77,   474.13
  475.81,   226.57,   599.12
  477.37,   225.36,   724.10
  472.75,   352.76,   475.36
  474.31,   351.55,   600.34
  475.87,   350.35,   725.33
  600.74,   104.30,   471.36
  602.30,   103.10,   596.35
  603.86,   101.89,   721.33
  599.23,   229.29,   472.59
  600.79,   228.08,   597.57
  602.36,   226.88,   722.56
  597.73,   354.27,   473.81
  599.29,   353.07,   598.80
  600.85,   351.86,   723.78
  349.00,   101.73,   600.17
  347.83,   103.82,   725.15
  346.66,   105.91,   850.13
  348.94,   226.71,   598.08
  347.77,   228.80,   723.06
  346.60,   230.89,   848.04
  348.88,   351.69,   595.99
  347.71,   353.78,   720.97
  346.54,   355.87,   845.95
  473.99,   101.81,   601.34
  472.82,   103.90,   726.32
  471.65,   105.99,   851.30
  473.93,   226.79,   599.25
  472.76,   228.88,   724.23
  471.59,   230.97,   849.21
  473.87,   351.77,   597.16
  472.70,   353.86,   722.14
  471.53,   355.95,   847.12
  598.98,   101.89,   602.51
  597.81,   103.98,   727.49
  596.64,   106.07,   852.47
  598.92,   226.87,   600.42
  597.75,   228.96,   725.40
  596.58,   231.05,   850.38
  598.87,   351.85,   598.33
  597.70,   353.94,   723.31
  596.53,   356.03,   848.29
  351.15,   226.29,   101.85
  349.42,   227.38,   226.83
  347.68,   228.47,   351.81
  349.72,   351.28,   100.74
  347.98,   352.37,   225.72
  346.25,   353.46,   350.70
  348.28,   476.27,   99.63
  346.55,   477.36,   224.61
  344.81,   478.45,   349.59
  476.13,   227.74,   103.57
  474.40,   228.83,   228.55
  472.66,   229.92,   353.53
  474.70,   352.73,   102.46
  472.96,   353.82,   227.44
  471.23,   354.91,   352.42
  473.26,   477.72,   101.35
  471.53,   478.81,   226.33
  469.79,   479.90,   351.31
  601.11,   229.19,   105.29
  599.38,   230.28,   230.27
  597.64,   231.37,   355.26
  599.68,   354.18,   104.18
  597.94,   355.27,   229.16
  596.21,   356.36,   354.15
  598.24,   479.17,   103.07
  596.51,   480.26,   228.05
  594.77,   481.35,   353.04
  350.69,   225.34,   225.59
  352.21,   225.49,   350.58
  353.72,   225.63,   475.57
  352.20,   350.33,   225.42
  353.71,   350.48,   350.41
  355.23,   350.62,   475.40
  353.70,   475.32,   225.25
  355.22,   475.47,   350.24
  356.74,   475.62,   475.24
  475.67,   223.83,   224.07
  477.19,   223.98,   349.06
  478.71,   224.13,   474.05
  477.18,   348.82,   223.90
  478.70,   348.97,   348.90
  480.21,   349.12,   473.89
  478.68,   473.81,   223.74
  480.20,   473.96,   348.73
  481.72,   474.11,   473.72
  600.65,   222.32,   222.56
  602.17,   222.47,   347.55
  603.69,   222.62,   472.54
  602.16,   347.31,   222.39
  603.68,   347.46,   347.38
  605.19,   347.61,   472.37
  603.67,   472.30,   222.22
  605.18,   472.45,   347.21
  606.70,   472.60,   472.20
  350.54,   223.19,   349.38
  347.88,   222.15,   474.35
  345.22,   221.11,   599.32
  352.37,   348.17,   350.46
  349.71,   347.13,   475.43
  347.05,   346.09,   600.40
  354.20,   473.16,   351.54
  351.54,   472.11,   476.51
  348.87,   471.07,   601.48
  475.50,   221.34,   352.03
  472.84,   220.30,   477.00
  470.18,   219.26,   601.96
  477.33,   346.32,   353.11
  474.67,   345.28,   478.08
  472.00,   344.24,   603.04
  479.16,   471.30,   354.19
  476.49,   470.26,   479.16
  473.83,   469.22,   604.12
  600.46,   219.49,   354.68
  597.80,   218.45,   479.64
  595.13,   217.41,   604.61
  602.29,   344.47,   355.76
  599.62,   343.43,   480.72
  596.96,   342.39,   605.69
  604.12,   469.45,   356.84
  601.45,   468.41,   481.80
  598.79,   467.37,   606.77
  349.07,   225.01,   476.47
  352.68,   224.16,   601.41
  356.30,   223.32,   726.36
  349.98,   350.00,   477.28
  353.59,   349.16,   602.23
  357.20,   348.31,   727.17
  350.88,   474.99,   478.10
  354.50,   474.15,   603.05
  358.11,   473.31,   727.99
  474.02,   224.12,   472.85
  477.63,   223.28,   597.79
  481.24,   222.44,   722.74
  474.92,   349.12,   473.67
  478.53,   348.27,   598.61
  482.15,   347.43,   723.56
  475.83,   474.11,   474.48
  479.44,   473.27,   599.43
  483.05,   472.43,   724.37
  598.96,   223.24,   469.23
  602.57,   222.40,   594.18
  606.18,   221.56,   719.12
  599.87,   348.24,   470.05
  603.48,   347.39,   594.99
  607.09,   346.55,   719.94
  600.77,   473.23,   470.87
  604.38,   472.39,   595.81
  608.00,   471.54,   720.76
  351.52,   225.49,   600.89
  350.59,   223.28,   725.87
  349.66,   221.07,   850.85
  347.84,   350.41,   603.07
  346.92,   348.20,   728.05
  345.99,   345.99,   853.03
  344.17,   475.34,   605.26
  343.24,   473.13,   730.23
  342.31,   470.92,   855.21
  476.46,   229.14,   601.89
  475.53,   226.93,   726.86
  474.60,   224.72,   851.84
  472.79,   354.07,   604.07
  471.86,   351.86,   729.05
  470.93,   349.65,   854.02
  469.11,   479.00,   606.25
  468.18,   476.79,   731.23
  467.25,   474.58,   856.20
  601.40,   232.80,   602.88
  600.47,   230.59,   727.86
  599.55,   228.38,   852.83
  597.73,   357.73,   605.06
  596.80,   355.52,   730.04
  595.87,   353.31,   855.02
  594.06,   482.66,   607.24
  593.13,   480.45,   732.22
  592.20,   478.24,   857.20
  350.10,   349.66,   100.28
  352.88,   347.76,   225.24
  355.66,   345.86,   350.19
  352.97,   474.61,   102.12
  355.75,   472.71,   227.08
  358.53,   470.81,   352.03
  355.83,   599.57,   103.96
  358.61,   597.67,   228.91
  361.39,   595.76,   353.87
  475.04,   346.84,   97.46
  477.82,   344.94,   222.41
  480.60,   343.03,   347.37
  477.90,   471.79,   99.30
  480.68,   469.89,   224.25
  483.46,   467.99,   349.21
  480.77,   596.75,   101.14
  483.55,   594.84,   226.09
  486.33,   592.94,   351.04
  599.97,   344.02,   94.64
  602.76,   342.11,   219.59
  605.54,   340.21,   344.55
  602.84,   468.97,   96.47
  605.62,   467.07,   221.43
  608.40,   465.17,   346.38
  605.70,   593.92,   98.31
  608.48,   592.02,   223.27
  611.27,   590.12,   348.22
  348.76,   351.48,   224.90
  351.66,   349.78,   349.85
  354.56,   348.08,   474.81
  351.92,   476.43,   226.53
  354.81,   474.73,   351.48
  357.71,   473.03,   476.44
  355.07,   601.38,   228.16
  357.97,   599.68,   353.11
  360.86,   597.98,   478.07
  473.69,   348.37,   221.96
  476.59,   346.67,   346.92
  479.48,   344.96,   471.87
  476.84,   473.32,   223.59
  479.74,   471.61,   348.54
  482.64,   469.91,   473.50
  479.99,   598.27,   225.22
  482.89,   596.56,   350.17
  485.79,   594.86,   475.13
  598.62,   345.25,   219.02
  601.51,   343.55,   343.98
  604.41,   341.85,   468.93
  601.77,   470.20,   220.65
  604.67,   468.50,   345.60
  607.56,   466.80,   470.56
  604.92,   595.15,   222.28
  607.82,   593.45,   347.23
  610.72,   591.75,   472.19
  348.74,   349.54,   348.34
  346.20,   350.23,   473.31
  343.66,   350.93,   598.28
  350.69,   474.52,   347.68
  348.15,   475.22,   472.66
  345.61,   475.91,   597.63
  352.63,   599.51,   347.03
  350.10,   600.20,   472.00
  347.56,   600.89,   596.97
  473.70,   347.61,   350.89
  471.16,   348.30,   475.86
  468.62,   349.00,   600.83
  475.64,   472.59,   350.23
  473.11,   473.28,   475.20
  470.57,   473.98,   600.17
  477.59,   597.57,   349.58
  475.05,   598.27,   474.55
  472.52,   598.96,   599.52
  598.66,   345.67,   353.43
  596.12,   346.37,   478.40
  593.58,   347.06,   603.38
  600.60,   470.66,   352.78
  598.07,   471.35,   477.75
  595.53,   472.04,   602.72
  602.55,   595.64,   352.12
  600.01,   596.33,   477.10
  597.48,   597.03,   602.07
  348.14,   350.04,   474.95
  346.62,   352.76,   599.92
  345.11,   355.48,   724.88
  347.01,   475.01,   472.22
  345.49,   477.72,   597.18
  343.97,   480.44,   722.14
  345.87,   599.97,   469.49
  344.35,   602.69,   594.45
  342.83,   605.41,   719.41
  473.13,   351.21,   476.45
  471.61,   353.93,   601.41
  470.09,   356.65,   726.37
  471.99,   476.18,   473.72
  470.47,   478.90,   598.68
  468.95,   481.61,   723.64
  470.85,   601.14,   470.98
  469.33,   603.86,   595.95
  467.81,   606.58,   720.91
  598.12,   352.38,   477.94
  596.60,   355.10,   602.90
  595.08,   357.82,   727.86
  596.98,   477.35,   475.21
  595.46,   480.07,   600.17
  593.94,   482.78,   725.13
  595.84,   602.31,   472.48
  594.32,   605.03,   597.44
  592.80,   607.75,   722.40
  349.52,   351.98,   600.16
  346.65,   348.89,   725.09
  343.79,   345.80,   850.02
  351.25,   476.92,   603.29
  348.38,   473.84,   728.22
  345.52,   470.75,   853.15
  352.97,   601.87,   606.42
  350.11,   598.79,   731.35
  347.25,   595.70,   856.28
  474.47,   350.18,   602.98
  471.61,   347.09,   727.91
  468.74,   344.00,   852.84
  476.20,   475.12,   606.11
  473.34,   472.04,   731.04
  470.47,   468.95,   855.97
  477.93,   600.07,   609.24
  475.07,   596.99,   734.17
  472.20,   593.90,   859.10
  599.43,   348.38,   605.80
  596.56,   345.29,   730.73
  593.70,   342.20,   855.66
  601.16,   473.32,   608.93
  598.29,   470.24,   733.86
  595.43,   467.15,   858.79
  602.89,   598.27,   612.06
  600.02,   595.19,   736.99
  597.16,   592.10,   861.92
  349.15,   473.03,   101.10
  351.98,   472.54,   226.07
  354.81,   472.05,   351.04
  350.29,   598.03,   101.57
  353.12,   597.53,   226.54
  355.96,   597.04,   351.51
  351.43,   723.02,   102.04
  354.27,   722.53,   227.01
  357.10,   722.03,   351.97
  474.11,   471.90,   98.26
  476.94,   471.41,   223.23
  479.78,   470.91,   348.20
  475.25,   596.90,   98.73
  478.09,   596.40,   223.70
  480.92,   595.91,   348.67
  476.40,   721.89,   99.20
  479.23,   721.39,   224.17
  482.06,   720.90,   349.14
  599.07,   470.77,   95.43
  601.91,   470.27,   220.39
  604.74,   469.78,   345.36
  600.22,   595.76,   95.89
  603.05,   595.27,   220.86
  605.88,   594.77,   345.83
  601.36,   720.76,   96.36
  604.19,   720.26,   221.33
  607.03,   719.77,   346.30
  349.38,   473.93,   223.81
  346.67,   473.14,   348.78
  343.95,   472.36,   473.75
  346.54,   598.89,   224.53
  343.83,   598.11,   349.50
  341.11,   597.32,   474.47
  343.70,   723.86,   225.26
  340.99,   723.07,   350.23
  338.27,   722.29,   475.19
  474.32,   476.75,   226.54
  471.61,   475.97,   351.51
  468.89,   475.18,   476.48
  471.48,   601.72,   227.27
  468.77,   600.93,   352.23
  466.05,   600.15,   477.20
  468.64,   726.68,   227.99
  465.92,   725.90,   352.96
  463.21,   725.11,   477.93
  599.26,   479.58,   229.27
  596.55,   478.79,   354.24
  593.83,   478.01,   479.21
  596.42,   604.54,   230.00
  593.70,   603.76,   354.97
  590.99,   602.97,   479.93
  593.58,   729.51,   230.72
  590.86,   728.72,   355.69
  588.15,   727.94,   480.66
  351.65,   476.66,   349.60
  354.86,   477.97,   474.56
  358.06,   479.29,   599.51
  351.46,   601.65,   348.29
  354.67,   602.97,   473.24
  357.87,   604.28,   598.19
  351.27,   726.64,   346.98
  354.48,   727.96,   471.93
  357.68,   729.28,   596.88
  476.61,   476.81,   346.40
  479.82,   478.13,   471.35
  483.02,   479.45,   596.30
  476.42,   601.81,   345.09
  479.63,   603.12,   470.04
  482.83,   604.44,   594.99
  476.23,   726.80,   343.77
  479.44,   728.12,   468.72
  482.64,   729.43,   593.68
  601.57,   476.97,   343.19
  604.78,   478.29,   468.15
  607.98,   479.60,   593.10
  601.38,   601.96,   341.88
  604.58,   603.28,   466.83
  607.79,   604.60,   591.78
  601.19,   726.96,   340.57
  604.39,   728.27,   465.52
  607.60,   729.59,   590.47
  349.50,   476.09,   473.31
  351.00,   477.61,   598.29
  352.49,   479.13,   723.27
  351.51,   601.06,   471.76
  353.00,   602.58,   596.74
  354.50,   604.11,   721.73
  353.51,   726.04,   470.22
  355.01,   727.56,   595.20
  356.50,   729.08,   720.18
  474.48,   474.07,   471.84
  475.97,   475.59,   596.82
  477.47,   477.11,   721.80
  476.48,   599.04,   470.29
  477.98,   600.56,   595.27
  479.47,   602.08,   720.26
  478.49,   724.01,   468.75
  479.98,   725.54,   593.73
  481.48,   727.06,   718.71
  599.45,   472.04,   470.37
  600.95,   473.56,   595.35
  602.44,   475.08,   720.33
  601.46,   597.02,   468.82
  602.95,   598.54,   593.80
  604.45,   600.06,   718.78
  603.46,   721.99,   467.28
  604.96,   723.51,   592.26
  606.45,   725.03,   717.24
  348.20,   474.25,   599.18
  346.29,   471.64,   724.14
  344.38,   469.03,   849.09
  344.57,   599.17,   601.73
  342.66,   596.56,   726.69
  340.75,   593.95,   851.65
  340.93,   724.09,   604.29
  339.02,   721.48,   729.24
  337.11,   718.87,   854.20
  473.13,   477.85,   601.16
  471.22,   475.24,   726.12
  469.31,   472.63,   851.08
  469.50,   602.77,   603.72
  467.59,   600.16,   728.67
  465.68,   597.55,   853.63
  465.86,   727.69,   606.27
  463.95,   725.08,   731.23
  462.04,   722.47,   856.19
  598.07,   481.44,   603.15
  596.15,   478.83,   728.11
  594.24,   476.22,   853.06
  594.43,   606.36,   605.70
  592.52,   603.75,   730.66
  590.61,   601.14,   855.62
  590.80,   731.28,   608.25
  588.89,   728.67,   733.21
  586.98,   726.06,   858.17
  351.74,   598.70,   99.49
  355.10,   596.28,   224.42
  358.47,   593.85,   349.35
  351.09,   723.68,   101.93
  354.46,   721.25,   226.86
  357.82,   718.83,   351.79
  350.44,   848.65,   104.38
  353.81,   846.23,   229.31
  357.17,   843.80,   354.24
  476.69,   599.42,   96.13
  480.06,   596.99,   221.06
  483.42,   594.56,   346.00
  476.04,   724.39,   98.58
  479.41,   721.96,   223.51
  482.78,   719.54,   348.44
  475.39,   849.37,   101.02
  478.76,   846.94,   225.95
  482.13,   844.51,   350.88
  601.64,   600.13,   92.78
  605.01,   597.70,   217.71
  608.38,   595.28,   342.64
  601.00,   725.10,   95.22
  604.36,   722.68,   220.16
  607.73,   720.25,   345.09
  600.35,   850.08,   97.67
  603.71,   847.65,   222.60
  607.08,   845.23,   347.53
  348.94,   600.59,   223.67
  346.56,   600.40,   348.65
  344.19,   600.21,   473.62
  348.36,   725.59,   223.85
  345.99,   725.40,   348.83
  343.61,   725.20,   473.80
  347.78,   850.59,   224.03
  345.41,   850.40,   349.01
  343.03,   850.20,   473.99
  473.91,   601.16,   226.04
  471.54,   600.97,   351.02
  469.16,   600.78,   476.00
  473.34,   726.16,   226.23
  470.96,   725.97,   351.20
  468.59,   725.78,   476.18
  472.76,   851.16,   226.41
  470.39,   850.97,   351.39
  468.01,   850.78,   476.36
  598.89,   601.74,   228.42
  596.52,   601.54,   353.40
  594.14,   601.35,   478.37
  598.31,   726.74,   228.60
  595.94,   726.54,   353.58
  593.56,   726.35,   478.56
  597.74,   851.73,   228.78
  595.36,   851.54,   353.76
  592.99,   851.35,   478.74
  348.73,   598.78,   351.62
  348.30,   597.45,   476.61
  347.87,   596.12,   601.60
  346.86,   723.76,   352.94
  346.44,   722.43,   477.93
  346.01,   721.10,   602.93
  345.00,   848.74,   354.27
  344.57,   847.41,   479.26
  344.15,   846.08,   604.25
  473.71,   600.64,   352.06
  473.29,   599.31,   477.05
  472.86,   597.98,   602.05
  471.85,   725.62,   353.39
  471.42,   724.29,   478.38
  471.00,   722.96,   603.37
  469.99,   850.60,   354.71
  469.56,   849.27,   479.70
  469.13,   847.94,   604.70
  598.70,   602.50,   352.51
  598.27,   601.17,   477.50
  597.85,   599.84,   602.49
  596.83,   727.48,   353.83
  596.41,   726.15,   478.82
  595.98,   724.82,   603.82
  594.97,   852.46,   355.16
  594.55,   851.13,   480.15
  594.12,   849.80,   605.14
  350.43,   601.76,   475.86
  349.48,   600.66,   600.86
  348.53,   599.56,   725.85
  347.46,   726.72,   476.94
  346.51,   725.62,   601.93
  345.56,   724.52,   726.93
  344.49,   851.68,   478.02
  343.54,   850.58,   603.01
  342.59,   849.48,   728.00
  475.39,   604.72,   476.84
  474.44,   603.62,   601.83
  473.49,   602.52,   726.82
  472.42,   729.68,   477.92
  471.47,   728.58,   602.91
  470.52,   727.48,   727.90
  469.45,   854.64,   479.00
  468.50,   853.54,   603.99
  467.55,   852.44,   728.98
  600.35,   607.69,   477.81
  599.40,   606.58,   602.81
  598.45,   605.48,   727.80
  597.38,   732.65,   478.89
  596.43,   731.54,   603.88
  595.48,   730.44,   728.88
  594.41,   857.61,   479.97
  593.46,   856.50,   604.96
  592.51,   855.40,   729.96
  351.73,   599.48,   600.05
  353.51,   597.94,   725.03
  355.29,   596.41,   850.00
  351.35,   724.47,   601.59
  353.13,   722.93,   726.57
  354.90,   721.40,   851.55
  350.96,   849.46,   603.13
  352.74,   847.92,   728.11
  354.52,   846.39,   853.09
  476.72,   599.89,   598.27
  478.50,   598.35,   723.25
  480.28,   596.82,   848.23
  476.33,   724.88,   599.82
  478.11,   723.34,   724.79
  479.89,   721.81,   849.77
  475.95,   849.87,   601.36
  477.72,   848.33,   726.34
  479.50,   846.80,   851.31
  601.71,   600.30,   596.50
  603.49,   598.76,   721.48
  605.27,   597.23,   846.46
  601.32,   725.29,   598.04
  603.10,   723.75,   723.02
  604.88,   722.22,   848.00
  600.93,   850.28,   599.58
  602.71,   848.74,   724.56
  604.49,   847.21,   849.54
  473.34,   98.46,   100.79
  477.08,   96.12,   225.72
  480.82,   93.79,   350.64
  469.84,   223.38,   103.23
  473.58,   221.05,   228.16
  477.32,   218.72,   353.08
  466.34,   348.31,   105.67
  470.08,   345.98,   230.59
  473.82,   343.64,   355.52
  598.23,   102.03,   97.12
  601.97,   99.69,   222.04
  605.71,   97.36,   346.97
  594.73,   226.95,   99.56
  598.48,   224.62,   224.48
  602.22,   222.28,   349.40
  591.24,   351.88,   102.00
  594.98,   349.55,   226.92
  598.72,   347.21,   351.84
  723.13,   105.59,   93.45
  726.87,   103.26,   218.37
  730.61,   100.93,   343.29
  719.63,   230.52,   95.89
  723.37,   228.19,   220.81
  727.11,   225.85,   345.73
  716.13,   355.45,   98.32
  719.87,   353.11,   223.25
  723.61,   350.78,   348.17
  475.61,   101.75,   226.99
  475.63,   101.35,   351.99
  475.66,   100.96,   476.99
  472.40,   226.70,   227.39
  472.43,   226.31,   352.38
  472.46,   225.92,   477.38
  469.20,   351.66,   227.78
  469.23,   351.27,   352.78
  469.25,   350.87,   477.78
  600.57,   104.95,   226.97
  600.59,   104.56,   351.97
  600.62,   104.16,   476.97
  597.36,   229.91,   227.37
  597.39,   229.51,   352.37
  597.42,   229.12,   477.37
  594.16,   354.87,   227.76
  594.18,   354.47,   352.76
  594.21,   354.08,   477.76
  725.52,   108.15,   226.96
  725.55,   107.76,   351.96
  725.58,   107.37,   476.96
  722.32,   233.11,   227.35
  722.35,   232.72,   352.35
  722.37,   232.33,   477.35
  719.12,   358.07,   227.75
  719.14,   357.68,   352.75
  719.17,   357.28,   477.74
  476.60,   101.82,   351.63
  475.45,   103.06,   476.62
  474.30,   104.29,   601.61
  479.37,   226.79,   350.43
  478.22,   228.02,   475.41
  477.07,   229.25,   600.40
  482.14,   351.75,   349.22
  480.99,   352.98,   474.21
  479.85,   354.22,   599.20
  601.56,   99.06,   352.81
  600.42,   100.30,   477.80
  599.27,   101.53,   602.79
  604.34,   224.03,   351.60
  603.19,   225.26,   476.59
  602.04,   226.49,   601.58
  607.11,   348.99,   350.40
  605.96,   350.22,   475.38
  604.81,   351.46,   600.37
  726.53,   96.30,   353.98
  725.38,   97.54,   478.97
  724.23,   98.77,   603.96
  729.30,   221.27,   352.78
  728.15,   222.50,   477.77
  727.00,   223.73,   602.76
  732.07,   346.23,   351.57
  730.92,   347.46,   476.56
  729.77,   348.70,   601.55
  475.46,   100.30,   473.89
  477.33,   101.16,   598.87
  479.20,   102.03,   723.85
  477.82,   225.27,   472.99
  479.69,   226.14,   597.97
  481.56,   227.00,   722.95
  480.17,   350.25,   472.09
  482.04,   351.11,   597.07
  483.92,   351.98,   722.05
  600.42,   97.93,   472.03
  602.29,   98.79,   597.01
  604.17,   99.66,   722.00
  602.78,   222.90,   471.13
  604.65,   223.77,   596.11
  606.52,   224.63,   721.10
  605.14,   347.88,   470.23
  607.01,   348.74,   595.22
  608.88,   349.60,   720.20
  725.39,   95.56,   470.17
  727.26,   96.42,   595.16
  729.13,   97.29,   720.14
  727.74,   220.53,   469.28
  729.61,   221.40,   594.26
  731.49,   222.26,   719.24
  730.10,   345.51,   468.38
  731.97,   346.37,   593.36
  733.84,   347.23,   718.34
  476.24,   100.86,   599.38
  475.97,   101.98,   724.38
  475.71,   103.09,   849.37
  473.52,   225.83,   598.26
  473.25,   226.94,   723.26
  472.99,   228.06,   848.25
  470.80,   350.79,   597.14
  470.53,   351.91,   722.14
  470.26,   353.02,   847.13
  601.21,   103.58,   599.62
  600.94,   104.70,   724.62
  600.68,   105.81,   849.61
  598.49,   228.55,   598.50
  598.22,   229.66,   723.50
  597.96,   230.78,   848.49
  595.77,   353.51,   597.38
  595.50,   354.63,   722.38
  595.23,   355.74,   847.37
  726.18,   106.31,   599.87
  725.91,   107.42,   724.86
  725.65,   108.54,   849.86
  723.46,   231.27,   598.75
  723.19,   232.39,   723.74
  722.93,   233.50,   848.74
  720.74,   356.24,   597.63
  720.47,   357.35,   722.62
  720.20,   358.47,   847.62
  476.09,   224.81,   100.33
  473.08,   222.91,   225.28
  470.06,   221.01,   350.22
  475.65,   349.79,   102.21
  472.64,   347.90,   227.16
  469.63,   346.00,   352.11
  475.21,   474.78,   104.10
  472.20,   472.88,   229.05
  469.19,   470.98,   354.00
  601.05,   225.20,   103.34
  598.04,   223.30,   228.29
  595.03,   221.40,   353.24
  600.61,   350.18,   105.23
  597.60,   348.29,   230.18
  594.59,   346.39,   355.13
  600.18,   475.17,   107.12
  597.16,   473.27,   232.07
  594.15,   471.37,   357.02
  726.01,   225.59,   106.36
  723.00,   223.69,   231.31
  719.99,   221.80,   356.26
  725.58,   350.58,   108.25
  722.56,   348.68,   233.20
  719.55,   346.78,   358.15
  725.14,   475.56,   110.14
  722.13,   473.66,   235.09
  719.12,   471.77,   360.03
  475.49,   224.45,   223.02
  474.81,   227.11,   347.99
  474.13,   229.77,   472.96
  472.07,   349.38,   220.34
  471.39,   352.04,   345.31
  470.71,   354.69,   470.28
  468.64,   474.30,   217.67
  467.96,   476.96,   342.64
  467.28,   479.62,   467.61
  600.45,   227.89,   223.63
  599.76,   230.55,   348.60
  599.08,   233.21,   473.57
  597.02,   352.82,   220.95
  596.34,   355.47,   345.92
  595.66,   358.13,   470.89
  593.60,   477.74,   218.27
  592.91,   480.40,   343.24
  592.23,   483.06,   468.21
  725.40,   231.33,   224.24
  724.72,   233.99,   349.21
  724.03,   236.65,   474.17
  721.97,   356.25,   221.56
  721.29,   358.91,   346.53
  720.61,   361.57,   471.50
  718.55,   481.18,   218.88
  717.87,   483.84,   343.85
  717.18,   486.50,   468.82
  476.39,   223.26,   348.30
  474.22,   226.11,   473.25
  472.06,   228.96,   598.20
  474.18,   348.21,   345.41
  472.02,   351.06,   470.36
  469.85,   353.91,   595.31
  471.98,   473.15,   342.53
  469.81,   476.00,   467.47
  467.65,   478.86,   592.42
  601.35,   225.51,   350.42
  599.18,   228.36,   475.36
  597.02,   231.21,   600.31
  599.14,   350.46,   347.53
  596.98,   353.31,   472.48
  594.81,   356.16,   597.42
  596.94,   475.41,   344.64
  594.78,   478.26,   469.59
  592.61,   481.11,   594.54
  726.31,   227.77,   352.53
  724.14,   230.62,   477.48
  721.98,   233.47,   602.43
  724.11,   352.71,   349.64
  721.94,   355.56,   474.59
  719.78,   358.41,   599.54
  721.90,   477.66,   346.75
  719.74,   480.51,   471.70
  717.57,   483.36,   596.65
  473.19,   224.29,   473.93
  475.95,   226.72,   598.87
  478.72,   229.16,   723.82
  475.57,   349.24,   471.44
  478.34,   351.67,   596.39
  481.11,   354.11,   721.33
  477.96,   474.19,   468.95
  480.73,   476.63,   593.90
  483.49,   479.06,   718.84
  598.13,   221.85,   471.21
  600.90,   224.28,   596.15
  603.67,   226.72,   721.10
  600.52,   346.80,   468.72
  603.29,   349.23,   593.67
  606.05,   351.67,   718.61
  602.91,   471.75,   466.23
  605.67,   474.19,   591.18
  608.44,   476.62,   716.12
  723.08,   219.41,   468.49
  725.85,   221.84,   593.43
  728.61,   224.27,   718.38
  725.47,   344.36,   466.00
  728.23,   346.79,   590.95
  731.00,   349.23,   715.89
  727.85,   469.31,   463.51
  730.62,   471.74,   588.46
  733.39,   474.18,   713.40
  473.28,   223.55,   598.39
  475.14,   225.09,   723.37
  477.00,   226.63,   848.35
  469.98,   348.50,   596.91
  471.84,   350.04,   721.88
  473.70,   351.58,   846.86
  466.68,   473.45,   595.42
  468.54,   474.99,   720.39
  470.40,   476.52,   845.37
  598.22,   226.83,   596.49
  600.08,   228.37,   721.47
  601.94,   229.91,   846.45
  594.92,   351.78,   595.00
  596.78,   353.32,   719.98
  598.64,   354.86,   844.96
  591.62,   476.72,   593.51
  593.48,   478.26,   718.49
  595.34,   479.80,   843.47
  723.16,   230.11,   594.59
  725.03,   231.65,   719.57
  726.89,   233.19,   844.55
  719.86,   355.06,   593.10
  721.72,   356.59,   718.08
  723.59,   358.13,   843.06
  716.56,   480.00,   591.61
  718.42,   481.54,   716.59
  720.29,   483.08,   841.57
  474.95,   350.81,   101.43
  476.76,   348.43,   226.40
  478.56,   346.04,   351.36
  473.61,   475.78,   103.84
  475.42,   473.40,   228.80
  477.22,   471.01,   353.76
  472.27,   600.75,   106.24
  474.07,   598.37,   231.20
  475.88,   595.98,   356.17
  599.93,   352.19,   99.65
  601.74,   349.80,   224.62
  603.54,   347.42,   349.58
  598.59,   477.16,   102.06
  600.40,   474.77,   227.02
  602.20,   472.39,   351.98
  597.25,   602.13,   104.46
  599.05,   599.74,   229.42
  600.86,   597.36,   354.39
  724.91,   353.56,   97.87
  726.72,   351.18,   222.84
  728.52,   348.79,   347.80
  723.57,   478.53,   100.28
  725.38,   476.15,   225.24
  727.18,   473.76,   350.20
  722.23,   603.50,   102.68
  724.03,   601.12,   227.64
  725.84,   598.73,   352.61
  473.52,   351.47,   223.44
  470.80,   352.26,   348.41
  468.08,   353.04,   473.38
  471.79,   476.46,   222.62
  469.07,   477.24,   347.59
  466.35,   478.03,   472.55
  470.06,   601.44,   221.80
  467.34,   602.23,   346.76
  464.62,   603.01,   471.73
  598.48,   353.22,   226.15
  595.76,   354.00,   351.12
  593.04,   354.79,   476.09
  596.75,   478.21,   225.33
  594.03,   478.99,   350.30
  591.31,   479.77,   475.26
  595.02,   603.19,   224.51
  592.30,   603.97,   349.47
  589.58,   604.76,   474.44
  723.44,   354.97,   228.86
  720.72,   355.75,   353.83
  717.99,   356.54,   478.80
  721.71,   479.95,   228.04
  718.99,   480.74,   353.01
  716.26,   481.52,   477.97
  719.98,   604.94,   227.22
  717.26,   605.72,   352.18
  714.53,   606.51,   477.15
  475.90,   348.04,   348.68
  477.13,   346.05,   473.66
  478.35,   344.06,   598.63
  473.91,   473.01,   350.69
  475.14,   471.02,   475.67
  476.36,   469.03,   600.64
  471.92,   597.98,   352.70
  473.14,   595.99,   477.68
  474.37,   594.00,   602.65
  600.88,   350.06,   347.48
  602.11,   348.06,   472.46
  603.33,   346.07,   597.44
  598.89,   475.02,   349.49
  600.11,   473.03,   474.47
  601.34,   471.04,   599.45
  596.89,   599.99,   351.50
  598.12,   598.00,   476.48
  599.35,   596.01,   601.46
  725.86,   352.07,   346.29
  727.08,   350.08,   471.27
  728.31,   348.09,   596.25
  723.87,   477.04,   348.30
  725.09,   475.04,   473.28
  726.32,   473.05,   598.26
  721.87,   602.00,   350.31
  723.10,   600.01,   475.29
  724.32,   598.02,   600.27
  474.43,   349.03,   475.65
  476.56,   352.24,   600.59
  478.68,   355.44,   725.53
  470.99,   473.95,   472.51
  473.11,   477.15,   597.45
  475.24,   480.36,   722.39
  467.55,   598.86,   469.36
  469.67,   602.06,   594.30
  471.79,   605.27,   719.24
  599.37,   352.42,   473.44
  601.49,   355.63,   598.38
  603.62,   358.83,   723.32
  595.92,   477.34,   470.30
  598.05,   480.54,   595.24
  600.17,   483.74,   720.18
  592.48,   602.25,   467.15
  594.60,   605.45,   592.09
  596.73,   608.66,   717.03
  724.30,   355.81,   471.23
  726.43,   359.02,   596.17
  728.55,   362.22,   721.11
  720.86,   480.72,   468.09
  722.98,   483.93,   593.03
  725.11,   487.13,   717.97
  717.41,   605.64,   464.94
  719.54,   608.84,   589.88
  721.66,   612.05,   714.82
  475.46,   351.43,   599.53
  475.67,   351.26,   724.53
  475.87,   351.08,   849.53
  474.98,   476.43,   599.71
  475.18,   476.25,   724.71
  475.39,   476.08,   849.70
  474.49,   601.43,   599.88
  474.70,   601.25,   724.88
  474.91,   601.08,   849.88
  600.46,   351.91,   599.32
  600.67,   351.74,   724.32
  600.87,   351.56,   849.32
  599.98,   476.91,   599.50
  600.18,   476.74,   724.50
  600.39,   476.56,   849.50
  599.49,   601.91,   599.67
  599.70,   601.74,   724.67
  599.91,   601.56,   849.67
  725.46,   352.39,   599.12
  725.66,   352.22,   724.12
  725.87,   352.05,   849.12
  724.97,   477.39,   599.29
  725.18,   477.22,   724.29
  725.39,   477.05,   849.29
  724.49,   602.39,   599.46
  724.70,   602.22,   724.46
  724.91,   602.04,   849.46
  474.86,   473.84,   100.32
  475.03,   473.44,   225.32
  475.20,   473.03,   350.32
  475.51,   598.84,   100.73
  475.68,   598.44,   225.73
  475.84,   598.03,   350.73
  476.16,   723.84,   101.13
  476.32,   723.43,   226.13
  476.49,   723.03,   351.13
  599.86,   473.20,   100.15
  600.03,   472.79,   225.15
  600.19,   472.39,   350.15
  600.51,   598.20,   100.56
  600.67,   597.79,   225.56
  600.84,   597.38,   350.56
  601.15,   723.19,   100.96
  601.32,   722.79,   225.96
  601.49,   722.38,   350.96
  724.86,   472.55,   99.98
  725.02,   472.14,   224.98
  725.19,   471.74,   349.98
  725.50,   597.55,   100.39
  725.67,   597.14,   225.39
  725.84,   596.74,   350.39
  726.15,   722.55,   100.79
  726.32,   722.14,   225.79
  726.49,   721.73,   350.79
  473.30,   474.12,   225.79
  473.54,   472.32,   350.78
  473.79,   470.51,   475.76
  474.04,   599.11,   227.60
  474.28,   597.30,   352.58
  474.52,   595.50,   477.57
  474.77,   724.09,   229.40
  475.02,   722.29,   354.39
  475.26,   720.48,   479.37
  598.30,   473.39,   225.54
  598.54,   471.59,   350.52
  598.79,   469.78,   475.51
  599.04,   598.38,   227.34
  599.28,   596.57,   352.33
  599.52,   594.76,   477.32
  599.77,   723.36,   229.15
  600.02,   721.55,   354.13
  600.26,   719.75,   479.12
  723.30,   472.66,   225.28
  723.54,   470.85,   350.27
  723.78,   469.05,   475.26
  724.03,   597.64,   227.09
  724.28,   595.84,   352.07
  724.52,   594.03,   477.06
  724.77,   722.63,   228.89
  725.01,   720.82,   353.88
  725.26,   719.02,   478.87
  474.01,   474.43,   349.74
  472.56,   471.72,   474.71
  471.12,   469.02,   599.67
  473.71,   599.40,   352.45
  472.27,   596.69,   477.41
  470.82,   593.99,   602.37
  473.42,   724.37,   355.15
  471.97,   721.66,   480.12
  470.53,   718.96,   605.08
  599.00,   474.70,   351.19
  597.56,   471.99,   476.16
  596.11,   469.28,   601.12
  598.71,   599.67,   353.90
  597.26,   596.96,   478.86
  595.82,   594.25,   603.82
  598.41,   724.64,   356.61
  596.97,   721.93,   481.57
  595.52,   719.22,   606.53
  723.99,   474.96,   352.65
  722.55,   472.25,   477.61
  721.10,   469.54,   602.57
  723.70,   599.93,   355.35
  722.25,   597.22,   480.31
  720.81,   594.51,   605.28
  723.40,   724.90,   358.06
  721.96,   722.19,   483.02
  720.51,   719.48,   607.98
  473.20,   474.93,   476.56
  476.80,   475.46,   601.51
  480.39,   475.99,   726.45
  476.55,   599.88,   475.93
  480.14,   600.41,   600.88
  483.73,   600.94,   725.83
  479.90,   724.83,   475.30
  483.49,   725.36,   600.25
  487.08,   725.90,   725.20
  598.11,   471.56,   472.98
  601.70,   472.09,   597.93
  605.29,   472.63,   722.88
  601.45,   596.52,   472.35
  605.05,   597.05,   597.30
  608.64,   597.58,   722.25
  604.80,   721.47,   471.73
  608.39,   722.00,   596.68
  611.98,   722.53,   721.62
  723.01,   468.20,   469.40
  726.60,   468.73,   594.35
  730.20,   469.26,   719.30
  726.36,   593.15,   468.78
  729.95,   593.68,   593.73
  733.54,   594.22,   718.67
  729.70,   718.11,   468.15
  733.30,   718.64,   593.10
  736.89,   719.17,   718.05
  474.80,   474.96,   601.61
  471.81,   476.34,   726.57
  468.82,   477.71,   851.52
  471.86,   599.92,   600.17
  468.87,   601.29,   725.12
  465.88,   602.67,   850.08
  468.92,   724.87,   598.72
  465.93,   726.25,   723.68
  462.94,   727.63,   848.63
  599.73,   477.93,   604.57
  596.74,   479.31,   729.52
  593.75,   480.69,   854.48
  596.79,   602.89,   603.12
  593.80,   604.27,   728.08
  590.81,   605.64,   853.03
  593.85,   727.85,   601.67
  590.86,   729.22,   726.63
  587.87,   730.60,   851.59
  724.66,   480.91,   607.52
  721.67,   482.28,   732.48
  718.68,   483.66,   857.43
  721.72,   605.86,   606.08
  718.73,   607.24,   731.03
  715.74,   608.62,   855.99
  718.78,   730.82,   604.63
  715.79,   732.20,   729.59
  712.80,   733.57,   854.54
  475.21,   601.74,   101.11
  472.42,   601.97,   226.08
  469.62,   602.21,   351.05
  476.53,   726.73,   100.91
  473.73,   726.96,   225.88
  470.93,   727.20,   350.85
  477.84,   851.72,   100.71
  475.04,   851.96,   225.67
  472.25,   852.19,   350.64
  600.18,   600.43,   103.91
  597.38,   600.66,   228.88
  594.58,   600.90,   353.85
  601.49,   725.42,   103.71
  598.69,   725.66,   228.68
  595.89,   725.89,   353.65
  602.80,   850.42,   103.51
  600.01,   850.65,   228.47
  597.21,   850.88,   353.44
  725.14,   599.12,   106.71
  722.34,   599.35,   231.68
  719.54,   599.59,   356.65
  726.45,   724.11,   106.51
  723.65,   724.35,   231.48
  720.86,   724.58,   356.45
  727.76,   849.11,   106.31
  724.97,   849.34,   231.28
  722.17,   849.57,   356.24
  476.62,   599.81,   224.12
  476.64,   602.49,   349.09
  476.67,   605.16,   474.07
  473.79,   724.75,   221.45
  473.82,   727.43,   346.42
  473.84,   730.10,   471.39
  470.96,   849.69,   218.78
  470.99,   852.37,   343.75
  471.02,   855.04,   468.72
  601.59,   602.64,   224.04
  601.61,   605.31,   349.01
  601.64,   607.99,   473.98
  598.76,   727.58,   221.36
  598.78,   730.25,   346.33
  598.81,   732.93,   471.31
  595.93,   852.52,   218.69
  595.96,   855.19,   343.66
  595.98,   857.87,   468.63
  726.55,   605.47,   223.95
  726.58,   608.14,   348.92
  726.61,   610.81,   473.89
  723.73,   730.41,   221.28
  723.75,   733.08,   346.25
  723.78,   735.75,   471.22
  720.90,   855.34,   218.60
  720.93,   858.02,   343.58
  720.95,   860.69,   468.55
  474.10,   598.59,   350.54
  475.87,   600.50,   475.51
  477.64,   602.41,   600.49
  472.86,   723.57,   348.65
  474.63,   725.48,   473.62
  476.40,   727.39,   598.59
  471.61,   848.55,   346.75
  473.38,   850.46,   471.73
  475.15,   852.37,   596.70
  599.08,   599.81,   348.75
  600.85,   601.72,   473.72
  602.62,   603.63,   598.70
  597.84,   724.79,   346.86
  599.61,   726.70,   471.83
  601.38,   728.61,   596.80
  596.59,   849.77,   344.97
  598.36,   851.68,   469.94
  600.13,   853.59,   594.91
  724.07,   601.03,   346.96
  725.84,   602.94,   471.94
  727.60,   604.85,   596.91
  722.82,   726.01,   345.07
  724.59,   727.92,   470.04
  726.36,   729.83,   595.02
  721.57,   850.99,   343.18
  723.34,   852.90,   468.15
  725.11,   854.81,   593.12
  473.46,   600.27,   475.51
  473.18,   600.71,   600.51
  472.90,   601.16,   725.51
  470.80,   725.25,   475.07
  470.52,   725.69,   600.07
  470.25,   726.13,   725.07
  468.14,   850.22,   474.62
  467.87,   850.66,   599.62
  467.59,   851.10,   724.62
  598.43,   602.93,   475.78
  598.15,   603.37,   600.78
  597.88,   603.81,   725.78
  595.77,   727.90,   475.33
  595.50,   728.34,   600.33
  595.22,   728.78,   725.33
  593.11,   852.87,   474.89
  592.84,   853.31,   599.89
  592.56,   853.76,   724.89
  723.40,   605.59,   476.05
  723.12,   606.03,   601.05
  722.85,   606.47,   726.05
  720.74,   730.56,   475.60
  720.47,   731.00,   600.60
  720.19,   731.44,   725.60
  718.09,   855.53,   475.15
  717.81,   855.97,   600.15
  717.53,   856.41,   725.15
  473.45,   600.91,   601.23
  474.54,   602.51,   726.22
  475.63,   604.10,   851.20
  471.51,   725.89,   599.66
  472.59,   727.48,   724.64
  473.68,   729.08,   849.63
  469.56,   850.86,   598.08
  470.65,   852.46,   723.07
  471.74,   854.05,   848.05
  598.43,   602.84,   600.12
  599.52,   604.44,   725.11
  600.61,   606.03,   850.09
  596.49,   727.82,   598.55
  597.57,   729.41,   723.53
  598.66,   731.01,   848.52
  594.54,   852.79,   596.97
  595.63,   854.39,   721.96
  596.72,   855.98,   846.94
  723.41,   604.78,   599.01
  724.50,   606.37,   724.00
  725.59,   607.96,   848.98
  721.47,   729.75,   597.44
  722.56,   731.34,   722.42
  723.64,   732.94,   847.41
  719.52,   854.73,   595.86
  720.61,   856.32,   720.84
  721.70,   857.91,   845.83
  600.06,   98.21,   101.66
  596.44,   95.84,   226.59
  592.83,   93.46,   351.51
  601.14,   223.18,   104.07
  597.53,   220.81,   229.00
  593.91,   218.43,   353.92
  602.23,   348.15,   106.48
  598.61,   345.78,   231.40
  594.99,   343.41,   356.33
  725.00,   97.06,   105.26
  721.38,   94.68,   230.18
  717.77,   92.31,   355.11
  726.09,   222.03,   107.67
  722.47,   219.66,   232.59
  718.85,   217.28,   357.52
  727.17,   347.00,   110.07
  723.55,   344.63,   235.00
  719.94,   342.25,   359.92
  849.94,   95.90,   108.85
  846.33,   93.53,   233.78
  842.71,   91.16,   358.71
  851.03,   220.88,   111.26
  847.41,   218.50,   236.19
  843.79,   216.13,   361.11
  852.11,   345.85,   113.67
  848.50,   343.48,   238.59
  844.88,   341.10,   363.52
  598.53,   100.40,   223.70
  598.54,   102.58,   348.68
  598.55,   104.76,   473.66
  596.38,   225.36,   221.52
  596.39,   227.54,   346.50
  596.40,   229.72,   471.48
  594.23,   350.33,   219.34
  594.24,   352.51,   344.32
  594.24,   354.69,   469.30
  723.51,   102.55,   223.65
  723.52,   104.73,   348.63
  723.53,   106.91,   473.61
  721.36,   227.51,   221.47
  721.37,   229.69,   346.45
  721.38,   231.88,   471.43
  719.21,   352.48,   219.29
  719.22,   354.66,   344.27
  719.23,   356.84,   469.25
  848.49,   104.70,   223.61
  848.50,   106.88,   348.59
  848.51,   109.06,   473.57
  846.34,   229.67,   221.43
  846.35,   231.85,   346.41
  846.36,   234.03,   471.39
  844.19,   354.63,   219.25
  844.20,   356.81,   344.23
  844.21,   358.99,   469.21
  598.59,   101.01,   349.01
  601.81,   102.99,   473.95
  605.04,   104.97,   598.89
  601.12,   225.97,   346.96
  604.35,   227.95,   471.91
  607.57,   229.92,   596.85
  603.66,   350.93,   344.92
  606.89,   352.91,   469.87
  610.11,   354.88,   594.81
  723.52,   98.43,   345.82
  726.75,   100.40,   470.76
  729.97,   102.38,   595.71
  726.06,   223.38,   343.78
  729.28,   225.36,   468.72
  732.51,   227.33,   593.67
  728.59,   348.34,   341.74
  731.82,   350.32,   466.68
  735.04,   352.29,   591.62
  848.45,   95.84,   342.64
  851.68,   97.81,   467.58
  854.90,   99.79,   592.52
  850.99,   220.79,   340.60
  854.21,   222.77,   465.54
  857.44,   224.75,   590.48
  853.53,   345.75,   338.56
  856.75,   347.73,   463.50
  859.98,   349.70,   588.44
  601.19,   101.45,   476.29
  599.79,   101.43,   601.28
  598.38,   101.41,   726.28
  603.42,   226.43,   476.34
  602.01,   226.41,   601.33
  600.60,   226.39,   726.32
  605.64,   351.41,   476.39
  604.24,   351.39,   601.38
  602.83,   351.37,   726.37
  726.16,   99.23,   477.70
  724.76,   99.20,   602.69
  723.35,   99.18,   727.68
  728.39,   224.21,   477.75
  726.98,   224.18,   602.74
  725.58,   224.16,   727.73
  730.62,   349.19,   477.79
  729.21,   349.16,   602.79
  727.80,   349.14,   727.78
  851.14,   97.00,   479.11
  849.73,   96.98,   604.10
  848.32,   96.95,   729.09
  853.36,   221.98,   479.15
  851.96,   221.96,   604.15
  850.55,   221.93,   729.14
  855.59,   346.96,   479.20
  854.18,   346.94,   604.19
  852.77,   346.91,   729.19
  598.76,   101.10,   600.28
  599.07,   99.93,   725.28
  599.38,   98.76,   850.27
  599.44,   226.09,   601.45
  599.75,   224.92,   726.44
  600.05,   223.76,   851.44
  600.11,   351.08,   602.61
  600.42,   349.92,   727.61
  600.73,   348.75,   852.60
  723.76,   100.43,   599.97
  724.07,   99.26,   724.96
  724.38,   98.09,   849.96
  724.44,   225.42,   601.14
  724.74,   224.25,   726.13
  725.05,   223.09,   851.12
  725.11,   350.41,   602.30
  725.42,   349.24,   727.30
  725.73,   348.08,   852.29
  848.76,   99.75,   599.66
  849.07,   98.59,   724.65
  849.37,   97.42,   849.65
  849.43,   224.75,   600.82
  849.74,   223.58,   725.82
  850.05,   222.41,   850.81
  850.11,   349.74,   601.99
  850.42,   348.57,   726.98
  850.72,   347.41,   851.98
  598.79,   223.80,   99.38
  601.72,   225.02,   224.34
  604.65,   226.23,   349.30
  600.57,   348.78,   98.13
  603.50,   350.00,   223.09
  606.43,   351.21,   348.05
  602.34,   473.76,   96.87
  605.28,   474.98,   221.83
  608.21,   476.19,   346.79
  723.74,   222.00,   96.47
  726.67,   223.21,   221.43
  729.61,   224.42,   346.39
  725.52,   346.98,   95.21
  728.45,   348.19,   220.17
  731.38,   349.41,   345.13
  727.30,   471.96,   93.96
  730.23,   473.17,   218.91
  733.16,   474.39,   343.87
  848.69,   220.19,   93.55
  851.63,   221.40,   218.51
  854.56,   222.62,   343.47
  850.47,   345.17,   92.30
  853.40,   346.38,   217.26
  856.34,   347.60,   342.22
  852.25,   470.15,   91.04
  855.18,   471.37,   216.00
  858.11,   472.58,   340.96
  598.02,   224.40,   224.43
  598.59,   221.26,   349.39
  599.17,   218.11,   474.35
  599.39,   349.35,   227.56
  599.96,   346.21,   352.52
  600.54,   343.07,   477.48
  600.76,   474.30,   230.70
  601.33,   471.16,   355.66
  601.91,   468.02,   480.62
  723.01,   223.04,   223.82
  723.59,   219.90,   348.77
  724.16,   216.76,   473.73
  724.38,   348.00,   226.95
  724.95,   344.85,   351.91
  725.53,   341.71,   476.87
  725.75,   472.95,   230.09
  726.32,   469.81,   355.05
  726.90,   466.67,   480.01
  848.00,   221.69,   223.20
  848.58,   218.55,   348.16
  849.15,   215.40,   473.12
  849.37,   346.64,   226.34
  849.95,   343.50,   351.30
  850.52,   340.36,   476.26
  850.74,   471.60,   229.48
  851.31,   468.45,   354.43
  851.89,   465.31,   479.39
  598.21,   223.01,   350.67
  597.29,   221.86,   475.66
  596.36,   220.71,   600.65
  597.45,   348.00,   351.81
  596.53,   346.85,   476.80
  595.61,   345.71,   601.80
  596.70,   472.99,   352.95
  595.78,   471.85,   477.95
  594.86,   470.70,   602.94
  723.20,   223.75,   351.60
  722.28,   222.61,   476.59
  721.36,   221.46,   601.58
  722.45,   348.75,   352.74
  721.53,   347.60,   477.73
  720.60,   346.45,   602.72
  721.69,   473.74,   353.88
  720.77,   472.59,   478.87
  719.85,   471.44,   603.87
  848.20,   224.50,   352.53
  847.27,   223.35,   477.52
  846.35,   222.21,   602.51
  847.44,   349.49,   353.67
  846.52,   348.35,   478.66
  845.60,   347.20,   603.65
  846.69,   474.48,   354.81
  845.77,   473.34,   479.80
  844.84,   472.19,   604.79
  599.19,   226.90,   476.36
  596.82,   224.02,   601.30
  594.46,   221.15,   726.25
  599.35,   351.87,   479.24
  596.98,   348.99,   604.18
  594.62,   346.11,   729.13
  599.50,   476.83,   482.12
  597.14,   473.96,   607.07
  594.77,   471.08,   732.01
  724.17,   226.69,   478.72
  721.80,   223.81,   603.66
  719.44,   220.93,   728.61
  724.32,   351.66,   481.60
  721.96,   348.78,   606.55
  719.59,   345.90,   731.49
  724.48,   476.62,   484.48
  722.12,   473.75,   609.43
  719.75,   470.87,   734.37
  849.14,   226.48,   481.08
  846.78,   223.60,   606.03
  844.41,   220.72,   730.97
  849.30,   351.44,   483.96
  846.94,   348.57,   608.91
  844.57,   345.69,   733.85
  849.46,   476.41,   486.84
  847.09,   473.53,   611.79
  844.73,   470.66,   736.73
  599.18,   226.00,   598.75
  600.38,   225.05,   723.74
  601.58,   224.10,   848.73
  599.50,   351.00,   599.70
  600.70,   350.05,   724.69
  601.90,   349.10,   849.68
  599.82,   475.99,   600.65
  601.02,   475.04,   725.64
  602.22,   474.09,   850.63
  724.17,   225.69,   597.55
  725.37,   224.74,   722.54
  726.57,   223.79,   847.53
  724.50,   350.69,   598.50
  725.69,   349.73,   723.49
  726.89,   348.78,   848.48
  724.82,   475.68,   599.45
  726.02,   474.73,   724.44
  727.22,   473.78,   849.43
  849.17,   225.38,   596.35
  850.37,   224.42,   721.34
  851.57,   223.47,   846.33
  849.49,   350.37,   597.29
  850.69,   349.42,   722.29
  851.89,   348.47,   847.28
  849.81,   475.37,   598.24
  851.01,   474.42,   723.23
  852.21,   473.46,   848.22
  598.53,   350.74,   98.21
  595.74,   352.29,   223.17
  592.95,   353.84,   348.13
  595.50,   475.69,   96.59
  592.71,   477.25,   221.55
  589.92,   478.80,   346.51
  592.47,   600.65,   94.97
  589.68,   602.20,   219.93
  586.89,   603.75,   344.89
  723.46,   353.80,   100.96
  720.67,   355.36,   225.92
  717.88,   356.91,   350.88
  720.44,   478.76,   99.34
  717.64,   480.31,   224.30
  714.85,   481.86,   349.26
  717.41,   603.71,   97.72
  714.62,   605.26,   222.68
  711.82,   606.81,   347.64
  848.40,   356.87,   103.72
  845.60,   358.42,   228.68
  842.81,   359.97,   353.64
  845.37,   481.82,   102.10
  842.58,   483.37,   227.06
  839.78,   484.92,   352.02
  842.34,   606.77,   100.48
  839.55,   608.32,   225.44
  836.76,   609.88,   350.40
  601.54,   348.78,   226.09
  602.28,   346.26,   351.06
  603.01,   343.74,   476.03
  602.92,   473.75,   228.60
  603.65,   471.23,   353.57
  604.39,   468.71,   478.54
  604.29,   598.71,   231.11
  605.03,   596.19,   356.08
  605.76,   593.67,   481.06
  726.54,   347.42,   225.32
  727.27,   344.90,   350.30
  728.00,   342.38,   475.27
  727.91,   472.39,   227.84
  728.64,   469.87,   352.81
  729.38,   467.35,   477.78
  729.28,   597.35,   230.35
  730.02,   594.83,   355.32
  730.75,   592.31,   480.29
  851.53,   346.06,   224.56
  852.26,   343.54,   349.54
  852.99,   341.02,   474.51
  852.90,   471.03,   227.07
  853.63,   468.51,   352.05
  854.37,   465.99,   477.02
  854.27,   595.99,   229.59
  855.01,   593.47,   354.56
  855.74,   590.95,   479.53
  601.88,   350.77,   351.54
  604.81,   353.37,   476.48
  607.74,   355.96,   601.42
  601.25,   475.74,   348.96
  604.18,   478.34,   473.90
  607.11,   480.94,   598.84
  600.62,   600.71,   346.38
  603.55,   603.31,   471.31
  606.48,   605.91,   596.25
  726.84,   351.34,   348.60
  729.78,   353.94,   473.54
  732.71,   356.54,   598.47
  726.21,   476.31,   346.01
  729.14,   478.91,   470.95
  732.08,   481.51,   595.89
  725.58,   601.28,   343.43
  728.51,   603.88,   468.37
  731.44,   606.48,   593.31
  851.81,   351.91,   345.65
  854.74,   354.51,   470.59
  857.67,   357.11,   595.53
  851.18,   476.88,   343.07
  854.11,   479.48,   468.01
  857.04,   482.08,   592.95
  850.54,   601.86,   340.49
  853.48,   604.45,   465.42
  856.41,   607.05,   590.36
  599.94,   351.02,   474.55
  603.31,   347.59,   599.45
  606.67,   344.16,   724.36
  603.67,   475.92,   477.88
  607.04,   472.49,   602.78
  610.40,   469.06,   727.69
  607.40,   600.82,   481.21
  610.76,   597.39,   606.12
  614.13,   593.96,   731.02
  724.84,   347.38,   471.08
  728.21,   343.95,   595.99
  731.57,   340.52,   720.89
  728.57,   472.28,   474.41
  731.94,   468.85,   599.32
  735.30,   465.42,   724.22
  732.30,   597.18,   477.74
  735.66,   593.75,   602.65
  739.03,   590.32,   727.56
  849.74,   343.75,   467.61
  853.11,   340.32,   592.52
  856.47,   336.88,   717.43
  853.47,   468.65,   470.94
  856.83,   465.22,   595.85
  860.20,   461.78,   720.76
  857.20,   593.55,   474.27
  860.56,   590.12,   599.18
  863.93,   586.68,   724.09
  601.77,   349.29,   600.56
  601.27,   350.23,   725.55
  600.77,   351.18,   850.55
  598.43,   474.24,   599.60
  597.93,   475.19,   724.60
  597.43,   476.13,   849.59
  595.09,   599.19,   598.65
  594.59,   600.14,   723.64
  594.09,   601.08,   848.64
  726.73,   352.64,   601.03
  726.23,   353.58,   726.03
  725.73,   354.52,   851.02
  723.39,   477.59,   600.08
  722.89,   478.53,   725.07
  722.39,   479.47,   850.07
  720.05,   602.54,   599.12
  719.55,   603.48,   724.12
  719.05,   604.43,   849.11
  851.68,   355.98,   601.51
  851.18,   356.92,   726.50
  850.68,   357.87,   851.50
  848.34,   480.93,   600.55
  847.84,   481.87,   725.55
  847.34,   482.82,   850.54
  845.00,   605.88,   599.60
  844.50,   606.83,   724.59
  844.00,   607.77,   849.59
  599.23,   475.10,   100.44
  597.33,   476.10,   225.42
  595.42,   477.10,   350.40
  601.39,   600.07,   99.47
  599.49,   601.07,   224.45
  597.58,   602.08,   349.43
  603.55,   725.05,   98.50
  601.64,   726.05,   223.48
  599.74,   727.05,   348.46
  724.20,   472.95,   102.36
  722.29,   473.95,   227.34
  720.39,   474.96,   352.32
  726.36,   597.93,   101.39
  724.45,   598.93,   226.37
  722.55,   599.93,   351.35
  728.52,   722.91,   100.42
  726.61,   723.91,   225.40
  724.70,   724.91,   350.39
  849.17,   470.81,   104.28
  847.26,   471.81,   229.26
  845.36,   472.81,   354.24
  851.32,   595.79,   103.31
  849.42,   596.79,   228.29
  847.51,   597.79,   353.28
  853.48,   720.77,   102.35
  851.58,   721.77,   227.33
  849.67,   722.77,   352.31
  598.93,   475.62,   223.22
  600.88,   471.92,   348.15
  602.83,   468.23,   473.08
  596.92,   600.54,   226.94
  598.87,   596.85,   351.87
  600.82,   593.15,   476.80
  594.91,   725.47,   230.67
  596.86,   721.78,   355.60
  598.81,   718.08,   480.53
  723.90,   477.68,   221.33
  725.84,   473.98,   346.26
  727.79,   470.29,   471.19
  721.89,   602.61,   225.05
  723.84,   598.91,   349.98
  725.79,   595.22,   474.91
  719.88,   727.54,   228.78
  721.83,   723.84,   353.71
  723.78,   720.15,   478.64
  848.86,   479.74,   219.44
  850.81,   476.05,   344.37
  852.76,   472.35,   469.30
  846.86,   604.67,   223.16
  848.81,   600.98,   348.09
  850.76,   597.28,   473.02
  844.85,   729.60,   226.89
  846.80,   725.90,   351.82
  848.75,   722.21,   476.75
  601.64,   474.03,   351.75
  603.82,   472.03,   476.71
  606.01,   470.02,   601.68
  602.81,   599.01,   353.73
  605.00,   597.00,   478.70
  607.19,   595.00,   603.66
  603.99,   723.99,   355.72
  606.18,   721.98,   480.68
  608.36,   719.98,   605.65
  726.61,   472.89,   349.54
  728.80,   470.88,   474.51
  730.99,   468.88,   599.47
  727.79,   597.87,   351.53
  729.98,   595.86,   476.49
  732.16,   593.86,   601.46
  728.96,   722.85,   353.51
  731.15,   720.84,   478.48
  733.34,   718.83,   603.44
  851.59,   471.75,   347.34
  853.77,   469.74,   472.30
  855.96,   467.74,   597.26
  852.76,   596.73,   349.32
  854.95,   594.72,   474.29
  857.14,   592.71,   599.25
  853.94,   721.71,   351.31
  856.13,   719.70,   476.27
  858.31,   717.69,   601.24
  599.84,   473.58,   474.70
  598.81,   472.00,   599.69
  597.79,   470.42,   724.67
  602.78,   598.54,   476.31
  601.75,   596.96,   601.29
  600.72,   595.38,   726.28
  605.71,   723.50,   477.91
  604.69,   721.91,   602.90
  603.66,   720.33,   727.89
  724.80,   470.63,   475.69
  723.77,   469.05,   600.68
  722.75,   467.47,   725.66
  727.74,   595.59,   477.30
  726.71,   594.01,   602.28
  725.68,   592.43,   727.27
  730.68,   720.54,   478.90
  729.65,   718.96,   603.89
  728.62,   717.38,   728.87
  849.76,   467.68,   476.68
  848.73,   466.10,   601.67
  847.71,   464.52,   726.65
  852.70,   592.64,   478.29
  851.67,   591.06,   603.27
  850.65,   589.48,   728.26
  855.64,   717.59,   479.89
  854.61,   716.01,   604.88
  853.58,   714.43,   729.86
  599.89,   477.00,   599.68
  599.00,   476.52,   724.68
  598.11,   476.03,   849.67
  597.68,   601.98,   600.15
  596.79,   601.50,   725.14
  595.90,   601.01,   850.14
  595.47,   726.96,   600.61
  594.58,   726.47,   725.61
  593.69,   725.99,   850.60
  724.87,   479.20,   600.58
  723.98,   478.72,   725.58
  723.09,   478.24,   850.57
  722.66,   604.18,   601.05
  721.77,   603.70,   726.04
  720.88,   603.22,   851.04
  720.45,   729.16,   601.51
  719.56,   728.68,   726.51
  718.67,   728.20,   851.50
  849.85,   481.41,   601.48
  848.96,   480.93,   726.48
  848.07,   480.45,   851.47
  847.64,   606.39,   601.94
  846.75,   605.91,   726.94
  845.86,   605.43,   851.94
  845.43,   731.37,   602.41
  844.54,   730.89,   727.41
  843.65,   730.41,   852.40
  601.51,   600.88,   98.65
  598.30,   599.65,   223.60
  595.10,   598.41,   348.55
  599.58,   725.86,   99.84
  596.37,   724.62,   224.79
  593.17,   723.39,   349.74
  597.65,   850.84,   101.03
  594.44,   849.60,   225.98
  591.24,   848.36,   350.93
  726.45,   602.78,   101.87
  723.25,   601.54,   226.82
  720.04,   600.30,   351.78
  724.52,   727.76,   103.06
  721.32,   726.52,   228.01
  718.11,   725.28,   352.97
  722.59,   852.74,   104.25
  719.39,   851.50,   229.20
  716.18,   850.26,   354.16
  851.39,   604.68,   105.09
  848.19,   603.44,   230.04
  844.99,   602.20,   355.00
  849.46,   729.66,   106.28
  846.26,   728.42,   231.23
  843.06,   727.18,   356.19
  847.53,   854.64,   107.47
  844.33,   853.40,   232.42
  841.13,   852.16,   357.38
  601.81,   600.13,   225.68
  603.94,   603.01,   350.62
  606.08,   605.89,   475.57
  600.54,   725.09,   222.82
  602.67,   727.97,   347.77
  604.81,   730.85,   472.71
  599.27,   850.05,   219.96
  601.41,   852.93,   344.91
  603.54,   855.81,   469.86
  726.78,   601.35,   223.51
  728.92,   604.23,   348.46
  731.05,   607.11,   473.41
  725.51,   726.31,   220.65
  727.65,   729.19,   345.60
  729.79,   732.07,   470.55
  724.25,   851.27,   217.80
  726.38,   854.15,   342.75
  728.52,   857.03,   467.69
  851.76,   602.57,   221.35
  853.89,   605.45,   346.30
  856.03,   608.33,   471.24
  850.49,   727.53,   218.49
  852.63,   730.41,   343.44
  854.76,   733.29,   468.39
  849.22,   852.49,   215.63
  851.36,   855.37,   340.58
  853.49,   858.25,   465.53
  601.08,   598.21,   349.53
  600.53,   599.41,   474.52
  599.98,   600.60,   599.52
  601.65,   723.20,   348.33
  601.10,   724.40,   473.33
  600.54,   725.60,   598.32
  602.22,   848.19,   347.14
  601.66,   849.39,   472.13
  601.11,   850.59,   597.12
  726.08,   597.65,   350.09
  725.53,   598.85,   475.08
  724.97,   600.04,   600.08
  726.65,   722.64,   348.89
  726.09,   723.84,   473.89
  725.54,   725.04,   598.88
  727.21,   847.63,   347.70
  726.66,   848.83,   472.69
  726.11,   850.03,   597.68
  851.08,   597.09,   350.65
  850.53,   598.29,   475.64
  849.97,   599.48,   600.63
  851.64,   722.08,   349.45
  851.09,   723.28,   474.45
  850.54,   724.48,   599.44
  852.21,   847.07,   348.26
  851.66,   848.27,   473.25
  851.10,   849.47,   598.24
  601.33,   598.11,   473.42
  600.44,   597.47,   598.41
  599.55,   596.83,   723.41
  599.47,   723.10,   474.04
  598.57,   722.46,   599.04
  597.68,   721.81,   724.03
  597.60,   848.08,   474.67
  596.71,   847.44,   599.67
  595.82,   846.80,   724.66
  726.31,   599.97,   474.32
  725.42,   599.33,   599.31
  724.53,   598.69,   724.31
  724.45,   724.96,   474.94
  723.56,   724.31,   599.94
  722.67,   723.67,   724.93
  722.59,   849.94,   475.57
  721.69,   849.30,   600.57
  720.80,   848.66,   725.56
  851.29,   601.83,   475.22
  850.40,   601.19,   600.21
  849.51,   600.55,   725.21
  849.43,   726.81,   475.84
  848.54,   726.17,   600.84
  847.65,   725.53,   725.84
  847.57,   851.80,   476.47
  846.68,   851.16,   601.47
  845.79,   850.52,   726.46
  598.21,   598.91,   600.80
  599.48,   595.79,   725.75
  600.76,   592.67,   850.71
  597.75,   723.87,   603.92
  599.02,   720.75,   728.88
  600.29,   717.63,   853.83
  597.28,   848.83,   607.04
  598.55,   845.71,   732.00
  599.83,   842.59,   856.95
  723.21,   599.40,   599.54
  724.48,   596.29,   724.50
  725.75,   593.17,   849.45
  722.74,   724.36,   602.66
  724.01,   721.25,   727.62
  725.28,   718.13,   852.57
  722.28,   849.32,   605.78
  723.55,   846.21,   730.74
  724.82,   843.09,   855.69
  848.20,   599.90,   598.28
  849.47,   596.78,   723.24
  850.74,   593.66,   848.19
  847.73,   724.86,   601.40
  849.01,   721.74,   726.36
  850.28,   718.62,   851.31
  847.27,   849.82,   604.53
  848.54,   846.70,   729.48
  849.81,   843.58,   854.44
