27, 125, pa2-unknown-g-output1.txt
  191.43,   194.08,   190.28
  400.99,   397.27,   200.26
  98.63,   100.96,   98.18
  101.60,   100.43,   223.15
  104.56,   99.90,   348.11
  100.99,   225.94,   98.66
  103.95,   225.41,   223.62
  106.92,   224.88,   348.58
  103.35,   350.91,   99.13
  106.31,   350.38,   224.09
  109.28,   349.86,   349.06
  223.58,   98.61,   95.21
  226.54,   98.08,   220.17
  229.50,   97.56,   345.14
  225.93,   223.59,   95.68
  228.90,   223.06,   220.65
  231.86,   222.53,   345.61
  228.29,   348.57,   96.16
  231.26,   348.04,   221.12
  234.22,   347.51,   346.08
  348.52,   96.27,   92.24
  351.48,   95.74,   217.20
  354.44,   95.21,   342.17
  350.88,   221.24,   92.71
  353.84,   220.71,   217.67
  356.80,   220.19,   342.64
  353.24,   346.22,   93.18
  356.20,   345.69,   218.15
  359.16,   345.16,   343.11
  98.23,   101.60,   225.16
  94.77,   100.25,   350.10
  91.31,   98.90,   475.05
  94.54,   226.54,   226.41
  91.07,   225.19,   351.35
  87.61,   223.83,   476.29
  90.84,   351.48,   227.65
  87.38,   350.13,   352.60
  83.92,   348.77,   477.54
  223.13,   105.26,   228.66
  219.67,   103.91,   353.60
  216.21,   102.56,   478.55
  219.43,   230.20,   229.91
  215.97,   228.85,   354.85
  212.51,   227.50,   479.79
  215.74,   355.14,   231.15
  212.28,   353.79,   356.10
  208.81,   352.43,   481.04
  348.03,   108.92,   232.16
  344.57,   107.57,   357.10
  341.11,   106.22,   482.05
  344.33,   233.86,   233.40
  340.87,   232.51,   358.35
  337.41,   231.16,   483.29
  340.63,   358.80,   234.65
  337.17,   357.45,   359.60
  333.71,   356.10,   484.54
  99.00,   101.22,   349.55
  101.72,   98.46,   474.49
  104.43,   95.70,   599.43
  102.28,   226.14,   352.24
  104.99,   223.39,   477.18
  107.70,   220.63,   602.12
  105.55,   351.07,   354.92
  108.26,   348.32,   479.86
  110.98,   345.56,   604.80
  223.93,   98.00,   346.77
  226.65,   95.25,   471.71
  229.36,   92.49,   596.65
  227.20,   222.93,   349.45
  229.92,   220.18,   474.39
  232.63,   217.42,   599.33
  230.48,   347.86,   352.14
  233.19,   345.10,   477.08
  235.90,   342.35,   602.02
  348.86,   94.79,   343.98
  351.57,   92.04,   468.92
  354.29,   89.28,   593.86
  352.13,   219.72,   346.67
  354.85,   216.96,   471.61
  357.56,   214.21,   596.55
  355.40,   344.65,   349.35
  358.12,   341.89,   474.29
  360.83,   339.13,   599.23
  101.19,   99.78,   474.08
  101.84,   99.43,   599.07
  102.50,   99.08,   724.07
  100.51,   224.78,   474.43
  101.17,   224.43,   599.43
  101.82,   224.08,   724.43
  99.83,   349.78,   474.79
  100.49,   349.43,   599.79
  101.14,   349.07,   724.78
  226.19,   100.47,   473.43
  226.84,   100.11,   598.42
  227.49,   99.76,   723.42
  225.51,   225.46,   473.78
  226.16,   225.11,   598.78
  226.82,   224.76,   723.78
  224.83,   350.46,   474.14
  225.48,   350.11,   599.14
  226.14,   349.76,   724.13
  351.18,   101.15,   472.77
  351.84,   100.79,   597.77
  352.49,   100.44,   722.77
  350.50,   226.14,   473.13
  351.16,   225.79,   598.13
  351.81,   225.44,   723.13
  349.83,   351.14,   473.49
  350.48,   350.79,   598.48
  351.13,   350.44,   723.48
  98.97,   98.14,   599.02
  97.49,   99.20,   724.01
  96.00,   100.26,   848.99
  98.24,   223.13,   597.95
  96.76,   224.19,   722.94
  95.27,   225.25,   847.92
  97.51,   348.13,   596.88
  96.03,   349.19,   721.87
  94.54,   350.25,   846.86
  223.96,   98.88,   600.50
  222.48,   99.94,   725.48
  220.99,   101.00,   850.47
  223.23,   223.88,   599.43
  221.75,   224.94,   724.41
  220.26,   225.99,   849.40
  222.50,   348.87,   598.36
  221.02,   349.93,   723.35
  219.53,   350.99,   848.33
  348.95,   99.62,   601.97
  347.46,   100.68,   726.96
  345.98,   101.74,   851.95
  348.22,   224.62,   600.91
  346.74,   225.68,   725.89
  345.25,   226.74,   850.88
  347.49,   349.61,   599.84
  346.01,   350.67,   724.82
  344.52,   351.73,   849.81
  100.26,   226.68,   99.98
  97.95,   227.02,   224.96
  95.63,   227.37,   349.93
  99.33,   351.67,   99.62
  97.01,   352.02,   224.59
  94.69,   352.36,   349.57
  98.39,   476.67,   99.25
  96.07,   477.01,   224.23
  93.75,   477.36,   349.21
  225.24,   227.62,   102.29
  222.92,   227.97,   227.27
  220.60,   228.31,   352.25
  224.30,   352.62,   101.93
  221.98,   352.96,   226.91
  219.67,   353.31,   351.89
  223.36,   477.61,   101.57
  221.05,   477.96,   226.55
  218.73,   478.30,   351.52
  350.21,   228.56,   104.61
  347.90,   228.91,   229.59
  345.58,   229.25,   354.56
  349.28,   353.56,   104.25
  346.96,   353.90,   229.22
  344.64,   354.25,   354.20
  348.34,   478.56,   103.88
  346.02,   478.90,   228.86
  343.70,   479.25,   353.84
  99.21,   226.71,   226.10
  96.25,   227.61,   351.06
  93.29,   228.51,   476.02
  101.88,   351.68,   225.26
  98.93,   352.58,   350.22
  95.97,   353.48,   475.19
  104.56,   476.65,   224.43
  101.60,   477.55,   349.39
  98.65,   478.44,   474.35
  224.14,   224.06,   229.07
  221.18,   224.95,   354.03
  218.23,   225.85,   479.00
  226.82,   349.03,   228.24
  223.86,   349.92,   353.20
  220.90,   350.82,   478.16
  229.50,   473.99,   227.41
  226.54,   474.89,   352.37
  223.58,   475.79,   477.33
  349.08,   221.40,   232.05
  346.12,   222.30,   357.01
  343.16,   223.19,   481.97
  351.76,   346.37,   231.22
  348.80,   347.27,   356.18
  345.84,   348.16,   481.14
  354.43,   471.34,   230.38
  351.48,   472.23,   355.35
  348.52,   473.13,   480.31
  98.61,   226.05,   351.59
  97.98,   224.09,   476.58
  97.35,   222.13,   601.56
  99.92,   351.03,   353.56
  99.29,   349.07,   478.54
  98.66,   347.11,   603.53
  101.23,   476.01,   355.53
  100.60,   474.05,   480.51
  99.97,   472.09,   605.49
  223.61,   224.73,   352.20
  222.97,   222.77,   477.19
  222.34,   220.81,   602.17
  224.92,   349.71,   354.17
  224.28,   347.75,   479.15
  223.65,   345.79,   604.14
  226.23,   474.69,   356.14
  225.59,   472.73,   481.12
  224.96,   470.77,   606.10
  348.60,   223.41,   352.81
  347.97,   221.45,   477.80
  347.33,   219.49,   602.78
  349.91,   348.39,   354.78
  349.28,   346.43,   479.76
  348.64,   344.47,   604.75
  351.22,   473.37,   356.75
  350.59,   471.41,   481.73
  349.95,   469.45,   606.71
  98.10,   224.10,   473.78
  98.92,   226.36,   598.75
  99.74,   228.62,   723.73
  98.59,   349.08,   471.52
  99.41,   351.34,   596.49
  100.23,   353.60,   721.47
  99.08,   474.06,   469.25
  99.89,   476.32,   594.23
  100.71,   478.58,   719.21
  223.10,   223.60,   472.97
  223.92,   225.86,   597.94
  224.74,   228.12,   722.92
  223.58,   348.58,   470.70
  224.40,   350.84,   595.68
  225.22,   353.10,   720.66
  224.07,   473.56,   468.44
  224.89,   475.82,   593.42
  225.71,   478.08,   718.40
  348.09,   223.10,   472.16
  348.91,   225.36,   597.13
  349.73,   227.62,   722.11
  348.58,   348.08,   469.89
  349.40,   350.34,   594.87
  350.22,   352.60,   719.85
  349.07,   473.06,   467.63
  349.89,   475.32,   592.61
  350.71,   477.57,   717.59
  98.15,   224.35,   601.84
  95.92,   224.24,   726.82
  93.69,   224.13,   851.80
  100.15,   349.34,   601.99
  97.92,   349.22,   726.97
  95.69,   349.11,   851.95
  102.15,   474.32,   602.14
  99.92,   474.21,   727.12
  97.69,   474.10,   852.10
  223.12,   222.35,   604.07
  220.89,   222.24,   729.05
  218.65,   222.13,   854.03
  225.12,   347.34,   604.22
  222.88,   347.22,   729.20
  220.65,   347.11,   854.18
  227.11,   472.32,   604.37
  224.88,   472.21,   729.35
  222.65,   472.10,   854.33
  348.08,   220.35,   606.31
  345.85,   220.24,   731.29
  343.62,   220.13,   856.27
  350.08,   345.33,   606.45
  347.85,   345.22,   731.43
  345.62,   345.11,   856.41
  352.08,   470.32,   606.60
  349.85,   470.21,   731.58
  347.61,   470.10,   856.56
  100.21,   349.04,   100.90
  99.61,   349.82,   225.89
  99.00,   350.61,   350.89
  100.78,   474.03,   100.12
  100.17,   474.82,   225.11
  99.57,   475.61,   350.11
  101.35,   599.03,   99.33
  100.74,   599.82,   224.33
  100.14,   600.60,   349.32
  225.21,   348.47,   101.50
  224.60,   349.26,   226.50
  224.00,   350.04,   351.50
  225.77,   473.47,   100.72
  225.17,   474.25,   225.72
  224.57,   475.04,   350.71
  226.34,   598.46,   99.94
  225.74,   599.25,   224.93
  225.14,   600.04,   349.93
  350.20,   347.91,   102.11
  349.60,   348.69,   227.11
  349.00,   349.48,   352.10
  350.77,   472.90,   101.33
  350.17,   473.69,   226.32
  349.57,   474.48,   351.32
  351.34,   597.90,   100.54
  350.74,   598.69,   225.54
  350.14,   599.47,   350.54
  100.76,   350.91,   223.25
  98.45,   348.61,   348.20
  96.14,   346.31,   473.16
  99.81,   475.88,   225.52
  97.50,   473.59,   350.48
  95.19,   471.29,   475.44
  98.85,   600.86,   227.80
  96.54,   598.56,   352.76
  94.23,   596.26,   477.72
  225.74,   351.82,   225.57
  223.43,   349.52,   350.53
  221.12,   347.23,   475.49
  224.78,   476.79,   227.85
  222.47,   474.50,   352.81
  220.16,   472.20,   477.77
  223.83,   601.77,   230.13
  221.52,   599.47,   355.09
  219.21,   597.18,   480.05
  350.71,   352.73,   227.90
  348.40,   350.44,   352.86
  346.09,   348.14,   477.82
  349.76,   477.71,   230.18
  347.45,   475.41,   355.14
  345.14,   473.11,   480.10
  348.80,   602.68,   232.46
  346.49,   600.39,   357.42
  344.18,   598.09,   482.38
  101.81,   350.36,   350.65
  101.22,   347.52,   475.62
  100.64,   344.69,   600.58
  103.69,   475.31,   353.49
  103.11,   472.47,   478.46
  102.52,   469.64,   603.43
  105.58,   600.26,   356.34
  104.99,   597.43,   481.30
  104.40,   594.59,   606.27
  226.80,   348.46,   351.19
  226.21,   345.63,   476.16
  225.62,   342.79,   601.13
  228.68,   473.41,   354.04
  228.09,   470.58,   479.00
  227.50,   467.74,   603.97
  230.56,   598.37,   356.88
  229.97,   595.53,   481.85
  229.38,   592.70,   606.81
  351.78,   346.57,   351.74
  351.19,   343.73,   476.71
  350.60,   340.90,   601.67
  353.66,   471.52,   354.58
  353.08,   468.68,   479.55
  352.49,   465.85,   604.52
  355.55,   596.47,   357.43
  354.96,   593.64,   482.39
  354.37,   590.80,   607.36
  101.30,   351.91,   474.22
  102.06,   350.15,   599.21
  102.82,   348.39,   724.19
  98.25,   476.86,   476.00
  99.01,   475.10,   600.98
  99.77,   473.34,   725.97
  95.20,   601.81,   477.77
  95.96,   600.05,   602.76
  96.73,   598.29,   727.74
  226.26,   354.97,   473.50
  227.02,   353.21,   598.49
  227.78,   351.45,   723.47
  223.21,   479.92,   475.28
  223.97,   478.16,   600.26
  224.73,   476.40,   725.25
  220.16,   604.87,   477.05
  220.92,   603.11,   602.04
  221.69,   601.35,   727.03
  351.22,   358.03,   472.78
  351.98,   356.27,   597.77
  352.74,   354.51,   722.75
  348.17,   482.98,   474.56
  348.93,   481.22,   599.54
  349.70,   479.46,   724.53
  345.12,   607.93,   476.33
  345.88,   606.17,   601.32
  346.65,   604.41,   726.31
  100.22,   351.56,   601.12
  98.14,   355.20,   726.05
  96.05,   358.84,   850.98
  98.78,   476.50,   597.45
  96.70,   480.14,   722.38
  94.62,   483.78,   847.31
  97.35,   601.44,   593.79
  95.27,   605.08,   718.72
  93.18,   608.72,   843.65
  225.19,   353.06,   603.16
  223.11,   356.70,   728.09
  221.03,   360.34,   853.02
  223.76,   477.99,   599.49
  221.67,   481.64,   724.42
  219.59,   485.28,   849.35
  222.32,   602.93,   595.83
  220.24,   606.57,   720.76
  218.16,   610.21,   845.69
  350.17,   354.55,   605.20
  348.08,   358.19,   730.13
  346.00,   361.83,   855.06
  348.73,   479.49,   601.53
  346.65,   483.13,   726.46
  344.57,   486.77,   851.39
  347.30,   604.43,   597.87
  345.21,   608.07,   722.80
  343.13,   611.71,   847.73
  99.43,   473.71,   100.64
  95.71,   473.23,   225.58
  92.00,   472.76,   350.53
  102.14,   598.67,   101.19
  98.42,   598.20,   226.14
  94.70,   597.73,   351.08
  104.84,   723.64,   101.75
  101.12,   723.17,   226.69
  97.41,   722.70,   351.63
  224.35,   470.98,   104.34
  220.63,   470.51,   229.29
  216.91,   470.04,   354.23
  227.05,   595.95,   104.90
  223.33,   595.48,   229.84
  219.62,   595.01,   354.79
  229.76,   720.92,   105.45
  226.04,   720.45,   230.40
  222.32,   719.98,   355.34
  349.26,   468.26,   108.05
  345.54,   467.79,   232.99
  341.83,   467.32,   357.94
  351.97,   593.23,   108.60
  348.25,   592.76,   233.55
  344.53,   592.29,   358.49
  354.67,   718.20,   109.16
  350.96,   717.73,   234.10
  347.24,   717.26,   359.05
  101.87,   474.62,   225.56
  101.39,   478.33,   350.51
  100.90,   482.05,   475.45
  103.68,   599.56,   221.86
  103.19,   603.27,   346.80
  102.70,   606.98,   471.75
  105.48,   724.49,   218.16
  104.99,   728.20,   343.10
  104.50,   731.91,   468.04
  226.86,   472.84,   226.10
  226.37,   476.55,   351.05
  225.88,   480.26,   475.99
  228.66,   597.77,   222.40
  228.18,   601.48,   347.34
  227.69,   605.19,   472.29
  230.47,   722.70,   218.70
  229.98,   726.41,   343.64
  229.49,   730.12,   468.59
  351.85,   471.05,   226.65
  351.36,   474.76,   351.59
  350.87,   478.47,   476.53
  353.65,   595.98,   222.94
  353.16,   599.69,   347.89
  352.67,   603.40,   472.83
  355.45,   720.91,   219.24
  354.97,   724.62,   344.18
  354.48,   728.33,   469.13
  99.61,   474.74,   348.02
  97.56,   473.98,   473.00
  95.50,   473.21,   597.98
  99.46,   599.74,   348.79
  97.41,   598.97,   473.77
  95.35,   598.21,   598.75
  99.31,   724.74,   349.55
  97.25,   723.97,   474.53
  95.20,   723.21,   599.51
  224.59,   474.88,   350.08
  222.54,   474.12,   475.06
  220.48,   473.35,   600.04
  224.44,   599.88,   350.84
  222.39,   599.11,   475.82
  220.33,   598.35,   600.80
  224.29,   724.88,   351.60
  222.24,   724.11,   476.58
  220.18,   723.35,   601.57
  349.58,   475.02,   352.13
  347.52,   474.25,   477.11
  345.47,   473.49,   602.10
  349.43,   600.02,   352.90
  347.37,   599.25,   477.88
  345.32,   598.49,   602.86
  349.27,   725.01,   353.66
  347.22,   724.25,   478.64
  345.17,   723.48,   603.62
  100.86,   475.00,   473.98
  97.89,   476.80,   598.93
  94.92,   478.59,   723.89
  98.87,   599.97,   472.14
  95.90,   601.77,   597.09
  92.93,   603.56,   722.04
  96.88,   724.94,   470.29
  93.91,   726.74,   595.24
  90.95,   728.54,   720.19
  225.81,   477.03,   476.92
  222.84,   478.83,   601.87
  219.87,   480.62,   726.83
  223.82,   602.00,   475.08
  220.85,   603.80,   600.03
  217.88,   605.59,   724.98
  221.83,   726.97,   473.23
  218.86,   728.77,   598.18
  215.89,   730.57,   723.13
  350.76,   479.06,   479.86
  347.79,   480.86,   604.81
  344.82,   482.65,   729.77
  348.77,   604.03,   478.02
  345.80,   605.83,   602.97
  342.83,   607.62,   727.92
  346.78,   729.00,   476.17
  343.81,   730.80,   601.12
  340.84,   732.60,   726.07
  98.96,   476.48,   599.36
  96.11,   479.94,   724.28
  93.26,   483.40,   849.20
  100.64,   601.42,   595.94
  97.79,   604.88,   720.86
  94.94,   608.34,   845.78
  102.32,   726.36,   592.52
  99.47,   729.82,   717.44
  96.62,   733.28,   842.36
  223.91,   474.88,   602.26
  221.06,   478.34,   727.18
  218.21,   481.80,   852.10
  225.59,   599.82,   598.84
  222.74,   603.28,   723.75
  219.90,   606.74,   848.67
  227.27,   724.76,   595.41
  224.43,   728.22,   720.33
  221.58,   731.68,   845.25
  348.87,   473.28,   605.15
  346.02,   476.74,   730.07
  343.17,   480.20,   854.99
  350.55,   598.22,   601.73
  347.70,   601.68,   726.65
  344.85,   605.14,   851.57
  352.23,   723.16,   598.31
  349.38,   726.62,   723.23
  346.53,   730.08,   848.15
  100.10,   600.69,   98.98
  97.47,   599.91,   223.95
  94.84,   599.13,   348.92
  103.32,   725.65,   99.83
  100.69,   724.87,   224.80
  98.06,   724.09,   349.77
  106.53,   850.60,   100.67
  103.90,   849.82,   225.64
  101.28,   849.04,   350.61
  225.03,   597.46,   101.59
  222.40,   596.68,   226.56
  219.77,   595.90,   351.53
  228.25,   722.41,   102.43
  225.62,   721.63,   227.40
  222.99,   720.85,   352.37
  231.46,   847.37,   103.28
  228.84,   846.59,   228.25
  226.21,   845.81,   353.22
  349.96,   594.22,   104.19
  347.33,   593.44,   229.16
  344.70,   592.66,   354.13
  353.18,   719.18,   105.04
  350.55,   718.40,   230.01
  347.92,   717.62,   354.98
  356.39,   844.13,   105.89
  353.77,   843.35,   230.86
  351.14,   842.57,   355.83
  99.98,   599.81,   226.22
  103.60,   600.49,   351.17
  107.22,   601.18,   476.11
  97.16,   724.78,   225.62
  100.78,   725.46,   350.56
  104.40,   726.15,   475.51
  94.35,   849.74,   225.01
  97.97,   850.43,   349.96
  101.58,   851.11,   474.91
  224.90,   602.61,   222.59
  228.51,   603.29,   347.53
  232.13,   603.98,   472.48
  222.08,   727.58,   221.99
  225.70,   728.26,   346.93
  229.32,   728.94,   471.88
  219.26,   852.54,   221.38
  222.88,   853.23,   346.33
  226.50,   853.91,   471.27
  349.81,   605.41,   218.96
  353.43,   606.09,   343.90
  357.05,   606.77,   468.85
  347.00,   730.37,   218.35
  350.61,   731.06,   343.30
  354.23,   731.74,   468.25
  344.18,   855.34,   217.75
  347.80,   856.02,   342.70
  351.41,   856.71,   467.64
  101.45,   599.93,   348.50
  105.06,   598.68,   473.44
  108.67,   597.42,   598.38
  102.84,   724.92,   349.72
  106.45,   723.66,   474.66
  110.06,   722.41,   599.60
  104.22,   849.91,   350.93
  107.83,   848.65,   475.87
  111.44,   847.39,   600.81
  226.39,   598.59,   344.88
  230.00,   597.33,   469.82
  233.61,   596.07,   594.76
  227.78,   723.57,   346.09
  231.39,   722.32,   471.03
  235.00,   721.06,   595.97
  229.16,   848.56,   347.31
  232.77,   847.30,   472.25
  236.38,   846.05,   597.19
  351.34,   597.24,   341.25
  354.95,   595.98,   466.19
  358.55,   594.73,   591.13
  352.72,   722.22,   342.47
  356.33,   720.97,   467.41
  359.94,   719.71,   592.35
  354.10,   847.21,   343.68
  357.71,   845.96,   468.63
  361.32,   844.70,   593.57
  101.29,   600.21,   475.57
  97.68,   597.23,   600.48
  94.06,   594.25,   725.39
  102.39,   725.17,   478.58
  98.77,   722.19,   603.49
  95.15,   719.21,   728.40
  103.48,   850.12,   481.59
  99.86,   847.15,   606.50
  96.24,   844.17,   731.42
  226.24,   599.03,   479.16
  222.62,   596.05,   604.07
  219.00,   593.07,   728.98
  227.33,   723.99,   482.17
  223.71,   721.01,   607.08
  220.10,   718.03,   731.99
  228.42,   848.95,   485.18
  224.80,   845.97,   610.09
  221.19,   842.99,   735.00
  351.18,   597.85,   482.75
  347.56,   594.87,   607.66
  343.95,   591.90,   732.57
  352.27,   722.81,   485.76
  348.65,   719.83,   610.67
  345.04,   716.85,   735.58
  353.36,   847.77,   488.77
  349.75,   844.79,   613.68
  346.13,   841.81,   738.59
  100.66,   599.26,   600.89
  104.23,   600.64,   725.83
  107.80,   602.02,   850.77
  100.19,   724.25,   599.52
  103.77,   725.63,   724.46
  107.34,   727.01,   849.40
  99.73,   849.24,   598.14
  103.30,   850.62,   723.09
  106.87,   852.01,   848.03
  225.60,   599.68,   597.31
  229.18,   601.06,   722.25
  232.75,   602.45,   847.19
  225.14,   724.67,   595.94
  228.71,   726.05,   720.88
  232.28,   727.44,   845.82
  224.68,   849.66,   594.57
  228.25,   851.04,   719.51
  231.82,   852.43,   844.45
  350.55,   600.10,   593.73
  354.12,   601.48,   718.68
  357.70,   602.87,   843.62
  350.09,   725.09,   592.36
  353.66,   726.48,   717.30
  357.23,   727.86,   842.25
  349.63,   850.08,   590.99
  353.20,   851.47,   715.93
  356.77,   852.85,   840.87
  223.50,   101.61,   100.24
  224.15,   105.18,   225.19
  224.80,   108.75,   350.13
  224.21,   226.56,   96.66
  224.86,   230.13,   221.61
  225.51,   233.70,   346.56
  224.92,   351.50,   93.09
  225.57,   355.07,   218.04
  226.22,   358.64,   342.98
  348.49,   100.88,   99.61
  349.14,   104.45,   224.55
  349.79,   108.02,   349.50
  349.20,   225.83,   96.03
  349.86,   229.40,   220.98
  350.51,   232.97,   345.93
  349.92,   350.77,   92.46
  350.57,   354.34,   217.41
  351.22,   357.91,   342.35
  473.49,   100.15,   98.98
  474.14,   103.72,   223.92
  474.79,   107.29,   348.87
  474.20,   225.10,   95.40
  474.85,   228.67,   220.35
  475.50,   232.24,   345.30
  474.91,   350.04,   91.83
  475.56,   353.61,   216.78
  476.21,   357.18,   341.72
  226.31,   99.56,   223.90
  225.08,   101.19,   348.89
  223.85,   102.82,   473.87
  226.84,   224.55,   222.28
  225.60,   226.18,   347.26
  224.37,   227.81,   472.24
  227.36,   349.54,   220.65
  226.13,   351.17,   345.64
  224.89,   352.80,   470.62
  351.31,   99.05,   225.14
  350.07,   100.68,   350.13
  348.84,   102.31,   475.11
  351.83,   224.04,   223.52
  350.60,   225.67,   348.50
  349.36,   227.30,   473.48
  352.35,   349.03,   221.89
  351.12,   350.66,   346.88
  349.89,   352.29,   471.86
  476.30,   98.55,   226.38
  475.07,   100.18,   351.36
  473.83,   101.81,   476.35
  476.82,   223.54,   224.76
  475.59,   225.17,   349.74
  474.36,   226.80,   474.72
  477.34,   348.53,   223.13
  476.11,   350.15,   348.11
  474.88,   351.78,   473.10
  225.78,   99.28,   350.07
  226.39,   100.05,   475.07
  226.99,   100.83,   600.07
  228.20,   224.25,   349.29
  228.81,   225.03,   474.28
  229.41,   225.80,   599.28
  230.62,   349.23,   348.50
  231.22,   350.00,   473.49
  231.83,   350.78,   598.49
  350.76,   96.86,   349.48
  351.36,   97.63,   474.48
  351.97,   98.41,   599.48
  353.18,   221.83,   348.70
  353.78,   222.61,   473.69
  354.39,   223.38,   598.69
  355.59,   346.80,   347.91
  356.20,   347.58,   472.90
  356.80,   348.36,   597.90
  475.73,   94.43,   348.90
  476.34,   95.21,   473.89
  476.94,   95.99,   598.89
  478.15,   219.41,   348.11
  478.76,   220.19,   473.10
  479.36,   220.96,   598.10
  480.57,   344.38,   347.32
  481.17,   345.16,   472.32
  481.78,   345.94,   597.31
  224.69,   98.08,   476.61
  226.32,   96.91,   601.59
  227.95,   95.74,   726.57
  221.78,   223.04,   477.81
  223.41,   221.87,   602.80
  225.04,   220.70,   727.78
  218.86,   348.00,   479.02
  220.49,   346.83,   604.00
  222.12,   345.66,   728.99
  349.65,   101.01,   475.00
  351.28,   99.84,   599.99
  352.91,   98.67,   724.97
  346.73,   225.97,   476.21
  348.36,   224.80,   601.19
  349.99,   223.63,   726.18
  343.82,   350.93,   477.42
  345.45,   349.76,   602.40
  347.08,   348.59,   727.38
  474.60,   103.94,   473.40
  476.23,   102.77,   598.39
  477.86,   101.60,   723.37
  471.69,   228.90,   474.61
  473.32,   227.73,   599.59
  474.95,   226.56,   724.58
  468.77,   353.86,   475.81
  470.40,   352.69,   600.80
  472.03,   351.52,   725.78
  226.47,   101.02,   598.19
  228.58,   97.89,   723.13
  230.69,   94.76,   848.08
  230.06,   225.93,   601.25
  232.17,   222.80,   726.20
  234.28,   219.67,   851.14
  233.65,   350.84,   604.32
  235.76,   347.71,   729.26
  237.88,   344.58,   854.21
  351.40,   97.48,   595.99
  353.51,   94.35,   720.93
  355.62,   91.22,   845.88
  354.99,   222.39,   599.05
  357.10,   219.26,   724.00
  359.22,   216.14,   848.94
  358.58,   347.30,   602.12
  360.69,   344.17,   727.06
  362.81,   341.05,   852.00
  476.33,   93.94,   593.79
  478.44,   90.81,   718.73
  480.55,   87.69,   843.67
  479.92,   218.85,   596.85
  482.03,   215.72,   721.80
  484.15,   212.60,   846.74
  483.51,   343.76,   599.92
  485.63,   340.63,   724.86
  487.74,   337.51,   849.80
  224.85,   223.64,   101.53
  224.99,   226.94,   226.49
  225.14,   230.24,   351.44
  226.91,   348.57,   98.23
  227.06,   351.88,   223.18
  227.21,   355.18,   348.14
  228.98,   473.51,   94.92
  229.13,   476.82,   219.88
  229.28,   480.12,   344.84
  349.83,   221.56,   101.44
  349.98,   224.87,   226.40
  350.13,   228.17,   351.35
  351.90,   346.50,   98.13
  352.04,   349.81,   223.09
  352.19,   353.11,   348.05
  353.96,   471.44,   94.83
  354.11,   474.75,   219.79
  354.26,   478.05,   344.74
  474.81,   219.49,   101.35
  474.96,   222.80,   226.30
  475.11,   226.10,   351.26
  476.88,   344.43,   98.04
  477.03,   347.74,   223.00
  477.18,   351.04,   347.95
  478.95,   469.37,   94.74
  479.09,   472.68,   219.69
  479.24,   475.98,   344.65
  226.12,   225.28,   226.12
  224.62,   227.84,   351.09
  223.12,   230.41,   476.05
  224.19,   350.24,   223.53
  222.69,   352.80,   348.50
  221.19,   355.37,   473.46
  222.25,   475.19,   220.94
  220.76,   477.76,   345.91
  219.26,   480.33,   470.87
  351.09,   227.24,   227.58
  349.60,   229.80,   352.54
  348.10,   232.37,   477.51
  349.16,   352.20,   224.99
  347.67,   354.76,   349.95
  346.17,   357.33,   474.92
  347.23,   477.15,   222.40
  345.74,   479.72,   347.36
  344.24,   482.29,   472.33
  476.07,   229.20,   229.03
  474.57,   231.77,   354.00
  473.08,   234.33,   478.96
  474.14,   354.16,   226.44
  472.64,   356.72,   351.41
  471.15,   359.29,   476.37
  472.21,   479.12,   223.85
  470.71,   481.68,   348.82
  469.22,   484.25,   473.78
  223.92,   223.45,   351.52
  223.44,   225.08,   476.51
  222.96,   226.71,   601.50
  220.21,   348.38,   349.88
  219.73,   350.01,   474.87
  219.26,   351.64,   599.86
  216.50,   473.32,   348.24
  216.03,   474.95,   473.22
  215.55,   476.58,   598.21
  348.87,   227.16,   351.95
  348.39,   228.79,   476.94
  347.91,   230.42,   601.93
  345.16,   352.10,   350.31
  344.68,   353.73,   475.30
  344.20,   355.36,   600.29
  341.45,   477.03,   348.67
  340.97,   478.66,   473.66
  340.49,   480.29,   598.64
  473.81,   230.88,   352.39
  473.33,   232.51,   477.37
  472.85,   234.14,   602.36
  470.10,   355.81,   350.74
  469.62,   357.44,   475.73
  469.14,   359.07,   600.72
  466.39,   480.75,   349.10
  465.91,   482.38,   474.09
  465.43,   484.01,   599.07
  225.16,   225.62,   473.58
  221.98,   225.47,   598.54
  218.81,   225.31,   723.50
  223.42,   350.61,   473.69
  220.24,   350.46,   598.65
  217.06,   350.30,   723.61
  221.67,   475.60,   473.80
  218.50,   475.44,   598.76
  215.32,   475.29,   723.72
  350.11,   227.36,   476.76
  346.93,   227.21,   601.72
  343.75,   227.05,   726.68
  348.36,   352.35,   476.87
  345.19,   352.20,   601.83
  342.01,   352.04,   726.79
  346.62,   477.34,   476.98
  343.44,   477.18,   601.94
  340.27,   477.03,   726.90
  475.06,   229.11,   479.94
  471.88,   228.95,   604.90
  468.70,   228.79,   729.86
  473.31,   354.09,   480.05
  470.14,   353.94,   605.01
  466.96,   353.78,   729.97
  471.57,   479.08,   480.16
  468.39,   478.92,   605.12
  465.21,   478.77,   730.08
  223.75,   226.96,   600.47
  221.30,   228.70,   725.44
  218.86,   230.43,   850.40
  222.40,   351.94,   598.71
  219.96,   353.68,   723.67
  217.51,   355.41,   848.64
  221.05,   476.92,   596.95
  218.61,   478.66,   721.91
  216.16,   480.39,   846.87
  348.72,   228.34,   602.90
  346.27,   230.08,   727.86
  343.83,   231.82,   852.82
  347.37,   353.32,   601.13
  344.92,   355.06,   726.10
  342.48,   356.80,   851.06
  346.02,   478.30,   599.37
  343.58,   480.04,   724.34
  341.13,   481.78,   849.30
  473.69,   229.72,   605.32
  471.24,   231.46,   730.29
  468.80,   233.20,   855.25
  472.34,   354.71,   603.56
  469.89,   356.44,   728.52
  467.45,   358.18,   853.49
  470.99,   479.69,   601.80
  468.54,   481.42,   726.76
  466.10,   483.16,   851.72
  224.80,   351.30,   99.86
  223.72,   351.06,   224.86
  222.64,   350.82,   349.85
  224.56,   476.30,   100.10
  223.48,   476.06,   225.10
  222.40,   475.82,   350.09
  224.32,   601.30,   100.34
  223.24,   601.06,   225.34
  222.16,   600.82,   350.33
  349.80,   351.54,   100.94
  348.72,   351.30,   225.94
  347.64,   351.06,   350.93
  349.56,   476.54,   101.19
  348.48,   476.30,   226.18
  347.40,   476.06,   351.18
  349.32,   601.54,   101.43
  348.24,   601.30,   226.42
  347.15,   601.06,   351.42
  474.80,   351.78,   102.03
  473.71,   351.54,   227.02
  472.63,   351.30,   352.02
  474.55,   476.78,   102.27
  473.47,   476.54,   227.26
  472.39,   476.30,   352.26
  474.31,   601.78,   102.51
  473.23,   601.54,   227.50
  472.15,   601.29,   352.50
  226.16,   350.25,   225.53
  229.52,   349.87,   350.49
  232.88,   349.49,   475.44
  224.89,   475.24,   225.95
  228.25,   474.86,   350.90
  231.61,   474.48,   475.85
  223.61,   600.23,   226.36
  226.97,   599.86,   351.31
  230.33,   599.48,   476.27
  351.11,   351.53,   222.18
  354.47,   351.15,   347.13
  357.83,   350.77,   472.09
  349.84,   476.53,   222.59
  353.19,   476.15,   347.55
  356.55,   475.77,   472.50
  348.56,   601.52,   223.01
  351.92,   601.14,   347.96
  355.28,   600.76,   472.91
  476.06,   352.82,   218.82
  479.42,   352.44,   343.78
  482.77,   352.06,   468.73
  474.78,   477.81,   219.24
  478.14,   477.43,   344.19
  481.50,   477.05,   469.15
  473.51,   602.80,   219.65
  476.87,   602.42,   344.61
  480.23,   602.04,   469.56
  225.58,   351.22,   348.82
  223.54,   349.01,   473.78
  221.51,   346.81,   598.74
  222.81,   476.17,   350.98
  220.77,   473.96,   475.94
  218.73,   471.76,   600.91
  220.03,   601.12,   353.14
  218.00,   598.92,   478.10
  215.96,   596.71,   603.07
  350.54,   353.96,   350.90
  348.50,   351.75,   475.87
  346.46,   349.55,   600.83
  347.76,   478.91,   353.06
  345.72,   476.70,   478.03
  343.69,   474.50,   602.99
  344.99,   603.86,   355.23
  342.95,   601.65,   480.19
  340.91,   599.45,   605.15
  475.49,   356.70,   352.99
  473.45,   354.49,   477.95
  471.41,   352.28,   602.92
  472.71,   481.65,   355.15
  470.68,   479.44,   480.11
  468.64,   477.23,   605.08
  469.94,   606.60,   357.31
  467.90,   604.39,   482.28
  465.86,   602.18,   607.24
  225.52,   350.18,   474.55
  228.71,   347.31,   599.48
  231.90,   344.43,   724.41
  227.50,   475.14,   477.38
  230.69,   472.26,   602.31
  233.87,   469.38,   727.23
  229.47,   600.09,   480.21
  232.66,   597.21,   605.13
  235.85,   594.34,   730.06
  350.47,   348.28,   471.32
  353.65,   345.41,   596.25
  356.84,   342.53,   721.17
  352.44,   473.24,   474.15
  355.63,   470.36,   599.07
  358.82,   467.48,   724.00
  354.41,   598.19,   476.97
  357.60,   595.31,   601.90
  360.79,   592.44,   726.82
  475.41,   346.38,   468.09
  478.60,   343.51,   593.01
  481.79,   340.63,   717.94
  477.38,   471.33,   470.91
  480.57,   468.46,   595.84
  483.76,   465.58,   720.77
  479.36,   596.29,   473.74
  482.55,   593.41,   598.67
  485.74,   590.53,   723.59
  225.79,   349.61,   601.55
  223.94,   348.73,   726.53
  222.10,   347.86,   851.52
  227.53,   474.59,   602.45
  225.68,   473.72,   727.44
  223.84,   472.84,   852.42
  229.27,   599.58,   603.35
  227.43,   598.70,   728.34
  225.58,   597.82,   853.32
  350.76,   347.85,   603.38
  348.92,   346.98,   728.37
  347.07,   346.10,   853.35
  352.50,   472.84,   604.29
  350.66,   471.96,   729.27
  348.81,   471.08,   854.25
  354.25,   597.82,   605.19
  352.40,   596.94,   730.17
  350.56,   596.07,   855.15
  475.73,   346.10,   605.22
  473.89,   345.22,   730.20
  472.04,   344.34,   855.18
  477.48,   471.08,   606.12
  475.63,   470.20,   731.10
  473.79,   469.33,   856.08
  479.22,   596.06,   607.02
  477.37,   595.19,   732.00
  475.53,   594.31,   856.99
  226.34,   476.58,   98.63
  227.21,   480.19,   223.58
  228.08,   483.81,   348.52
  229.30,   601.49,   95.00
  230.17,   605.11,   219.94
  231.04,   608.72,   344.89
  232.26,   726.40,   91.36
  233.13,   730.02,   216.31
  234.00,   733.64,   341.25
  351.30,   473.59,   97.85
  352.17,   477.21,   222.79
  353.04,   480.83,   347.74
  354.26,   598.50,   94.21
  355.13,   602.12,   219.16
  356.00,   605.74,   344.10
  357.22,   723.42,   90.58
  358.09,   727.03,   215.52
  358.97,   730.65,   340.46
  476.26,   470.61,   97.06
  477.13,   474.22,   222.01
  478.00,   477.84,   346.95
  479.22,   595.52,   93.43
  480.09,   599.13,   218.37
  480.97,   602.75,   343.32
  482.18,   720.43,   89.79
  483.06,   724.05,   214.73
  483.93,   727.66,   339.68
  223.69,   475.37,   226.22
  226.84,   473.54,   351.16
  229.98,   471.71,   476.11
  225.14,   600.35,   228.01
  228.28,   598.52,   352.96
  231.42,   596.69,   477.90
  226.58,   725.33,   229.80
  229.72,   723.50,   354.75
  232.87,   721.67,   479.70
  348.65,   473.97,   223.05
  351.79,   472.14,   348.00
  354.93,   470.31,   472.95
  350.09,   598.95,   224.85
  353.23,   597.12,   349.79
  356.37,   595.29,   474.74
  351.53,   723.93,   226.64
  354.68,   722.10,   351.59
  357.82,   720.27,   476.53
  473.60,   472.57,   219.89
  476.74,   470.74,   344.84
  479.88,   468.91,   469.79
  475.04,   597.55,   221.68
  478.18,   595.72,   346.63
  481.33,   593.89,   471.58
  476.49,   722.53,   223.48
  479.63,   720.70,   348.42
  482.77,   718.87,   473.37
  226.50,   474.56,   349.42
  230.20,   475.90,   474.36
  233.90,   477.24,   599.30
  224.14,   599.53,   348.15
  227.84,   600.87,   473.09
  231.54,   602.21,   598.03
  221.78,   724.50,   346.88
  225.48,   725.85,   471.82
  229.18,   727.19,   596.75
  351.42,   476.88,   345.70
  355.12,   478.22,   470.63
  358.82,   479.56,   595.57
  349.06,   601.85,   344.43
  352.76,   603.19,   469.36
  356.46,   604.54,   594.30
  346.70,   726.83,   343.15
  350.40,   728.17,   468.09
  354.10,   729.51,   593.03
  476.34,   479.20,   341.97
  480.04,   480.54,   466.91
  483.74,   481.88,   591.85
  473.98,   604.17,   340.70
  477.68,   605.52,   465.64
  481.38,   606.86,   590.58
  471.62,   729.15,   339.43
  475.32,   730.49,   464.37
  479.02,   731.83,   589.31
  225.39,   476.75,   475.37
  225.26,   478.81,   600.36
  225.13,   480.87,   725.34
  228.40,   601.70,   473.31
  228.27,   603.76,   598.30
  228.15,   605.82,   723.28
  231.42,   726.64,   471.25
  231.29,   728.70,   596.24
  231.16,   730.77,   721.22
  350.35,   473.74,   475.55
  350.22,   475.80,   600.53
  350.10,   477.86,   725.52
  353.37,   598.68,   473.49
  353.24,   600.75,   598.47
  353.11,   602.81,   723.46
  356.38,   723.63,   471.43
  356.25,   725.69,   596.41
  356.13,   727.75,   721.40
  475.31,   470.72,   475.73
  475.19,   472.79,   600.71
  475.06,   474.85,   725.69
  478.33,   595.67,   473.67
  478.20,   597.73,   598.65
  478.08,   599.80,   723.63
  481.34,   720.62,   471.61
  481.22,   722.68,   596.59
  481.09,   724.74,   721.57
  226.20,   474.34,   598.08
  226.74,   477.93,   723.03
  227.27,   481.52,   847.98
  229.62,   599.24,   594.48
  230.16,   602.83,   719.43
  230.69,   606.42,   844.38
  233.04,   724.14,   590.88
  233.58,   727.73,   715.82
  234.11,   731.32,   840.77
  351.15,   470.90,   597.65
  351.69,   474.49,   722.60
  352.22,   478.08,   847.54
  354.57,   595.80,   594.05
  355.11,   599.39,   718.99
  355.64,   602.98,   843.94
  358.00,   720.70,   590.44
  358.53,   724.29,   715.39
  359.06,   727.88,   840.34
  476.11,   467.47,   597.21
  476.64,   471.06,   722.16
  477.17,   474.65,   847.11
  479.53,   592.37,   593.61
  480.06,   595.96,   718.56
  480.59,   599.55,   843.51
  482.95,   717.27,   590.01
  483.48,   720.86,   714.95
  484.02,   724.45,   839.90
  224.46,   599.81,   98.66
  225.19,   602.03,   223.64
  225.91,   604.24,   348.62
  225.21,   724.79,   96.44
  225.94,   727.00,   221.42
  226.66,   729.22,   346.40
  225.96,   849.77,   94.22
  226.69,   851.98,   219.20
  227.41,   854.20,   344.18
  349.46,   599.05,   97.95
  350.18,   601.26,   222.93
  350.90,   603.48,   347.91
  350.21,   724.03,   95.73
  350.93,   726.24,   220.71
  351.65,   728.46,   345.69
  350.96,   849.01,   93.51
  351.68,   851.22,   218.49
  352.40,   853.43,   343.47
  474.46,   598.29,   97.24
  475.18,   600.50,   222.22
  475.90,   602.72,   347.20
  475.20,   723.27,   95.02
  475.93,   725.48,   220.00
  476.65,   727.69,   344.98
  475.95,   848.24,   92.80
  476.68,   850.46,   217.78
  477.40,   852.67,   342.76
  226.67,   599.76,   226.63
  228.04,   602.83,   351.59
  229.41,   605.91,   476.54
  224.68,   724.70,   223.58
  226.05,   727.78,   348.53
  227.41,   730.85,   473.49
  222.69,   849.65,   220.52
  224.05,   852.73,   345.48
  225.42,   855.80,   470.43
  351.65,   601.72,   225.22
  353.02,   604.79,   350.17
  354.38,   607.87,   475.13
  349.66,   726.66,   222.16
  351.02,   729.74,   347.12
  352.39,   732.81,   472.07
  347.66,   851.61,   219.11
  349.03,   854.69,   344.06
  350.40,   857.76,   469.02
  476.63,   603.68,   223.80
  477.99,   606.75,   348.76
  479.36,   609.83,   473.71
  474.63,   728.62,   220.75
  476.00,   731.70,   345.70
  477.37,   734.77,   470.66
  472.64,   853.57,   217.69
  474.01,   856.64,   342.65
  475.37,   859.72,   467.60
  224.70,   600.04,   349.80
  225.71,   602.71,   474.77
  226.71,   605.39,   599.73
  225.83,   725.01,   347.12
  226.83,   727.68,   472.08
  227.84,   730.36,   597.05
  226.95,   849.97,   344.43
  227.96,   852.65,   469.40
  228.96,   855.32,   594.37
  349.69,   598.89,   348.82
  350.70,   601.57,   473.79
  351.70,   604.24,   598.75
  350.82,   723.86,   346.14
  351.82,   726.53,   471.10
  352.83,   729.21,   596.07
  351.94,   848.83,   343.45
  352.95,   851.50,   468.42
  353.95,   854.18,   593.39
  474.68,   597.75,   347.84
  475.69,   600.42,   472.81
  476.69,   603.10,   597.77
  475.81,   722.71,   345.15
  476.81,   725.39,   470.12
  477.82,   728.06,   595.09
  476.93,   847.68,   342.47
  477.94,   850.35,   467.44
  478.94,   853.03,   592.41
  223.71,   600.34,   473.17
  223.25,   599.80,   598.17
  222.79,   599.26,   723.17
  220.46,   725.30,   473.70
  220.00,   724.76,   598.70
  219.54,   724.22,   723.69
  217.22,   850.26,   474.23
  216.75,   849.72,   599.22
  216.29,   849.18,   724.22
  348.67,   603.59,   473.65
  348.21,   603.05,   598.64
  347.75,   602.51,   723.64
  345.42,   728.55,   474.17
  344.96,   728.01,   599.17
  344.50,   727.47,   724.17
  342.17,   853.50,   474.70
  341.71,   852.96,   599.70
  341.25,   852.42,   724.70
  473.63,   606.84,   474.12
  473.17,   606.30,   599.12
  472.70,   605.76,   724.12
  470.38,   731.79,   474.65
  469.92,   731.25,   599.65
  469.46,   730.71,   724.64
  467.13,   856.75,   475.18
  466.67,   856.21,   600.17
  466.21,   855.67,   725.17
  226.91,   600.56,   599.88
  230.34,   603.90,   724.79
  233.77,   607.24,   849.70
  224.52,   725.49,   596.60
  227.95,   728.84,   721.51
  231.38,   732.18,   846.42
  222.12,   850.43,   593.32
  225.56,   853.77,   718.23
  228.99,   857.11,   843.14
  351.84,   602.86,   596.39
  355.27,   606.20,   721.29
  358.70,   609.54,   846.20
  349.45,   727.79,   593.11
  352.88,   731.14,   718.02
  356.31,   734.48,   842.93
  347.05,   852.73,   589.83
  350.49,   856.07,   714.74
  353.92,   859.41,   839.65
  476.77,   605.16,   592.89
  480.20,   608.50,   717.80
  483.63,   611.85,   842.71
  474.38,   730.09,   589.62
  477.81,   733.44,   714.52
  481.24,   736.78,   839.43
  471.98,   855.03,   586.34
  475.42,   858.37,   711.25
  478.85,   861.71,   836.15
  348.72,   99.97,   98.78
  346.47,   103.19,   223.71
  344.21,   106.41,   348.65
  348.07,   224.93,   95.55
  345.82,   228.15,   220.48
  343.57,   231.36,   345.42
  347.42,   349.88,   92.32
  345.17,   353.10,   217.25
  342.92,   356.32,   342.19
  473.70,   100.68,   101.01
  471.45,   103.89,   225.95
  469.19,   107.11,   350.89
  473.05,   225.63,   97.78
  470.80,   228.85,   222.72
  468.54,   232.07,   347.66
  472.40,   350.59,   94.55
  470.15,   353.81,   219.49
  467.90,   357.03,   344.43
  598.68,   101.38,   103.25
  596.42,   104.60,   228.18
  594.17,   107.82,   353.12
  598.03,   226.34,   100.02
  595.78,   229.56,   224.95
  593.52,   232.77,   349.89
  597.38,   351.30,   96.79
  595.13,   354.51,   221.72
  592.88,   357.73,   346.66
  350.45,   101.99,   224.70
  348.59,   103.37,   349.68
  346.73,   104.74,   474.66
  351.56,   226.98,   223.34
  349.70,   228.35,   348.32
  347.84,   229.73,   473.29
  352.68,   351.97,   221.98
  350.82,   353.34,   346.96
  348.96,   354.72,   471.93
  475.43,   100.89,   226.57
  473.57,   102.27,   351.55
  471.71,   103.65,   476.53
  476.54,   225.88,   225.21
  474.69,   227.26,   350.19
  472.83,   228.64,   475.17
  477.66,   350.87,   223.85
  475.80,   352.25,   348.83
  473.94,   353.62,   473.81
  600.41,   99.80,   228.44
  598.55,   101.18,   353.42
  596.69,   102.55,   478.40
  601.53,   224.79,   227.08
  599.67,   226.16,   352.06
  597.81,   227.54,   477.04
  602.64,   349.77,   225.72
  600.78,   351.15,   350.70
  598.92,   352.53,   475.68
  351.46,   101.57,   350.68
  352.69,   101.20,   475.67
  353.93,   100.84,   600.66
  352.50,   226.56,   351.03
  353.73,   226.20,   476.03
  354.97,   225.83,   601.02
  353.54,   351.56,   351.39
  354.78,   351.19,   476.38
  356.01,   350.83,   601.37
  476.45,   100.53,   349.44
  477.68,   100.17,   474.43
  478.92,   99.80,   599.42
  477.49,   225.53,   349.79
  478.72,   225.16,   474.79
  479.96,   224.79,   599.78
  478.53,   350.52,   350.15
  479.77,   350.16,   475.14
  481.00,   349.79,   600.14
  601.44,   99.49,   348.20
  602.67,   99.13,   473.19
  603.91,   98.76,   598.19
  602.48,   224.49,   348.55
  603.71,   224.12,   473.55
  604.95,   223.76,   598.54
  603.52,   349.48,   348.91
  604.76,   349.12,   473.90
  605.99,   348.75,   598.90
  349.62,   100.48,   473.06
  346.96,   101.62,   598.03
  344.30,   102.76,   722.99
  353.29,   225.42,   472.00
  350.63,   226.56,   596.96
  347.97,   227.70,   721.93
  356.96,   350.36,   470.93
  354.30,   351.50,   595.90
  351.65,   352.64,   720.87
  474.53,   96.83,   475.75
  471.88,   97.97,   600.72
  469.22,   99.11,   725.68
  478.20,   221.77,   474.69
  475.55,   222.91,   599.65
  472.89,   224.06,   724.62
  481.88,   346.71,   473.62
  479.22,   347.86,   598.59
  476.56,   349.00,   723.55
  599.45,   93.18,   478.44
  596.80,   94.33,   603.40
  594.14,   95.47,   728.37
  603.12,   218.13,   477.37
  600.47,   219.27,   602.34
  597.81,   220.41,   727.31
  606.79,   343.07,   476.31
  604.14,   344.21,   601.28
  601.48,   345.35,   726.24
  350.17,   99.27,   601.63
  353.71,   101.81,   726.55
  357.24,   104.35,   851.48
  350.84,   224.24,   599.07
  354.37,   226.78,   723.99
  357.91,   229.32,   848.92
  351.51,   349.21,   596.51
  355.04,   351.75,   721.43
  358.57,   354.29,   846.36
  475.12,   98.53,   598.11
  478.65,   101.07,   723.04
  482.19,   103.61,   847.96
  475.79,   223.50,   595.55
  479.32,   226.04,   720.48
  482.85,   228.58,   845.40
  476.46,   348.47,   592.99
  479.99,   351.01,   717.92
  483.52,   353.55,   842.84
  600.07,   97.79,   594.59
  603.60,   100.33,   719.52
  607.13,   102.87,   844.44
  600.74,   222.76,   592.03
  604.27,   225.30,   716.96
  607.80,   227.84,   841.88
  601.41,   347.73,   589.47
  604.94,   350.27,   714.40
  608.47,   352.81,   839.32
  350.46,   224.50,   98.98
  352.17,   226.50,   223.95
  353.89,   228.50,   348.92
  347.04,   349.44,   97.02
  348.76,   351.44,   221.99
  350.47,   353.44,   346.97
  343.63,   474.37,   95.07
  345.34,   476.37,   220.04
  347.05,   478.38,   345.01
  475.40,   227.89,   97.21
  477.11,   229.89,   222.18
  478.83,   231.89,   347.15
  471.98,   352.82,   95.25
  473.70,   354.83,   220.23
  475.41,   356.83,   345.20
  468.57,   477.76,   93.30
  470.28,   479.76,   218.27
  472.00,   481.76,   343.25
  600.34,   231.27,   95.44
  602.05,   233.28,   220.41
  603.77,   235.28,   345.39
  596.93,   356.21,   93.49
  598.64,   358.21,   218.46
  600.35,   360.21,   343.43
  593.51,   481.15,   91.53
  595.22,   483.15,   216.51
  596.94,   485.15,   341.48
  348.80,   223.71,   226.77
  349.66,   222.05,   351.75
  350.52,   220.39,   476.74
  346.52,   348.67,   228.44
  347.38,   347.02,   353.43
  348.24,   345.36,   478.41
  344.24,   473.64,   230.11
  345.10,   471.99,   355.10
  345.95,   470.33,   480.08
  473.78,   226.00,   225.94
  474.64,   224.34,   350.93
  475.49,   222.69,   475.91
  471.49,   350.97,   227.61
  472.35,   349.31,   352.60
  473.21,   347.66,   477.58
  469.21,   475.94,   229.28
  470.07,   474.28,   354.27
  470.93,   472.62,   479.26
  598.75,   228.29,   225.11
  599.61,   226.64,   350.10
  600.47,   224.98,   475.08
  596.47,   353.26,   226.78
  597.33,   351.61,   351.77
  598.19,   349.95,   476.76
  594.19,   478.23,   228.45
  595.05,   476.57,   353.44
  595.91,   474.92,   478.43
  349.59,   224.38,   349.65
  351.08,   225.05,   474.64
  352.58,   225.73,   599.62
  346.82,   349.35,   349.00
  348.32,   350.02,   473.99
  349.82,   350.70,   598.98
  344.06,   474.31,   348.36
  345.56,   474.99,   473.35
  347.05,   475.66,   598.34
  474.55,   227.13,   348.13
  476.04,   227.81,   473.12
  477.54,   228.48,   598.11
  471.78,   352.10,   347.49
  473.28,   352.78,   472.48
  474.78,   353.45,   597.47
  469.02,   477.07,   346.85
  470.52,   477.74,   471.84
  472.02,   478.42,   596.83
  599.51,   229.89,   346.62
  601.00,   230.56,   471.61
  602.50,   231.24,   596.60
  596.75,   354.86,   345.98
  598.24,   355.53,   470.97
  599.74,   356.21,   595.96
  593.98,   479.82,   345.34
  595.48,   480.50,   470.33
  596.98,   481.17,   595.32
  349.31,   224.59,   474.54
  346.38,   223.36,   599.50
  343.46,   222.13,   724.46
  353.04,   349.53,   475.86
  350.11,   348.30,   600.82
  347.19,   347.07,   725.78
  356.77,   474.47,   477.18
  353.84,   473.23,   602.14
  350.92,   472.00,   727.10
  474.22,   220.83,   477.43
  471.29,   219.60,   602.39
  468.37,   218.37,   727.35
  477.95,   345.77,   478.75
  475.02,   344.54,   603.71
  472.10,   343.31,   728.67
  481.68,   470.71,   480.07
  478.75,   469.48,   605.03
  475.83,   468.24,   729.99
  599.13,   217.07,   480.31
  596.20,   215.84,   605.27
  593.28,   214.61,   730.23
  602.86,   342.01,   481.63
  599.93,   340.78,   606.59
  597.01,   339.55,   731.55
  606.59,   466.95,   482.95
  603.66,   465.72,   607.91
  600.74,   464.48,   732.87
  351.42,   225.24,   599.59
  353.08,   226.91,   724.57
  354.75,   228.58,   849.54
  348.64,   350.20,   597.96
  350.30,   351.87,   722.93
  351.96,   353.54,   847.91
  345.85,   475.15,   596.32
  347.52,   476.82,   721.30
  349.18,   478.50,   846.28
  476.38,   228.00,   597.89
  478.04,   229.67,   722.87
  479.70,   231.34,   847.84
  473.59,   352.96,   596.26
  475.26,   354.63,   721.23
  476.92,   356.30,   846.21
  470.81,   477.91,   594.62
  472.48,   479.58,   719.60
  474.14,   481.26,   844.58
  601.33,   230.76,   596.19
  603.00,   232.43,   721.17
  604.66,   234.10,   846.14
  598.55,   355.72,   594.55
  600.22,   357.39,   719.53
  601.88,   359.06,   844.51
  595.77,   480.67,   592.92
  597.43,   482.35,   717.90
  599.10,   484.02,   842.88
  348.15,   351.44,   99.76
  346.70,   355.13,   224.70
  345.24,   358.83,   349.63
  346.53,   476.37,   96.04
  345.08,   480.07,   220.98
  343.62,   483.76,   345.92
  344.92,   601.31,   92.33
  343.46,   605.00,   217.27
  342.01,   608.70,   342.20
  473.13,   353.10,   101.17
  471.68,   356.79,   226.10
  470.22,   360.49,   351.04
  471.52,   478.03,   97.45
  470.06,   481.73,   222.39
  468.61,   485.42,   347.33
  469.90,   602.97,   93.74
  468.44,   606.66,   218.67
  466.99,   610.36,   343.61
  598.11,   354.76,   102.57
  596.66,   358.45,   227.51
  595.20,   362.15,   352.45
  596.50,   479.69,   98.86
  595.04,   483.39,   223.79
  593.59,   487.08,   348.73
  594.88,   604.62,   95.14
  593.42,   608.32,   220.08
  591.97,   612.02,   345.02
  351.14,   351.52,   226.48
  351.31,   353.00,   351.47
  351.49,   354.49,   476.46
  350.04,   476.50,   224.99
  350.22,   477.99,   349.98
  350.39,   479.47,   474.97
  348.95,   601.49,   223.51
  349.12,   602.97,   348.50
  349.29,   604.46,   473.49
  476.13,   352.61,   226.29
  476.31,   354.10,   351.28
  476.48,   355.58,   476.27
  475.04,   477.60,   224.81
  475.21,   479.08,   349.80
  475.39,   480.57,   474.79
  473.94,   602.58,   223.32
  474.11,   604.07,   348.31
  474.29,   605.56,   473.30
  601.13,   353.71,   226.10
  601.30,   355.19,   351.09
  601.48,   356.68,   476.09
  600.03,   478.69,   224.62
  600.21,   480.18,   349.61
  600.38,   481.66,   474.60
  598.94,   603.68,   223.13
  599.11,   605.16,   348.13
  599.28,   606.65,   473.12
  349.41,   348.39,   348.87
  351.78,   348.72,   473.85
  354.15,   349.05,   598.83
  352.41,   473.35,   348.49
  354.78,   473.68,   473.47
  357.15,   474.01,   598.44
  355.42,   598.32,   348.10
  357.79,   598.64,   473.08
  360.16,   598.97,   598.06
  474.35,   345.38,   346.51
  476.72,   345.70,   471.49
  479.09,   346.03,   596.47
  477.35,   470.34,   346.13
  479.72,   470.67,   471.10
  482.09,   471.00,   596.08
  480.36,   595.30,   345.74
  482.73,   595.63,   470.72
  485.10,   595.96,   595.70
  599.29,   342.36,   344.15
  601.66,   342.69,   469.13
  604.03,   343.02,   594.10
  602.30,   467.33,   343.77
  604.67,   467.65,   468.74
  607.04,   467.98,   593.72
  605.30,   592.29,   343.38
  607.67,   592.62,   468.36
  610.04,   592.94,   593.34
  350.65,   351.17,   475.75
  349.50,   351.99,   600.74
  348.35,   352.82,   725.73
  354.33,   476.11,   474.96
  353.18,   476.94,   599.95
  352.04,   477.76,   724.94
  358.01,   601.05,   474.17
  356.86,   601.88,   599.16
  355.72,   602.70,   724.15
  475.59,   347.49,   476.92
  474.44,   348.32,   601.91
  473.30,   349.14,   726.90
  479.27,   472.44,   476.13
  478.12,   473.26,   601.12
  476.98,   474.09,   726.11
  482.95,   597.38,   475.33
  481.80,   598.21,   600.33
  480.66,   599.03,   725.32
  600.53,   343.82,   478.09
  599.38,   344.65,   603.08
  598.24,   345.47,   728.07
  604.21,   468.76,   477.30
  603.06,   469.59,   602.29
  601.92,   470.41,   727.28
  607.89,   593.71,   476.50
  606.74,   594.53,   601.50
  605.60,   595.36,   726.49
  349.66,   348.08,   600.63
  352.87,   347.04,   725.58
  356.08,   346.00,   850.54
  346.79,   473.04,   601.74
  350.00,   472.00,   726.69
  353.22,   470.97,   851.65
  343.93,   598.00,   602.85
  347.14,   596.97,   727.80
  350.35,   595.93,   852.76
  474.58,   350.97,   597.44
  477.79,   349.93,   722.40
  481.01,   348.90,   847.35
  471.72,   475.93,   598.55
  474.93,   474.90,   723.51
  478.14,   473.86,   848.46
  468.85,   600.89,   599.66
  472.07,   599.86,   724.62
  475.28,   598.82,   849.57
  599.51,   353.86,   594.26
  602.72,   352.83,   719.21
  605.93,   351.79,   844.16
  596.64,   478.82,   595.37
  599.86,   477.79,   720.32
  603.07,   476.75,   845.27
  593.78,   603.79,   596.48
  596.99,   602.75,   721.43
  600.20,   601.71,   846.39
  349.04,   476.60,   100.62
  348.06,   476.05,   225.62
  347.09,   475.50,   350.61
  349.16,   601.60,   101.17
  348.18,   601.05,   226.17
  347.21,   600.50,   351.16
  349.28,   726.60,   101.73
  348.30,   726.05,   226.72
  347.33,   725.49,   351.72
  474.04,   476.47,   101.60
  473.06,   475.92,   226.59
  472.08,   475.37,   351.59
  474.16,   601.47,   102.15
  473.18,   600.92,   227.15
  472.20,   600.37,   352.14
  474.28,   726.47,   102.70
  473.30,   725.92,   227.70
  472.32,   725.37,   352.69
  599.03,   476.35,   102.58
  598.06,   475.80,   227.57
  597.08,   475.25,   352.57
  599.15,   601.35,   103.13
  598.18,   600.80,   228.12
  597.20,   600.25,   353.12
  599.27,   726.35,   103.68
  598.30,   725.80,   228.67
  597.32,   725.25,   353.67
  350.00,   476.46,   223.91
  350.54,   478.60,   348.89
  351.08,   480.74,   473.88
  347.83,   601.42,   221.78
  348.37,   603.56,   346.76
  348.91,   605.70,   471.74
  345.66,   726.38,   219.65
  346.20,   728.52,   344.63
  346.74,   730.67,   469.61
  474.98,   478.62,   223.34
  475.52,   480.76,   348.32
  476.06,   482.90,   473.30
  472.81,   603.58,   221.20
  473.35,   605.72,   346.19
  473.89,   607.86,   471.17
  470.64,   728.54,   219.07
  471.18,   730.69,   344.05
  471.72,   732.83,   469.03
  599.96,   480.78,   222.76
  600.50,   482.92,   347.74
  601.04,   485.06,   472.72
  597.79,   605.74,   220.63
  598.33,   607.88,   345.61
  598.87,   610.03,   470.59
  595.62,   730.71,   218.50
  596.16,   732.85,   343.48
  596.70,   734.99,   468.46
  349.64,   474.86,   348.40
  352.30,   474.08,   473.37
  354.96,   473.30,   598.34
  351.13,   599.85,   349.15
  353.79,   599.07,   474.12
  356.45,   598.28,   599.09
  352.62,   724.84,   349.91
  355.28,   724.06,   474.87
  357.94,   723.27,   599.84
  474.61,   473.39,   345.74
  477.26,   472.61,   470.70
  479.92,   471.82,   595.67
  476.10,   598.38,   346.49
  478.75,   597.59,   471.46
  481.41,   596.81,   596.43
  477.59,   723.37,   347.24
  480.24,   722.58,   472.21
  482.90,   721.80,   597.18
  599.57,   471.91,   343.07
  602.23,   471.13,   468.04
  604.88,   470.35,   593.01
  601.06,   596.90,   343.82
  603.72,   596.12,   468.79
  606.37,   595.34,   593.76
  602.55,   721.89,   344.57
  605.21,   721.11,   469.54
  607.86,   720.33,   594.51
  348.21,   473.74,   474.19
  348.97,   471.90,   599.18
  349.73,   470.06,   724.16
  350.60,   598.71,   476.02
  351.35,   596.87,   601.00
  352.11,   595.03,   725.99
  352.98,   723.67,   477.84
  353.74,   721.83,   602.83
  354.49,   719.99,   727.81
  473.19,   471.37,   473.40
  473.95,   469.53,   598.39
  474.70,   467.69,   723.37
  475.57,   596.33,   475.23
  476.33,   594.49,   600.21
  477.09,   592.65,   725.19
  477.95,   721.30,   477.05
  478.71,   719.46,   602.03
  479.47,   717.62,   727.02
  598.16,   469.00,   472.61
  598.92,   467.16,   597.59
  599.68,   465.32,   722.58
  600.55,   593.96,   474.43
  601.30,   592.12,   599.42
  602.06,   590.28,   724.40
  602.93,   718.93,   476.26
  603.69,   717.09,   601.24
  604.44,   715.25,   726.23
  349.44,   474.60,   598.36
  345.77,   471.22,   723.26
  342.10,   467.84,   848.16
  347.52,   599.54,   601.68
  343.84,   596.16,   726.58
  340.17,   592.78,   851.48
  345.59,   724.48,   605.01
  341.92,   721.10,   729.91
  338.25,   717.72,   854.81
  474.37,   476.43,   602.08
  470.70,   473.04,   726.98
  467.03,   469.66,   851.88
  472.45,   601.37,   605.40
  468.77,   597.98,   730.30
  465.10,   594.60,   855.21
  470.52,   726.31,   608.73
  466.85,   722.93,   733.63
  463.18,   719.54,   858.53
  599.30,   478.25,   605.80
  595.63,   474.87,   730.70
  591.96,   471.49,   855.60
  597.38,   603.19,   609.13
  593.71,   599.81,   734.03
  590.03,   596.43,   858.93
  595.45,   728.13,   612.45
  591.78,   724.75,   737.35
  588.11,   721.37,   862.25
  350.82,   598.19,   101.99
  354.26,   594.40,   226.89
  357.71,   590.61,   351.78
  354.37,   723.08,   105.68
  357.82,   719.30,   230.58
  361.27,   715.51,   355.47
  357.93,   847.98,   109.37
  361.38,   844.19,   234.27
  364.83,   840.40,   359.16
  475.72,   594.74,   98.44
  479.17,   590.95,   223.33
  482.62,   587.16,   348.23
  479.27,   719.63,   102.13
  482.72,   715.84,   227.02
  486.17,   712.05,   351.92
  482.83,   844.52,   105.82
  486.28,   840.74,   230.71
  489.73,   836.95,   355.61
  600.62,   591.28,   94.89
  604.07,   587.49,   219.78
  607.52,   583.71,   344.68
  604.18,   716.18,   98.57
  607.63,   712.39,   223.47
  611.08,   708.60,   348.36
  607.73,   841.07,   102.26
  611.18,   837.28,   227.16
  614.63,   833.50,   352.05
  348.46,   598.48,   224.78
  350.34,   601.13,   349.74
  352.21,   603.78,   474.70
  347.33,   723.44,   222.15
  349.21,   726.10,   347.10
  351.09,   728.75,   472.06
  346.21,   848.41,   219.51
  348.08,   851.06,   344.47
  349.96,   853.72,   469.43
  473.44,   599.57,   222.88
  475.32,   602.22,   347.84
  477.19,   604.87,   472.80
  472.31,   724.53,   220.25
  474.19,   727.19,   345.21
  476.07,   729.84,   470.16
  471.19,   849.50,   217.61
  473.06,   852.15,   342.57
  474.94,   854.80,   467.53
  598.42,   600.65,   220.98
  600.30,   603.31,   345.94
  602.17,   605.96,   470.90
  597.30,   725.62,   218.35
  599.17,   728.27,   343.31
  601.05,   730.93,   468.26
  596.17,   850.59,   215.71
  598.04,   853.24,   340.67
  599.92,   855.89,   465.63
  348.90,   601.60,   351.51
  347.51,   600.49,   476.49
  346.13,   599.37,   601.48
  352.62,   726.54,   352.66
  351.24,   725.43,   477.65
  349.85,   724.31,   602.64
  356.35,   851.48,   353.82
  354.96,   850.37,   478.80
  353.58,   849.25,   603.79
  473.83,   597.87,   352.86
  472.45,   596.75,   477.84
  471.06,   595.64,   602.83
  477.56,   722.80,   354.01
  476.17,   721.69,   479.00
  474.79,   720.57,   603.99
  481.28,   847.74,   355.17
  479.90,   846.63,   480.16
  478.51,   845.51,   605.14
  598.77,   594.13,   354.21
  597.39,   593.01,   479.19
  596.00,   591.90,   604.18
  602.50,   719.07,   355.36
  601.11,   717.95,   480.35
  599.73,   716.84,   605.34
  606.22,   844.01,   356.52
  604.84,   842.89,   481.51
  603.45,   841.78,   606.49
  350.30,   600.44,   473.65
  350.95,   600.14,   598.65
  351.60,   599.83,   723.65
  347.12,   725.40,   473.97
  347.76,   725.09,   598.97
  348.41,   724.79,   723.97
  343.93,   850.36,   474.29
  344.58,   850.05,   599.29
  345.22,   849.75,   724.29
  475.26,   603.63,   473.01
  475.91,   603.32,   598.01
  476.56,   603.02,   723.01
  472.07,   728.59,   473.33
  472.72,   728.28,   598.33
  473.37,   727.98,   723.33
  468.89,   853.55,   473.65
  469.53,   853.24,   598.65
  470.18,   852.94,   723.65
  600.22,   606.82,   472.37
  600.87,   606.51,   597.37
  601.51,   606.21,   722.37
  597.03,   731.78,   472.69
  597.68,   731.47,   597.69
  598.33,   731.17,   722.69
  593.85,   856.74,   473.01
  594.49,   856.43,   598.01
  595.14,   856.13,   723.01
  348.07,   598.45,   598.16
  348.86,   599.78,   723.15
  349.64,   601.11,   848.14
  346.63,   723.43,   596.84
  347.41,   724.76,   721.83
  348.20,   726.10,   846.82
  345.18,   848.42,   595.52
  345.97,   849.75,   720.51
  346.75,   851.08,   845.50
  473.06,   599.88,   597.36
  473.85,   601.21,   722.35
  474.63,   602.55,   847.34
  471.62,   724.87,   596.04
  472.40,   726.20,   721.03
  473.19,   727.53,   846.02
  470.17,   849.85,   594.72
  470.96,   851.18,   719.71
  471.74,   852.52,   844.70
  598.05,   601.32,   596.56
  598.84,   602.65,   721.55
  599.62,   603.98,   846.54
  596.61,   726.30,   595.24
  597.39,   727.64,   720.23
  598.18,   728.97,   845.22
  595.16,   851.29,   593.92
  595.95,   852.62,   718.91
  596.73,   853.95,   843.90
  476.00,   99.13,   98.99
  478.78,   95.89,   223.92
  481.56,   92.64,   348.84
  473.13,   224.05,   102.30
  475.91,   220.81,   227.22
  478.69,   217.57,   352.15
  470.26,   348.97,   105.60
  473.04,   345.73,   230.53
  475.82,   342.49,   355.45
  600.93,   102.07,   96.28
  603.72,   98.83,   221.21
  606.50,   95.59,   346.14
  598.06,   226.99,   99.59
  600.85,   223.75,   224.51
  603.63,   220.51,   349.44
  595.19,   351.92,   102.89
  597.98,   348.67,   227.82
  600.76,   345.43,   352.75
  725.87,   105.01,   93.57
  728.65,   101.77,   218.50
  731.44,   98.53,   343.43
  723.00,   229.93,   96.88
  725.78,   226.69,   221.81
  728.57,   223.45,   346.73
  720.13,   354.86,   100.19
  722.91,   351.62,   225.11
  725.70,   348.37,   350.04
  473.50,   99.68,   224.98
  473.10,   96.61,   349.95
  472.69,   93.55,   474.91
  475.64,   224.62,   228.06
  475.24,   221.56,   353.02
  474.83,   218.49,   477.98
  477.78,   349.56,   231.13
  477.37,   346.50,   356.09
  476.97,   343.43,   481.05
  598.48,   97.53,   225.34
  598.08,   94.46,   350.30
  597.67,   91.40,   475.26
  600.62,   222.47,   228.41
  600.22,   219.41,   353.37
  599.81,   216.34,   478.33
  602.76,   347.42,   231.48
  602.35,   344.35,   356.44
  601.95,   341.29,   481.40
  723.46,   95.38,   225.69
  723.06,   92.32,   350.65
  722.66,   89.25,   475.61
  725.60,   220.33,   228.76
  725.20,   217.26,   353.72
  724.79,   214.20,   478.68
  727.74,   345.27,   231.83
  727.34,   342.21,   356.79
  726.93,   339.14,   481.75
  476.14,   98.61,   350.48
  472.46,   99.00,   475.42
  468.78,   99.39,   600.37
  475.67,   223.61,   350.07
  471.98,   224.00,   475.02
  468.30,   224.39,   599.96
  475.19,   348.61,   349.67
  471.51,   349.00,   474.61
  467.83,   349.38,   599.56
  601.09,   99.10,   354.16
  597.40,   99.48,   479.10
  593.72,   99.87,   604.05
  600.61,   224.09,   353.75
  596.93,   224.48,   478.70
  593.25,   224.87,   603.64
  600.14,   349.09,   353.35
  596.45,   349.48,   478.29
  592.77,   349.87,   603.24
  726.03,   99.58,   357.84
  722.35,   99.97,   482.78
  718.67,   100.36,   607.73
  725.56,   224.58,   357.43
  721.87,   224.97,   482.38
  718.19,   225.36,   607.32
  725.08,   349.58,   357.03
  721.40,   349.97,   481.98
  717.72,   350.36,   606.92
  475.46,   98.81,   473.79
  477.39,   99.84,   598.77
  479.32,   100.87,   723.75
  478.70,   223.76,   472.71
  480.62,   224.79,   597.69
  482.55,   225.83,   722.67
  481.93,   348.72,   471.63
  483.86,   349.75,   596.61
  485.79,   350.78,   721.59
  600.41,   95.56,   471.89
  602.33,   96.59,   596.87
  604.26,   97.62,   721.85
  603.64,   220.51,   470.81
  605.57,   221.54,   595.79
  607.50,   222.58,   720.77
  606.87,   345.46,   469.72
  608.80,   346.50,   594.71
  610.73,   347.53,   719.69
  725.35,   92.31,   469.99
  727.28,   93.34,   594.97
  729.21,   94.37,   719.95
  728.58,   217.26,   468.91
  730.51,   218.29,   593.89
  732.44,   219.33,   718.87
  731.82,   342.21,   467.82
  733.75,   343.25,   592.80
  735.67,   344.28,   717.79
  473.45,   98.19,   601.19
  473.38,   94.63,   726.13
  473.31,   91.08,   851.08
  471.94,   223.13,   604.74
  471.87,   219.57,   729.69
  471.80,   216.02,   854.64
  470.43,   348.07,   608.29
  470.36,   344.51,   733.24
  470.29,   340.96,   858.19
  598.44,   99.70,   601.30
  598.37,   96.14,   726.25
  598.30,   92.58,   851.20
  596.93,   224.64,   604.86
  596.86,   221.08,   729.81
  596.79,   217.52,   854.75
  595.42,   349.58,   608.41
  595.35,   346.02,   733.36
  595.28,   342.46,   858.31
  723.44,   101.20,   601.42
  723.36,   97.65,   726.37
  723.29,   94.09,   851.32
  721.92,   226.14,   604.97
  721.85,   222.59,   729.92
  721.78,   219.03,   854.87
  720.41,   351.08,   608.53
  720.34,   347.53,   733.48
  720.27,   343.97,   858.43
  476.41,   223.52,   101.25
  476.83,   225.04,   226.24
  477.25,   226.55,   351.23
  474.98,   348.50,   99.74
  475.40,   350.02,   224.73
  475.81,   351.53,   349.72
  473.55,   473.49,   98.23
  473.96,   475.00,   223.22
  474.38,   476.52,   348.21
  601.41,   224.95,   100.82
  601.82,   226.47,   225.81
  602.24,   227.98,   350.80
  599.97,   349.93,   99.31
  600.39,   351.45,   224.30
  600.80,   352.96,   349.29
  598.54,   474.92,   97.80
  598.95,   476.43,   222.79
  599.37,   477.95,   347.78
  726.40,   226.38,   100.39
  726.81,   227.89,   225.38
  727.23,   229.41,   350.37
  724.96,   351.36,   98.88
  725.38,   352.88,   223.87
  725.79,   354.39,   348.86
  723.53,   476.34,   97.37
  723.95,   477.86,   222.36
  724.36,   479.37,   347.35
  475.67,   223.47,   223.07
  476.04,   220.35,   348.03
  476.41,   217.23,   472.99
  477.96,   348.41,   226.18
  478.32,   345.29,   351.14
  478.69,   342.17,   476.10
  480.24,   473.35,   229.29
  480.61,   470.23,   354.25
  480.97,   467.11,   479.21
  600.65,   221.20,   222.64
  601.02,   218.08,   347.60
  601.39,   214.96,   472.56
  602.93,   346.14,   225.75
  603.30,   343.02,   350.71
  603.67,   339.90,   475.67
  605.22,   471.08,   228.86
  605.59,   467.96,   353.83
  605.95,   464.84,   478.79
  725.63,   218.92,   222.22
  726.00,   215.81,   347.18
  726.37,   212.69,   472.14
  727.91,   343.86,   225.33
  728.28,   340.75,   350.29
  728.65,   337.63,   475.25
  730.20,   468.81,   228.44
  730.56,   465.69,   353.40
  730.93,   462.57,   478.36
  475.76,   225.04,   348.57
  477.12,   223.84,   473.56
  478.48,   222.64,   598.54
  476.25,   350.03,   349.76
  477.61,   348.83,   474.75
  478.97,   347.64,   599.73
  476.75,   475.03,   350.95
  478.11,   473.83,   475.94
  479.46,   472.63,   600.93
  600.75,   224.56,   347.21
  602.11,   223.36,   472.19
  603.47,   222.16,   597.18
  601.25,   349.55,   348.40
  602.60,   348.35,   473.38
  603.96,   347.16,   598.37
  601.74,   474.54,   349.59
  603.10,   473.35,   474.58
  604.46,   472.15,   599.56
  725.74,   224.08,   345.84
  727.10,   222.88,   470.83
  728.46,   221.68,   595.82
  726.24,   349.07,   347.03
  727.60,   347.87,   472.02
  728.95,   346.68,   597.01
  726.73,   474.06,   348.23
  728.09,   472.87,   473.21
  729.45,   471.67,   598.20
  473.66,   224.44,   476.66
  474.32,   224.37,   601.66
  474.97,   224.30,   726.66
  477.22,   349.39,   476.72
  477.87,   349.32,   601.72
  478.53,   349.24,   726.71
  480.77,   474.34,   476.77
  481.43,   474.27,   601.77
  482.08,   474.19,   726.77
  598.61,   220.89,   476.01
  599.27,   220.82,   601.00
  599.92,   220.74,   726.00
  602.17,   345.84,   476.06
  602.82,   345.76,   601.06
  603.48,   345.69,   726.06
  605.72,   470.79,   476.12
  606.37,   470.71,   601.11
  607.03,   470.64,   726.11
  723.56,   217.33,   475.35
  724.21,   217.26,   600.35
  724.87,   217.19,   725.35
  727.11,   342.28,   475.40
  727.77,   342.21,   600.40
  728.42,   342.14,   725.40
  730.67,   467.23,   475.46
  731.32,   467.16,   600.46
  731.98,   467.09,   725.46
  476.81,   223.37,   598.14
  474.99,   219.65,   723.07
  473.17,   215.94,   848.01
  476.21,   348.31,   601.85
  474.39,   344.60,   726.78
  472.57,   340.88,   851.71
  475.61,   473.25,   605.55
  473.79,   469.54,   730.48
  471.97,   465.83,   855.42
  601.80,   223.91,   599.98
  599.98,   220.20,   724.91
  598.16,   216.49,   849.84
  601.20,   348.86,   603.69
  599.38,   345.14,   728.62
  597.56,   341.43,   853.55
  600.60,   473.80,   607.39
  598.78,   470.09,   732.32
  596.96,   466.37,   857.25
  726.79,   224.46,   601.82
  724.96,   220.75,   726.75
  723.14,   217.03,   851.68
  726.18,   349.40,   605.52
  724.36,   345.69,   730.46
  722.54,   341.98,   855.39
  725.58,   474.35,   609.23
  723.76,   470.63,   734.16
  721.94,   466.92,   859.09
  476.61,   349.47,   100.08
  476.33,   349.39,   225.08
  476.06,   349.32,   350.08
  476.61,   474.47,   100.16
  476.33,   474.39,   225.16
  476.06,   474.32,   350.15
  476.61,   599.47,   100.23
  476.33,   599.39,   225.23
  476.06,   599.32,   350.23
  601.61,   349.47,   100.36
  601.33,   349.39,   225.35
  601.06,   349.32,   350.35
  601.61,   474.47,   100.43
  601.33,   474.39,   225.43
  601.06,   474.32,   350.43
  601.61,   599.47,   100.50
  601.33,   599.39,   225.50
  601.06,   599.32,   350.50
  726.61,   349.47,   100.63
  726.33,   349.39,   225.63
  726.06,   349.32,   350.63
  726.61,   474.47,   100.70
  726.33,   474.39,   225.70
  726.06,   474.32,   350.70
  726.61,   599.47,   100.78
  726.33,   599.39,   225.78
  726.06,   599.32,   350.78
  476.44,   349.29,   226.53
  475.69,   352.87,   351.48
  474.95,   356.46,   476.43
  474.64,   474.23,   222.94
  473.90,   477.81,   347.89
  473.15,   481.39,   472.83
  472.84,   599.16,   219.34
  472.10,   602.75,   344.29
  471.35,   606.33,   469.24
  601.42,   351.11,   227.23
  600.68,   354.69,   352.17
  599.94,   358.28,   477.12
  599.62,   476.04,   223.63
  598.88,   479.63,   348.58
  598.14,   483.21,   473.52
  597.83,   600.98,   220.04
  597.08,   604.56,   344.98
  596.34,   608.15,   469.93
  726.41,   352.93,   227.92
  725.66,   356.51,   352.86
  724.92,   360.10,   477.81
  724.61,   477.86,   224.32
  723.87,   481.45,   349.27
  723.12,   485.03,   474.22
  722.81,   602.80,   220.73
  722.07,   606.38,   345.67
  721.32,   609.97,   470.62
  476.07,   349.21,   349.04
  476.59,   348.54,   474.04
  477.10,   347.87,   599.04
  475.07,   474.20,   349.72
  475.59,   473.53,   474.71
  476.10,   472.86,   599.71
  474.07,   599.19,   350.39
  474.59,   598.53,   475.39
  475.10,   597.86,   600.38
  601.07,   350.21,   348.53
  601.58,   349.54,   473.53
  602.10,   348.87,   598.53
  600.07,   475.20,   349.21
  600.58,   474.53,   474.20
  601.10,   473.87,   599.20
  599.07,   600.20,   349.88
  599.58,   599.53,   474.88
  600.10,   598.86,   599.87
  726.06,   351.21,   348.03
  726.58,   350.54,   473.02
  727.09,   349.87,   598.02
  725.06,   476.20,   348.70
  725.58,   475.54,   473.69
  726.09,   474.87,   598.69
  724.06,   601.20,   349.37
  724.58,   600.53,   474.37
  725.09,   599.86,   599.36
  476.12,   348.87,   473.51
  476.29,   349.10,   598.51
  476.45,   349.32,   723.51
  477.47,   473.87,   473.29
  477.64,   474.09,   598.29
  477.81,   474.31,   723.29
  478.82,   598.86,   473.07
  478.99,   599.08,   598.07
  479.16,   599.30,   723.07
  601.11,   347.52,   473.35
  601.28,   347.74,   598.35
  601.45,   347.97,   723.35
  602.46,   472.51,   473.13
  602.63,   472.74,   598.12
  602.80,   472.96,   723.12
  603.82,   597.51,   472.90
  603.98,   597.73,   597.90
  604.15,   597.95,   722.90
  726.10,   346.17,   473.18
  726.27,   346.39,   598.18
  726.44,   346.61,   723.18
  727.46,   471.16,   472.96
  727.62,   471.38,   597.96
  727.79,   471.61,   722.96
  728.81,   596.15,   472.74
  728.97,   596.38,   597.74
  729.14,   596.60,   722.74
  476.23,   348.63,   601.48
  477.40,   347.83,   726.47
  478.57,   347.04,   851.46
  477.57,   473.62,   602.26
  478.74,   472.82,   727.26
  479.92,   472.03,   852.25
  478.91,   598.61,   603.05
  480.09,   597.81,   728.04
  481.26,   597.02,   853.03
  601.22,   347.30,   600.30
  602.39,   346.50,   725.29
  603.56,   345.70,   850.28
  602.56,   472.29,   601.08
  603.73,   471.49,   726.08
  604.90,   470.69,   851.07
  603.90,   597.28,   601.87
  605.07,   596.48,   726.86
  606.25,   595.68,   851.85
  726.21,   345.96,   599.12
  727.38,   345.16,   724.11
  728.55,   344.37,   849.10
  727.55,   470.95,   599.90
  728.72,   470.15,   724.90
  729.89,   469.36,   849.89
  728.89,   595.94,   600.69
  730.06,   595.15,   725.68
  731.23,   594.35,   850.67
  476.92,   476.77,   99.72
  478.41,   480.32,   224.66
  479.91,   483.86,   349.60
  473.37,   601.67,   96.22
  474.87,   605.22,   221.16
  476.36,   608.76,   346.10
  469.82,   726.57,   92.72
  471.32,   730.12,   217.66
  472.82,   733.66,   342.60
  601.86,   480.27,   98.12
  603.35,   483.82,   223.06
  604.85,   487.37,   348.00
  598.31,   605.18,   94.62
  599.81,   608.72,   219.56
  601.30,   612.27,   344.50
  594.76,   730.08,   91.12
  596.26,   733.62,   216.06
  597.76,   737.17,   341.00
  726.80,   483.78,   96.53
  728.30,   487.32,   221.47
  729.79,   490.87,   346.41
  723.25,   608.68,   93.02
  724.75,   612.22,   217.97
  726.24,   615.77,   342.91
  719.70,   733.58,   89.52
  721.20,   737.13,   214.46
  722.70,   740.67,   339.40
  476.47,   475.25,   225.21
  478.07,   478.15,   350.16
  479.67,   481.05,   475.12
  478.48,   600.20,   222.29
  480.08,   603.10,   347.24
  481.68,   606.00,   472.20
  480.49,   725.15,   219.36
  482.10,   728.05,   344.32
  483.70,   730.95,   469.28
  601.44,   473.20,   223.65
  603.04,   476.10,   348.61
  604.64,   479.00,   473.57
  603.45,   598.15,   220.73
  605.06,   601.05,   345.69
  606.66,   603.95,   470.64
  605.47,   723.10,   217.81
  607.07,   726.00,   342.76
  608.67,   728.90,   467.72
  726.41,   471.15,   222.10
  728.01,   474.05,   347.06
  729.62,   476.95,   472.01
  728.43,   596.10,   219.18
  730.03,   599.00,   344.13
  731.63,   601.90,   469.09
  730.44,   721.05,   216.25
  732.04,   723.95,   341.21
  733.65,   726.85,   466.17
  473.61,   476.69,   348.93
  474.45,   478.58,   473.92
  475.29,   480.46,   598.90
  476.76,   601.63,   347.02
  477.60,   603.52,   472.01
  478.44,   605.41,   596.99
  479.91,   726.58,   345.11
  480.75,   728.47,   470.10
  481.60,   730.36,   595.08
  598.57,   473.52,   348.14
  599.41,   475.41,   473.12
  600.25,   477.30,   598.11
  601.72,   598.47,   346.23
  602.56,   600.36,   471.21
  603.40,   602.24,   596.20
  604.87,   723.41,   344.32
  605.71,   725.30,   469.31
  606.55,   727.19,   594.29
  723.52,   470.36,   347.35
  724.36,   472.24,   472.33
  725.20,   474.13,   597.31
  726.68,   595.30,   345.44
  727.52,   597.19,   470.42
  728.36,   599.08,   595.40
  729.83,   720.25,   343.53
  730.67,   722.14,   468.51
  731.51,   724.02,   593.50
  473.54,   473.28,   475.16
  470.18,   471.03,   600.09
  466.82,   468.78,   725.03
  475.49,   598.25,   477.46
  472.13,   596.00,   602.40
  468.77,   593.74,   727.33
  477.44,   723.21,   479.77
  474.08,   720.96,   604.70
  470.72,   718.71,   729.64
  598.48,   471.28,   478.48
  595.12,   469.02,   603.42
  591.76,   466.77,   728.35
  600.43,   596.24,   480.79
  597.07,   593.99,   605.72
  593.71,   591.74,   730.66
  602.38,   721.20,   483.09
  599.02,   718.95,   608.03
  595.66,   716.70,   732.96
  723.42,   469.27,   481.81
  720.06,   467.02,   606.74
  716.70,   464.76,   731.67
  725.37,   594.23,   484.11
  722.01,   591.98,   609.05
  718.65,   589.73,   733.98
  727.32,   719.19,   486.42
  723.96,   716.94,   611.35
  720.60,   714.69,   736.28
  474.21,   474.16,   601.69
  475.68,   471.18,   726.64
  477.14,   468.20,   851.60
  475.84,   599.11,   604.65
  477.30,   596.13,   729.60
  478.76,   593.15,   854.56
  477.46,   724.07,   607.61
  478.92,   721.09,   732.57
  480.39,   718.11,   857.52
  599.19,   472.57,   600.18
  600.66,   469.59,   725.14
  602.12,   466.61,   850.10
  600.82,   597.53,   603.15
  602.28,   594.54,   728.10
  603.74,   591.56,   853.06
  602.44,   722.48,   606.11
  603.90,   719.50,   731.07
  605.37,   716.52,   856.02
  724.17,   470.98,   598.68
  725.64,   468.00,   723.64
  727.10,   465.02,   848.60
  725.80,   595.94,   601.65
  727.26,   592.96,   726.60
  728.72,   589.97,   851.56
  727.42,   720.89,   604.61
  728.88,   717.91,   729.56
  730.35,   714.93,   854.52
  473.39,   599.96,   100.03
  473.45,   602.82,   225.00
  473.52,   605.68,   349.97
  473.41,   724.93,   97.17
  473.48,   727.79,   222.14
  473.54,   730.65,   347.11
  473.43,   849.89,   94.31
  473.50,   852.75,   219.28
  473.56,   855.61,   344.25
  598.39,   599.94,   99.97
  598.45,   602.80,   224.93
  598.52,   605.66,   349.90
  598.41,   724.90,   97.11
  598.48,   727.76,   222.07
  598.54,   730.62,   347.04
  598.43,   849.87,   94.25
  598.50,   852.73,   219.21
  598.56,   855.59,   344.18
  723.39,   599.91,   99.90
  723.45,   602.77,   224.87
  723.52,   605.63,   349.83
  723.41,   724.88,   97.04
  723.48,   727.74,   222.01
  723.54,   730.60,   346.97
  723.43,   849.85,   94.18
  723.50,   852.71,   219.15
  723.56,   855.57,   344.11
  473.56,   598.96,   226.37
  475.96,   597.82,   351.34
  478.36,   596.67,   476.31
  473.43,   723.96,   227.52
  475.82,   722.81,   352.49
  478.22,   721.67,   477.46
  473.29,   848.95,   228.66
  475.68,   847.81,   353.64
  478.08,   846.66,   478.61
  598.54,   599.12,   223.97
  600.94,   597.98,   348.94
  603.33,   596.83,   473.92
  598.40,   724.12,   225.12
  600.80,   722.97,   350.09
  603.20,   721.83,   475.06
  598.27,   849.11,   226.27
  600.66,   847.97,   351.24
  603.06,   846.82,   476.21
  723.52,   599.28,   221.58
  725.91,   598.14,   346.55
  728.31,   596.99,   471.52
  723.38,   724.28,   222.73
  725.78,   723.13,   347.70
  728.17,   721.99,   472.67
  723.24,   849.27,   223.88
  725.64,   848.13,   348.85
  728.03,   846.98,   473.82
  476.06,   600.89,   348.83
  473.64,   600.31,   473.80
  471.22,   599.73,   598.78
  473.67,   725.86,   349.36
  471.25,   725.29,   474.33
  468.83,   724.71,   599.31
  471.28,   850.84,   349.89
  468.86,   850.26,   474.87
  466.44,   849.68,   599.84
  601.01,   603.27,   351.26
  598.59,   602.69,   476.23
  596.17,   602.11,   601.21
  598.62,   728.24,   351.79
  596.20,   727.66,   476.76
  593.78,   727.09,   601.74
  596.23,   853.22,   352.32
  593.81,   852.64,   477.30
  591.39,   852.06,   602.27
  725.97,   605.65,   353.69
  723.55,   605.07,   478.66
  721.13,   604.49,   603.64
  723.58,   730.62,   354.22
  721.16,   730.04,   479.20
  718.74,   729.47,   604.17
  721.19,   855.60,   354.75
  718.77,   855.02,   479.73
  716.35,   854.44,   604.70
  476.68,   600.28,   474.80
  474.26,   601.72,   599.77
  471.85,   603.17,   724.74
  478.36,   725.26,   473.39
  475.95,   726.71,   598.36
  473.53,   728.15,   723.32
  480.05,   850.24,   471.97
  477.63,   851.69,   596.94
  475.21,   853.13,   721.91
  601.64,   598.62,   477.24
  599.23,   600.07,   602.21
  596.81,   601.52,   727.17
  603.33,   723.60,   475.82
  600.91,   725.05,   600.79
  598.50,   726.50,   725.76
  605.01,   848.58,   474.41
  602.60,   850.03,   599.38
  600.18,   851.48,   724.34
  726.61,   596.97,   479.67
  724.19,   598.41,   604.64
  721.78,   599.86,   729.61
  728.29,   721.95,   478.26
  725.88,   723.40,   603.23
  723.46,   724.84,   728.19
  729.98,   846.93,   476.84
  727.56,   848.38,   601.81
  725.15,   849.82,   726.78
  473.04,   598.85,   601.20
  474.11,   595.79,   726.16
  475.17,   592.73,   851.11
  473.79,   723.81,   604.25
  474.85,   720.75,   729.21
  475.91,   717.69,   854.17
  474.54,   848.77,   607.31
  475.60,   845.71,   732.27
  476.66,   842.65,   857.23
  598.04,   598.13,   600.12
  599.10,   595.07,   725.08
  600.16,   592.01,   850.03
  598.79,   723.09,   603.18
  599.85,   720.03,   728.13
  600.91,   716.97,   853.09
  599.53,   848.05,   606.23
  600.59,   844.99,   731.19
  601.65,   841.93,   856.15
  723.03,   597.41,   599.04
  724.09,   594.35,   724.00
  725.15,   591.28,   848.96
  723.78,   722.37,   602.10
  724.84,   719.31,   727.05
  725.90,   716.24,   852.01
  724.53,   847.33,   605.15
  725.59,   844.27,   730.11
  726.65,   841.21,   855.07
  601.06,   100.70,   99.09
  603.51,   99.19,   224.06
  605.96,   97.68,   349.03
  603.05,   225.68,   100.57
  605.50,   224.16,   225.53
  607.95,   222.65,   350.50
  605.03,   350.65,   102.04
  607.49,   349.14,   227.01
  609.94,   347.63,   351.97
  726.02,   98.74,   96.62
  728.47,   97.23,   221.58
  730.92,   95.72,   346.55
  728.01,   223.72,   98.09
  730.46,   222.21,   223.06
  732.91,   220.69,   348.02
  729.99,   348.69,   99.57
  732.45,   347.18,   224.53
  734.90,   345.67,   349.50
  850.98,   96.78,   94.14
  853.43,   95.27,   219.11
  855.88,   93.76,   344.07
  852.97,   221.76,   95.62
  855.42,   220.25,   220.58
  857.87,   218.73,   345.55
  854.95,   346.73,   97.09
  857.41,   345.22,   222.06
  859.86,   343.71,   347.02
  598.43,   99.30,   223.42
  601.15,   97.63,   348.38
  603.87,   95.96,   473.34
  596.11,   224.26,   225.14
  598.83,   222.60,   350.10
  601.55,   220.93,   475.06
  593.79,   349.23,   226.86
  596.51,   347.56,   351.82
  599.23,   345.89,   476.78
  723.38,   101.66,   220.74
  726.10,   99.99,   345.70
  728.82,   98.32,   470.65
  721.06,   226.62,   222.45
  723.78,   224.95,   347.41
  726.50,   223.29,   472.37
  718.74,   351.59,   224.17
  721.46,   349.92,   349.13
  724.17,   348.25,   474.09
  848.33,   104.01,   218.05
  851.05,   102.35,   343.01
  853.77,   100.68,   467.97
  846.01,   228.98,   219.77
  848.73,   227.31,   344.73
  851.45,   225.65,   469.69
  843.69,   353.95,   221.49
  846.40,   352.28,   346.45
  849.12,   350.61,   471.40
  598.18,   99.18,   349.88
  594.82,   100.67,   474.83
  591.46,   102.16,   599.77
  594.63,   224.12,   348.29
  591.27,   225.61,   473.24
  587.91,   227.10,   598.19
  591.08,   349.06,   346.71
  587.72,   350.55,   471.66
  584.36,   352.04,   596.60
  723.08,   102.77,   353.19
  719.72,   104.26,   478.14
  716.37,   105.75,   603.08
  719.53,   227.71,   351.61
  716.17,   229.20,   476.55
  712.82,   230.69,   601.50
  715.98,   352.65,   350.02
  712.63,   354.14,   474.97
  709.27,   355.63,   599.91
  847.98,   106.36,   356.51
  844.63,   107.85,   481.45
  841.27,   109.34,   606.40
  844.44,   231.30,   354.92
  841.08,   232.79,   479.87
  837.72,   234.28,   604.81
  840.89,   356.24,   353.34
  837.53,   357.73,   478.28
  834.17,   359.22,   603.23
  600.88,   98.30,   475.60
  598.20,   96.46,   600.56
  595.53,   94.62,   725.52
  599.87,   223.29,   477.42
  597.19,   221.45,   602.38
  594.51,   219.61,   727.34
  598.85,   348.27,   479.24
  596.17,   346.43,   604.20
  593.50,   344.59,   729.16
  725.85,   99.28,   478.30
  723.17,   97.44,   603.25
  720.49,   95.60,   728.21
  724.83,   224.26,   480.11
  722.16,   222.42,   605.07
  719.48,   220.58,   730.03
  723.82,   349.24,   481.93
  721.14,   347.40,   606.89
  718.46,   345.57,   731.85
  850.82,   100.25,   480.99
  848.14,   98.42,   605.95
  845.46,   96.58,   730.90
  849.80,   225.24,   482.81
  847.12,   223.40,   607.76
  844.45,   221.56,   732.72
  848.79,   350.22,   484.63
  846.11,   348.38,   609.58
  843.43,   346.54,   734.54
  601.90,   101.66,   601.81
  603.18,   100.71,   726.80
  604.46,   99.77,   851.79
  599.42,   226.63,   602.78
  600.70,   225.68,   727.77
  601.98,   224.74,   852.76
  596.94,   351.60,   603.75
  598.22,   350.66,   728.74
  599.50,   349.71,   853.73
  726.87,   104.15,   600.55
  728.15,   103.20,   725.54
  729.43,   102.26,   850.53
  724.39,   229.12,   601.52
  725.67,   228.18,   726.51
  726.95,   227.23,   851.50
  721.91,   354.09,   602.49
  723.19,   353.15,   727.48
  724.47,   352.20,   852.47
  851.84,   106.64,   599.29
  853.12,   105.70,   724.28
  854.40,   104.75,   849.27
  849.36,   231.61,   600.26
  850.64,   230.67,   725.25
  851.92,   229.72,   850.24
  846.88,   356.58,   601.23
  848.16,   355.64,   726.22
  849.44,   354.69,   851.21
  599.51,   224.05,   98.92
  596.71,   221.79,   223.87
  593.90,   219.53,   348.82
  598.24,   349.02,   101.15
  595.43,   346.76,   226.10
  592.62,   344.50,   351.05
  596.96,   474.00,   103.38
  594.15,   471.74,   228.33
  591.34,   469.48,   353.28
  724.48,   225.27,   101.75
  721.67,   223.01,   226.70
  718.86,   220.75,   351.65
  723.20,   350.25,   103.99
  720.39,   347.99,   228.93
  717.58,   345.73,   353.88
  721.93,   475.22,   106.22
  719.12,   472.96,   231.16
  716.31,   470.70,   356.11
  849.44,   226.50,   104.59
  846.63,   224.24,   229.53
  843.82,   221.98,   354.48
  848.16,   351.47,   106.82
  845.35,   349.21,   231.77
  842.54,   346.95,   356.71
  846.89,   476.44,   109.05
  844.08,   474.19,   234.00
  841.27,   471.93,   358.94
  598.78,   223.98,   223.60
  597.52,   223.88,   348.60
  596.26,   223.77,   473.59
  598.31,   348.98,   223.70
  597.05,   348.87,   348.69
  595.79,   348.77,   473.69
  597.84,   473.98,   223.80
  596.58,   473.87,   348.79
  595.32,   473.77,   473.78
  723.78,   224.45,   224.86
  722.52,   224.35,   349.86
  721.26,   224.25,   474.85
  723.30,   349.45,   224.96
  722.04,   349.35,   349.95
  720.78,   349.25,   474.95
  722.83,   474.45,   225.06
  721.57,   474.35,   350.05
  720.31,   474.24,   475.04
  848.77,   224.92,   226.12
  847.51,   224.82,   351.12
  846.25,   224.72,   476.11
  848.30,   349.92,   226.22
  847.04,   349.82,   351.21
  845.78,   349.72,   476.21
  847.82,   474.92,   226.32
  846.56,   474.82,   351.31
  845.30,   474.72,   476.30
  599.51,   226.91,   350.20
  600.27,   223.78,   475.16
  601.03,   220.65,   600.12
  596.69,   351.83,   353.34
  597.45,   348.71,   478.30
  598.21,   345.58,   603.26
  593.87,   476.76,   356.48
  594.63,   473.64,   481.44
  595.39,   470.51,   606.40
  724.48,   229.74,   349.51
  725.24,   226.62,   474.47
  725.99,   223.49,   599.43
  721.66,   354.67,   352.66
  722.42,   351.54,   477.61
  723.17,   348.42,   602.57
  718.84,   479.60,   355.80
  719.60,   476.47,   480.76
  720.36,   473.35,   605.71
  849.44,   232.58,   348.83
  850.20,   229.45,   473.79
  850.96,   226.33,   598.74
  846.63,   357.51,   351.97
  847.38,   354.38,   476.93
  848.14,   351.26,   601.89
  843.81,   482.44,   355.11
  844.56,   479.31,   480.07
  845.32,   476.18,   605.03
  599.81,   225.19,   475.94
  597.54,   221.58,   600.87
  595.28,   217.98,   725.80
  596.97,   350.11,   479.50
  594.70,   346.50,   604.42
  592.44,   342.89,   729.35
  594.12,   475.02,   483.05
  591.86,   471.42,   607.98
  589.60,   467.81,   732.91
  724.75,   227.97,   478.28
  722.49,   224.36,   603.21
  720.23,   220.75,   728.14
  721.91,   352.88,   481.84
  719.65,   349.28,   606.76
  717.39,   345.67,   731.69
  719.07,   477.80,   485.39
  716.81,   474.19,   610.32
  714.55,   470.59,   735.25
  849.70,   230.74,   480.62
  847.44,   227.13,   605.55
  845.18,   223.53,   730.48
  846.86,   355.66,   484.18
  844.60,   352.05,   609.11
  842.34,   348.44,   734.03
  844.02,   480.57,   487.73
  841.76,   476.97,   612.66
  839.50,   473.36,   737.59
  600.01,   224.59,   598.21
  599.47,   228.04,   723.16
  598.94,   231.48,   848.11
  598.32,   349.53,   594.75
  597.78,   352.98,   719.71
  597.24,   356.42,   844.66
  596.62,   474.47,   591.30
  596.09,   477.92,   716.25
  595.55,   481.36,   841.20
  725.00,   226.30,   598.70
  724.46,   229.74,   723.65
  723.92,   233.19,   848.60
  723.30,   351.24,   595.24
  722.77,   354.69,   720.19
  722.23,   358.13,   845.15
  721.61,   476.18,   591.79
  721.07,   479.63,   716.74
  720.54,   483.07,   841.69
  849.99,   228.01,   599.19
  849.45,   231.45,   724.14
  848.91,   234.90,   849.09
  848.29,   352.95,   595.73
  847.76,   356.39,   720.68
  847.22,   359.84,   845.64
  846.60,   477.89,   592.28
  846.06,   481.33,   717.23
  845.53,   484.78,   842.18
  600.77,   349.00,   98.82
  598.64,   345.84,   223.76
  596.52,   342.68,   348.70
  599.53,   473.95,   101.96
  597.40,   470.79,   226.90
  595.28,   467.64,   351.84
  598.29,   598.91,   105.09
  596.17,   595.75,   230.04
  594.04,   592.59,   354.98
  725.74,   350.18,   100.97
  723.62,   347.02,   225.91
  721.50,   343.87,   350.85
  724.50,   475.14,   104.11
  722.38,   471.98,   229.05
  720.26,   468.82,   353.99
  723.26,   600.09,   107.25
  721.14,   596.93,   232.19
  719.02,   593.77,   357.13
  850.72,   351.37,   103.12
  848.59,   348.21,   228.07
  846.47,   345.05,   353.01
  849.48,   476.32,   106.26
  847.36,   473.16,   231.20
  845.23,   470.00,   356.15
  848.24,   601.28,   109.40
  846.12,   598.12,   234.34
  843.99,   594.96,   359.29
  598.04,   351.77,   223.85
  597.49,   350.63,   348.84
  596.94,   349.50,   473.83
  600.79,   476.74,   225.00
  600.24,   475.60,   349.99
  599.69,   474.46,   474.98
  603.54,   601.70,   226.15
  602.99,   600.56,   351.14
  602.44,   599.42,   476.13
  723.01,   349.02,   224.37
  722.46,   347.88,   349.36
  721.91,   346.74,   474.36
  725.76,   473.98,   225.52
  725.21,   472.85,   350.51
  724.66,   471.71,   475.51
  728.50,   598.95,   226.67
  727.96,   597.81,   351.67
  727.41,   596.67,   476.66
  847.98,   346.27,   224.89
  847.43,   345.13,   349.89
  846.88,   343.99,   474.88
  850.73,   471.23,   226.05
  850.18,   470.09,   351.04
  849.63,   468.95,   476.03
  853.47,   596.20,   227.20
  852.92,   595.06,   352.19
  852.37,   593.92,   477.18
  599.43,   350.58,   350.28
  601.05,   347.08,   475.22
  602.66,   343.58,   600.16
  598.37,   475.52,   353.79
  599.99,   472.03,   478.73
  601.61,   468.53,   603.67
  597.32,   600.47,   357.30
  598.94,   596.97,   482.24
  600.56,   593.48,   607.18
  724.41,   351.68,   348.69
  726.03,   348.18,   473.63
  727.65,   344.68,   598.57
  723.36,   476.62,   352.20
  724.98,   473.13,   477.14
  726.60,   469.63,   602.08
  722.30,   601.57,   355.71
  723.92,   598.07,   480.65
  725.54,   594.58,   605.59
  849.40,   352.78,   347.10
  851.02,   349.28,   472.04
  852.63,   345.78,   596.98
  848.34,   477.72,   350.61
  849.96,   474.23,   475.55
  851.58,   470.73,   600.49
  847.29,   602.67,   354.12
  848.91,   599.17,   479.06
  850.53,   595.68,   604.01
  601.39,   348.86,   474.97
  601.31,   345.31,   599.92
  601.24,   341.76,   724.87
  599.69,   473.80,   478.52
  599.62,   470.25,   603.47
  599.54,   466.70,   728.42
  598.00,   598.74,   482.07
  597.92,   595.19,   607.02
  597.85,   591.64,   731.97
  726.38,   350.55,   475.09
  726.30,   347.00,   600.04
  726.23,   343.45,   724.99
  724.68,   475.49,   478.64
  724.61,   471.94,   603.59
  724.53,   468.39,   728.54
  722.99,   600.43,   482.19
  722.91,   596.88,   607.14
  722.84,   593.33,   732.09
  851.36,   352.25,   475.22
  851.29,   348.70,   600.17
  851.21,   345.15,   725.12
  849.67,   477.18,   478.77
  849.60,   473.63,   603.72
  849.52,   470.08,   728.67
  847.98,   602.12,   482.31
  847.90,   598.57,   607.26
  847.83,   595.02,   732.21
  601.84,   351.35,   599.88
  604.34,   352.82,   724.85
  606.85,   354.29,   849.81
  604.47,   476.32,   598.36
  606.98,   477.78,   723.33
  609.48,   479.25,   848.29
  607.10,   601.28,   596.84
  609.61,   602.75,   721.81
  612.11,   604.22,   846.77
  726.78,   348.69,   597.41
  729.29,   350.16,   722.37
  731.80,   351.63,   847.34
  729.42,   473.65,   595.89
  731.92,   475.12,   720.85
  734.43,   476.59,   845.82
  732.05,   598.62,   594.37
  734.55,   600.09,   719.33
  737.06,   601.55,   844.30
  851.73,   346.03,   594.93
  854.24,   347.50,   719.90
  856.74,   348.96,   844.87
  854.36,   470.99,   593.41
  856.87,   472.46,   718.38
  859.37,   473.93,   843.34
  857.00,   595.96,   591.89
  859.50,   597.42,   716.86
  862.01,   598.89,   841.82
  598.77,   476.31,   99.78
  598.06,   475.58,   224.78
  597.35,   474.84,   349.77
  597.00,   601.30,   100.51
  596.29,   600.56,   225.50
  595.58,   599.83,   350.50
  595.23,   726.28,   101.23
  594.52,   725.55,   226.22
  593.81,   724.81,   351.22
  723.75,   478.07,   100.50
  723.04,   477.34,   225.50
  722.33,   476.61,   350.50
  721.99,   603.06,   101.23
  721.28,   602.33,   226.22
  720.56,   601.59,   351.22
  720.22,   728.04,   101.95
  719.51,   727.31,   226.95
  718.80,   726.58,   351.94
  848.74,   479.84,   101.23
  848.03,   479.10,   226.22
  847.32,   478.37,   351.22
  846.97,   604.82,   101.95
  846.26,   604.09,   226.94
  845.55,   603.36,   351.94
  845.20,   729.81,   102.67
  844.49,   729.08,   227.67
  843.78,   728.34,   352.66
  601.27,   474.28,   224.88
  598.21,   476.45,   349.83
  595.15,   478.62,   474.77
  599.28,   599.24,   222.66
  596.22,   601.41,   347.61
  593.16,   603.58,   472.55
  597.29,   724.21,   220.44
  594.23,   726.38,   345.39
  591.17,   728.55,   470.33
  726.22,   476.32,   227.91
  723.16,   478.49,   352.85
  720.10,   480.67,   477.80
  724.23,   601.29,   225.69
  721.17,   603.46,   350.63
  718.11,   605.63,   475.58
  722.24,   726.25,   223.47
  719.18,   728.42,   348.41
  716.12,   730.59,   473.35
  851.17,   478.37,   230.93
  848.11,   480.54,   355.88
  845.05,   482.71,   480.82
  849.18,   603.33,   228.71
  846.12,   605.50,   353.66
  843.05,   607.68,   478.60
  847.18,   728.30,   226.49
  844.12,   730.47,   351.44
  841.06,   732.64,   476.38
  598.94,   473.30,   351.68
  597.51,   476.29,   476.64
  596.09,   479.27,   601.59
  595.68,   598.22,   348.66
  594.25,   601.21,   473.62
  592.83,   604.19,   598.57
  592.42,   723.14,   345.64
  591.00,   726.13,   470.60
  589.57,   729.11,   595.55
  723.89,   476.59,   353.03
  722.46,   479.58,   477.98
  721.04,   482.56,   602.94
  720.63,   601.51,   350.01
  719.20,   604.50,   474.96
  717.78,   607.48,   599.92
  717.37,   726.44,   346.99
  715.95,   729.42,   471.94
  714.52,   732.40,   596.90
  848.84,   479.89,   354.37
  847.41,   482.87,   479.33
  845.99,   485.85,   604.28
  845.58,   604.81,   351.35
  844.15,   607.79,   476.31
  842.73,   610.77,   601.27
  842.32,   729.73,   348.33
  840.90,   732.71,   473.29
  839.47,   735.69,   598.25
  601.01,   474.42,   473.03
  602.58,   474.25,   598.02
  604.15,   474.08,   723.01
  600.79,   599.42,   473.20
  602.36,   599.25,   598.19
  603.93,   599.08,   723.18
  600.57,   724.42,   473.37
  602.14,   724.25,   598.36
  603.71,   724.08,   723.35
  726.00,   474.64,   471.46
  727.57,   474.47,   596.45
  729.14,   474.30,   721.44
  725.78,   599.64,   471.63
  727.35,   599.47,   596.62
  728.92,   599.30,   721.61
  725.56,   724.64,   471.80
  727.13,   724.47,   596.79
  728.70,   724.30,   721.78
  850.99,   474.86,   469.89
  852.56,   474.69,   594.88
  854.13,   474.53,   719.87
  850.77,   599.86,   470.06
  852.34,   599.69,   595.05
  853.91,   599.52,   720.04
  850.55,   724.86,   470.23
  852.12,   724.69,   595.22
  853.69,   724.52,   720.21
  598.61,   476.44,   601.73
  595.23,   478.00,   726.68
  591.84,   479.57,   851.62
  601.51,   601.40,   600.25
  598.12,   602.96,   725.19
  594.74,   604.53,   850.13
  604.40,   726.36,   598.76
  601.02,   727.92,   723.70
  597.64,   729.48,   848.65
  723.53,   473.58,   605.15
  720.15,   475.15,   730.09
  716.76,   476.71,   855.04
  726.43,   598.54,   603.66
  723.04,   600.11,   728.61
  719.66,   601.67,   853.55
  729.32,   723.50,   602.18
  725.94,   725.06,   727.12
  722.56,   726.63,   852.07
  848.45,   470.73,   608.57
  845.07,   472.29,   733.51
  841.68,   473.86,   858.46
  851.35,   595.69,   607.08
  847.96,   597.25,   732.03
  844.58,   598.81,   856.97
  854.24,   720.64,   605.60
  850.86,   722.21,   730.54
  847.48,   723.77,   855.49
  598.34,   601.57,   100.64
  599.64,   603.56,   225.62
  600.95,   605.56,   350.59
  599.74,   726.54,   98.63
  601.05,   728.54,   223.60
  602.35,   730.54,   348.58
  601.14,   851.52,   96.61
  602.45,   853.52,   221.59
  603.76,   855.51,   346.57
  723.32,   600.14,   99.35
  724.63,   602.14,   224.33
  725.94,   604.14,   349.31
  724.73,   725.12,   97.34
  726.03,   727.12,   222.32
  727.34,   729.11,   347.30
  726.13,   850.09,   95.33
  727.44,   852.09,   220.31
  728.74,   854.09,   345.28
  848.31,   598.72,   98.07
  849.61,   600.72,   223.05
  850.92,   602.71,   348.02
  849.71,   723.69,   96.06
  851.02,   725.69,   221.03
  852.32,   727.69,   346.01
  851.11,   848.67,   94.05
  852.42,   850.67,   219.02
  853.73,   852.66,   344.00
  599.84,   600.29,   225.50
  601.03,   596.55,   350.44
  602.22,   592.81,   475.37
  601.52,   725.23,   229.22
  602.71,   721.49,   354.16
  603.89,   717.75,   479.10
  603.20,   850.16,   232.94
  604.38,   846.42,   357.88
  605.57,   842.68,   482.82
  724.83,   598.65,   224.26
  726.01,   594.91,   349.20
  727.20,   591.17,   474.14
  726.50,   723.58,   227.99
  727.69,   719.85,   352.92
  728.88,   716.11,   477.86
  728.18,   848.52,   231.71
  729.37,   844.78,   356.65
  730.55,   841.04,   481.59
  849.81,   597.01,   223.03
  851.00,   593.27,   347.96
  852.18,   589.53,   472.90
  851.49,   721.94,   226.75
  852.67,   718.20,   351.69
  853.86,   714.46,   476.63
  853.16,   846.88,   230.47
  854.35,   843.14,   355.41
  855.54,   839.40,   480.35
  598.47,   599.64,   348.21
  600.89,   597.99,   473.17
  603.31,   596.34,   598.14
  601.04,   724.60,   349.80
  603.46,   722.95,   474.77
  605.88,   721.31,   599.74
  603.62,   849.56,   351.40
  606.04,   847.92,   476.37
  608.46,   846.27,   601.33
  723.42,   597.09,   345.75
  725.84,   595.45,   470.72
  728.26,   593.80,   595.69
  725.99,   722.05,   347.35
  728.41,   720.41,   472.32
  730.83,   718.76,   597.28
  728.57,   847.02,   348.95
  730.99,   845.37,   473.91
  733.41,   843.73,   598.88
  848.37,   594.55,   343.30
  850.79,   592.90,   468.27
  853.21,   591.26,   593.23
  850.94,   719.51,   344.90
  853.36,   717.86,   469.86
  855.78,   716.22,   594.83
  853.52,   844.47,   346.49
  855.94,   842.83,   471.46
  858.36,   841.18,   596.42
  602.00,   600.40,   474.77
  600.67,   603.10,   599.73
  599.34,   605.80,   724.70
  602.32,   725.37,   472.07
  600.98,   728.07,   597.04
  599.65,   730.77,   722.00
  602.63,   850.34,   469.38
  601.30,   853.04,   594.34
  599.96,   855.74,   719.30
  727.00,   600.11,   476.11
  725.66,   602.82,   601.07
  724.33,   605.52,   726.04
  727.31,   725.08,   473.41
  725.98,   727.79,   598.38
  724.64,   730.49,   723.34
  727.62,   850.06,   470.72
  726.29,   852.76,   595.68
  724.96,   855.46,   720.64
  851.99,   599.83,   477.45
  850.65,   602.53,   602.41
  849.32,   605.23,   727.38
  852.30,   724.80,   474.75
  850.97,   727.50,   599.72
  849.63,   730.20,   724.68
  852.62,   849.77,   472.06
  851.28,   852.47,   597.02
  849.95,   855.17,   721.98
  598.48,   600.75,   601.09
  594.78,   600.83,   726.03
  591.08,   600.91,   850.98
  598.92,   725.75,   601.02
  595.22,   725.83,   725.97
  591.52,   725.91,   850.91
  599.37,   850.75,   600.95
  595.67,   850.83,   725.90
  591.97,   850.91,   850.84
  723.42,   600.31,   604.79
  719.72,   600.39,   729.73
  716.02,   600.47,   854.68
  723.87,   725.31,   604.72
  720.17,   725.39,   729.67
  716.47,   725.47,   854.61
  724.31,   850.31,   604.66
  720.61,   850.39,   729.60
  716.91,   850.47,   854.55
  848.37,   599.87,   608.49
  844.67,   599.95,   733.44
  840.97,   600.03,   858.38
  848.81,   724.87,   608.42
  845.11,   724.95,   733.37
  841.41,   725.03,   858.31
  849.26,   849.87,   608.36
  845.56,   849.95,   733.30
  841.86,   850.03,   858.25
