27, 125, pa2-debug-f-output1.txt
  193.07,   195.44,   196.48
  396.86,   404.76,   202.51
  99.34,   100.17,   101.47
  96.32,   101.10,   226.43
  93.30,   102.03,   351.39
  101.15,   225.15,   100.58
  98.13,   226.09,   225.54
  95.11,   227.02,   350.50
  102.96,   350.14,   99.69
  99.94,   351.07,   224.65
  96.92,   352.00,   349.61
  224.29,   98.38,   104.50
  221.27,   99.31,   229.46
  218.25,   100.25,   354.42
  226.10,   223.36,   103.61
  223.08,   224.30,   228.57
  220.06,   225.23,   353.53
  227.91,   348.35,   102.72
  224.89,   349.28,   227.68
  221.87,   350.21,   352.64
  349.24,   96.59,   107.53
  346.22,   97.52,   232.49
  343.20,   98.46,   357.45
  351.05,   221.58,   106.64
  348.03,   222.51,   231.60
  345.01,   223.44,   356.56
  352.86,   346.56,   105.75
  349.84,   347.49,   230.71
  346.82,   348.42,   355.67
  98.62,   98.89,   223.17
  101.63,   101.31,   348.11
  104.64,   103.74,   473.05
  100.63,   223.85,   220.70
  103.64,   226.27,   345.64
  106.65,   228.70,   470.58
  102.64,   348.81,   218.23
  105.65,   351.23,   343.17
  108.66,   353.66,   468.11
  223.57,   96.82,   220.20
  226.58,   99.25,   345.14
  229.59,   101.67,   470.08
  225.58,   221.78,   217.73
  228.59,   224.20,   342.67
  231.60,   226.63,   467.61
  227.59,   346.74,   215.25
  230.60,   349.16,   340.19
  233.61,   351.59,   465.13
  348.51,   94.75,   217.23
  351.52,   97.18,   342.17
  354.54,   99.60,   467.11
  350.52,   219.71,   214.76
  353.54,   222.14,   339.70
  356.55,   224.56,   464.64
  352.53,   344.67,   212.28
  355.55,   347.09,   337.22
  358.56,   349.52,   462.16
  101.48,   98.34,   349.36
  103.98,   99.03,   474.34
  106.49,   99.71,   599.31
  98.95,   223.31,   348.73
  101.45,   224.00,   473.70
  103.96,   224.68,   598.67
  96.42,   348.28,   348.09
  98.92,   348.97,   473.06
  101.43,   349.66,   598.04
  226.43,   100.85,   346.84
  228.93,   101.54,   471.81
  231.44,   102.23,   596.79
  223.90,   225.83,   346.20
  226.40,   226.51,   471.18
  228.91,   227.20,   596.15
  221.37,   350.80,   345.57
  223.87,   351.49,   470.54
  226.38,   352.17,   595.51
  351.37,   103.37,   344.32
  353.88,   104.06,   469.29
  356.39,   104.74,   594.27
  348.84,   228.34,   343.68
  351.35,   229.03,   468.66
  353.86,   229.72,   593.63
  346.32,   353.32,   343.05
  348.82,   354.00,   468.02
  351.33,   354.69,   592.99
  101.37,   100.44,   474.85
  98.47,   100.60,   599.82
  95.57,   100.76,   724.78
  103.67,   225.42,   474.75
  100.77,   225.58,   599.72
  97.88,   225.73,   724.68
  105.97,   350.40,   474.65
  103.07,   350.56,   599.61
  100.18,   350.71,   724.58
  226.32,   98.15,   477.75
  223.42,   98.30,   602.72
  220.52,   98.46,   727.68
  228.62,   223.12,   477.65
  225.72,   223.28,   602.62
  222.82,   223.44,   727.58
  230.92,   348.10,   477.55
  228.02,   348.26,   602.51
  225.12,   348.41,   727.48
  351.26,   95.85,   480.65
  348.36,   96.00,   605.62
  345.46,   96.16,   730.59
  353.56,   220.83,   480.55
  350.66,   220.98,   605.52
  347.77,   221.14,   730.48
  355.86,   345.81,   480.45
  352.96,   345.96,   605.41
  350.07,   346.12,   730.38
  101.66,   101.88,   600.24
  102.73,   99.71,   725.22
  103.79,   97.54,   850.19
  104.49,   226.83,   602.39
  105.55,   224.66,   727.36
  106.62,   222.48,   852.34
  107.32,   351.78,   604.53
  108.38,   349.61,   729.51
  109.44,   347.43,   854.49
  226.62,   99.07,   599.13
  227.69,   96.90,   724.10
  228.75,   94.73,   849.08
  229.45,   224.02,   601.27
  230.52,   221.85,   726.25
  231.58,   219.68,   851.23
  232.28,   348.97,   603.42
  233.34,   346.80,   728.40
  234.41,   344.63,   853.37
  351.59,   96.26,   598.01
  352.65,   94.09,   722.99
  353.72,   91.92,   847.97
  354.42,   221.21,   600.16
  355.48,   219.04,   725.14
  356.54,   216.87,   850.11
  357.24,   346.16,   602.31
  358.31,   343.99,   727.28
  359.37,   341.82,   852.26
  99.74,   225.09,   101.85
  96.37,   221.46,   226.75
  93.00,   217.82,   351.65
  100.80,   350.04,   105.51
  97.42,   346.40,   230.42
  94.05,   342.77,   355.32
  101.85,   474.98,   109.18
  98.48,   471.34,   234.08
  95.10,   467.71,   358.98
  224.69,   223.94,   105.19
  221.32,   220.31,   230.09
  217.95,   216.67,   355.00
  225.75,   348.88,   108.86
  222.37,   345.25,   233.76
  219.00,   341.62,   358.66
  226.80,   473.83,   112.52
  223.43,   470.19,   237.42
  220.05,   466.56,   362.32
  349.64,   222.79,   108.53
  346.27,   219.16,   233.44
  342.90,   215.52,   358.34
  350.70,   347.73,   112.20
  347.32,   344.10,   237.10
  343.95,   340.46,   362.00
  351.75,   472.68,   115.86
  348.38,   469.04,   240.76
  345.00,   465.41,   365.67
  101.58,   226.44,   223.86
  101.44,   229.57,   348.82
  101.30,   232.70,   473.78
  103.99,   351.38,   220.74
  103.86,   354.51,   345.70
  103.72,   357.63,   470.66
  106.41,   476.32,   217.61
  106.27,   479.44,   342.57
  106.14,   482.57,   467.53
  226.55,   224.03,   224.06
  226.42,   227.16,   349.02
  226.28,   230.28,   473.98
  228.97,   348.97,   220.93
  228.83,   352.09,   345.89
  228.70,   355.22,   470.85
  231.38,   473.90,   217.81
  231.25,   477.03,   342.77
  231.11,   480.16,   467.73
  351.53,   221.62,   224.25
  351.39,   224.75,   349.21
  351.26,   227.87,   474.17
  353.94,   346.56,   221.13
  353.81,   349.68,   346.09
  353.67,   352.81,   471.05
  356.36,   471.49,   218.00
  356.22,   474.62,   342.96
  356.09,   477.75,   467.92
  100.64,   224.62,   348.61
  101.54,   223.60,   473.60
  102.45,   222.57,   598.59
  104.30,   349.57,   349.61
  105.21,   348.54,   474.60
  106.11,   347.52,   599.59
  107.97,   474.51,   350.60
  108.88,   473.48,   475.60
  109.78,   472.46,   600.59
  225.58,   220.96,   347.67
  226.48,   219.94,   472.67
  227.39,   218.91,   597.66
  229.25,   345.91,   348.67
  230.15,   344.88,   473.66
  231.06,   343.86,   598.66
  232.91,   470.85,   349.67
  233.82,   469.82,   474.66
  234.72,   468.80,   599.65
  350.52,   217.30,   346.74
  351.43,   216.28,   471.73
  352.33,   215.25,   596.72
  354.19,   342.25,   347.74
  355.09,   341.22,   472.73
  356.00,   340.20,   597.72
  357.86,   467.19,   348.73
  358.76,   466.16,   473.73
  359.67,   465.14,   598.72
  98.05,   223.02,   474.56
  100.52,   222.47,   599.54
  103.00,   221.92,   724.51
  100.27,   348.00,   475.07
  102.75,   347.45,   600.05
  105.22,   346.90,   725.02
  102.50,   472.98,   475.58
  104.98,   472.43,   600.55
  107.45,   471.88,   725.53
  223.00,   220.81,   472.08
  225.48,   220.25,   597.05
  227.95,   219.70,   722.03
  225.23,   345.78,   472.59
  227.70,   345.23,   597.56
  230.18,   344.68,   722.54
  227.46,   470.76,   473.10
  229.93,   470.21,   598.07
  232.41,   469.66,   723.04
  347.96,   218.59,   469.60
  350.43,   218.04,   594.57
  352.91,   217.48,   719.54
  350.18,   343.57,   470.10
  352.66,   343.02,   595.08
  355.13,   342.46,   720.05
  352.41,   468.55,   470.61
  354.89,   467.99,   595.59
  357.36,   467.44,   720.56
  100.06,   224.86,   601.22
  97.16,   224.72,   726.19
  94.25,   224.58,   851.16
  101.02,   349.86,   601.38
  98.12,   349.72,   726.35
  95.21,   349.58,   851.32
  101.99,   474.85,   601.54
  99.08,   474.71,   726.51
  96.18,   474.58,   851.48
  225.02,   223.89,   604.13
  222.12,   223.75,   729.09
  219.21,   223.62,   854.06
  225.99,   348.89,   604.29
  223.08,   348.75,   729.25
  220.18,   348.61,   854.22
  226.95,   473.88,   604.45
  224.05,   473.75,   729.41
  221.14,   473.61,   854.38
  349.99,   222.92,   607.03
  347.08,   222.79,   732.00
  344.18,   222.65,   856.96
  350.95,   347.92,   607.19
  348.04,   347.78,   732.16
  345.14,   347.64,   857.12
  351.91,   472.92,   607.35
  349.01,   472.78,   732.32
  346.10,   472.64,   857.28
  99.25,   349.80,   100.84
  96.82,   350.80,   225.82
  94.38,   351.79,   350.79
  102.53,   474.75,   99.91
  100.10,   475.75,   224.88
  97.66,   476.75,   349.86
  105.81,   599.70,   98.98
  103.38,   600.70,   223.95
  100.94,   601.70,   348.92
  224.18,   346.54,   103.30
  221.75,   347.53,   228.27
  219.32,   348.53,   353.25
  227.46,   471.49,   102.37
  225.03,   472.49,   227.34
  222.60,   473.49,   352.31
  230.74,   596.44,   101.43
  228.31,   597.44,   226.41
  225.88,   598.44,   351.38
  349.12,   343.27,   105.76
  346.68,   344.27,   230.73
  344.25,   345.27,   355.70
  352.40,   468.23,   104.83
  349.96,   469.23,   229.80
  347.53,   470.22,   354.77
  355.68,   593.18,   103.89
  353.24,   594.18,   228.86
  350.81,   595.18,   353.84
  101.11,   351.91,   225.98
  101.12,   349.30,   350.95
  101.14,   346.69,   475.92
  100.66,   476.88,   228.59
  100.67,   474.27,   353.56
  100.68,   471.66,   478.53
  100.20,   601.85,   231.20
  100.22,   599.24,   356.17
  100.23,   596.63,   481.14
  226.11,   352.36,   225.97
  226.12,   349.75,   350.95
  226.13,   347.14,   475.92
  225.66,   477.34,   228.58
  225.67,   474.73,   353.56
  225.68,   472.12,   478.53
  225.20,   602.31,   231.19
  225.21,   599.70,   356.17
  225.23,   597.09,   481.14
  351.11,   352.82,   225.97
  351.12,   350.21,   350.95
  351.13,   347.60,   475.92
  350.66,   477.79,   228.58
  350.67,   475.18,   353.56
  350.68,   472.57,   478.53
  350.20,   602.76,   231.19
  350.21,   600.15,   356.17
  350.22,   597.54,   481.14
  100.20,   348.62,   348.12
  99.59,   348.36,   473.12
  98.99,   348.10,   598.12
  101.79,   473.61,   348.39
  101.19,   473.35,   473.39
  100.58,   473.09,   598.38
  103.38,   598.60,   348.65
  102.78,   598.34,   473.65
  102.17,   598.08,   598.65
  225.19,   347.03,   348.72
  224.58,   346.77,   473.72
  223.98,   346.51,   598.72
  226.78,   472.02,   348.99
  226.17,   471.76,   473.99
  225.57,   471.50,   598.99
  228.37,   597.00,   349.26
  227.77,   596.75,   474.25
  227.16,   596.49,   599.25
  350.18,   345.43,   349.32
  349.57,   345.17,   474.32
  348.97,   344.92,   599.32
  351.77,   470.42,   349.59
  351.16,   470.16,   474.59
  350.56,   469.91,   599.59
  353.36,   595.41,   349.86
  352.75,   595.15,   474.86
  352.15,   594.90,   599.85
  100.93,   350.89,   476.56
  99.01,   353.84,   601.51
  97.09,   356.78,   726.46
  104.03,   475.82,   473.66
  102.11,   478.76,   598.61
  100.19,   481.71,   723.56
  107.13,   600.74,   470.76
  105.21,   603.69,   595.71
  103.29,   606.64,   720.66
  225.88,   347.83,   478.55
  223.95,   350.78,   603.50
  222.03,   353.73,   728.46
  228.98,   472.76,   475.65
  227.06,   475.71,   600.61
  225.13,   478.66,   725.56
  232.08,   597.69,   472.76
  230.16,   600.64,   597.71
  228.24,   603.58,   722.66
  350.82,   344.78,   480.55
  348.90,   347.72,   605.50
  346.98,   350.67,   730.45
  353.92,   469.71,   477.65
  352.00,   472.65,   602.60
  350.08,   475.60,   727.55
  357.03,   594.63,   474.75
  355.10,   597.58,   599.70
  353.18,   600.53,   724.65
  100.38,   351.24,   600.01
  101.77,   351.91,   725.00
  103.16,   352.57,   849.99
  97.07,   476.20,   599.38
  98.46,   476.86,   724.37
  99.85,   477.53,   849.37
  93.75,   601.15,   598.76
  95.14,   601.82,   723.75
  96.54,   602.48,   848.74
  225.33,   354.55,   598.60
  226.72,   355.21,   723.59
  228.11,   355.88,   848.58
  222.01,   479.51,   597.98
  223.41,   480.17,   722.97
  224.80,   480.83,   847.96
  218.70,   604.46,   597.35
  220.09,   605.12,   722.34
  221.48,   605.79,   847.33
  350.28,   357.86,   597.19
  351.67,   358.52,   722.18
  353.06,   359.18,   847.17
  346.96,   482.81,   596.57
  348.35,   483.48,   721.56
  349.75,   484.14,   846.55
  343.65,   607.77,   595.94
  345.04,   608.43,   720.93
  346.43,   609.09,   845.92
  98.08,   476.58,   99.85
  98.29,   479.71,   224.81
  98.49,   482.84,   349.77
  99.06,   601.54,   96.72
  99.27,   604.67,   221.68
  99.48,   607.79,   346.64
  100.05,   726.49,   93.59
  100.25,   729.62,   218.55
  100.46,   732.75,   343.51
  223.08,   475.59,   99.67
  223.28,   478.72,   224.63
  223.49,   481.85,   349.59
  224.06,   600.55,   96.54
  224.27,   603.68,   221.50
  224.47,   606.81,   346.46
  225.04,   725.51,   93.41
  225.25,   728.63,   218.37
  225.45,   731.76,   343.33
  348.07,   474.60,   99.49
  348.28,   477.73,   224.45
  348.48,   480.86,   349.41
  349.06,   599.56,   96.36
  349.26,   602.69,   221.32
  349.47,   605.82,   346.28
  350.04,   724.52,   93.23
  350.25,   727.65,   218.19
  350.45,   730.77,   343.15
  100.89,   476.34,   223.79
  100.25,   477.97,   348.78
  99.62,   479.59,   473.76
  103.41,   601.31,   222.18
  102.77,   602.93,   347.17
  102.14,   604.55,   472.15
  105.93,   726.27,   220.57
  105.30,   727.89,   345.56
  104.66,   729.52,   470.54
  225.86,   473.83,   224.46
  225.23,   475.45,   349.44
  224.59,   477.08,   474.43
  228.38,   598.79,   222.85
  227.75,   600.42,   347.83
  227.11,   602.04,   472.82
  230.91,   723.76,   221.24
  230.27,   725.38,   346.22
  229.63,   727.00,   471.21
  350.83,   471.31,   225.12
  350.20,   472.94,   350.11
  349.56,   474.56,   475.10
  353.36,   596.28,   223.51
  352.72,   597.90,   348.50
  352.08,   599.53,   473.49
  355.88,   721.24,   221.90
  355.24,   722.87,   346.89
  354.61,   724.49,   471.88
  98.29,   474.02,   348.06
  95.20,   470.97,   472.99
  92.11,   467.91,   597.91
  99.49,   598.98,   351.15
  96.40,   595.92,   476.07
  93.32,   592.87,   600.99
  100.70,   723.93,   354.23
  97.61,   720.88,   479.16
  94.52,   717.83,   604.08
  223.25,   472.74,   351.12
  220.16,   469.69,   476.04
  217.07,   466.64,   600.97
  224.45,   597.70,   354.20
  221.36,   594.65,   479.13
  218.27,   591.59,   604.05
  225.65,   722.66,   357.29
  222.56,   719.60,   482.21
  219.47,   716.55,   607.14
  348.20,   471.47,   354.18
  345.11,   468.41,   479.10
  342.02,   465.36,   604.03
  349.41,   596.42,   357.26
  346.32,   593.37,   482.19
  343.23,   590.31,   607.11
  350.61,   721.38,   360.35
  347.52,   718.32,   485.27
  344.43,   715.27,   610.20
  99.44,   475.16,   473.35
  97.27,   477.63,   598.31
  95.10,   480.11,   723.26
  96.11,   600.09,   470.82
  93.94,   602.56,   595.78
  91.78,   605.04,   720.74
  92.78,   725.02,   468.29
  90.61,   727.49,   593.25
  88.45,   729.97,   718.21
  224.37,   478.53,   475.45
  222.21,   481.00,   600.41
  220.04,   483.48,   725.36
  221.04,   603.46,   472.92
  218.88,   605.93,   597.88
  216.71,   608.41,   722.83
  217.72,   728.39,   470.39
  215.55,   730.86,   595.35
  213.39,   733.34,   720.31
  349.31,   481.90,   477.55
  347.14,   484.37,   602.51
  344.98,   486.85,   727.46
  345.98,   606.83,   475.02
  343.82,   609.30,   599.98
  341.65,   611.78,   724.93
  342.65,   731.76,   472.49
  340.49,   734.23,   597.45
  338.32,   736.71,   722.40
  101.19,   473.24,   599.41
  103.76,   473.31,   724.39
  106.33,   473.39,   849.36
  100.15,   598.24,   599.36
  102.71,   598.31,   724.34
  105.28,   598.38,   849.31
  99.10,   723.23,   599.31
  101.67,   723.31,   724.29
  104.23,   723.38,   849.26
  226.16,   474.29,   596.85
  228.73,   474.36,   721.82
  231.30,   474.43,   846.79
  225.11,   599.28,   596.80
  227.68,   599.36,   721.77
  230.25,   599.43,   846.74
  224.07,   724.28,   596.74
  226.63,   724.35,   721.72
  229.20,   724.42,   846.69
  351.13,   475.33,   594.28
  353.70,   475.41,   719.25
  356.26,   475.48,   844.23
  350.08,   600.33,   594.23
  352.65,   600.40,   719.20
  355.22,   600.47,   844.18
  349.04,   725.32,   594.18
  351.60,   725.40,   719.15
  354.17,   725.47,   844.12
  101.10,   600.07,   100.06
  102.70,   600.52,   225.05
  104.31,   600.97,   350.04
  99.23,   725.05,   99.63
  100.83,   725.50,   224.62
  102.43,   725.96,   349.61
  97.35,   850.04,   99.21
  98.96,   850.49,   224.19
  100.56,   850.94,   349.18
  226.08,   601.93,   98.45
  227.68,   602.39,   223.44
  229.28,   602.84,   348.43
  224.20,   726.92,   98.03
  225.81,   727.37,   223.01
  227.41,   727.82,   348.00
  222.33,   851.90,   97.60
  223.93,   852.36,   222.59
  225.53,   852.81,   347.57
  351.05,   603.80,   96.84
  352.65,   604.25,   221.83
  354.26,   604.71,   346.82
  349.18,   728.79,   96.42
  350.78,   729.24,   221.40
  352.38,   729.69,   346.39
  347.31,   853.77,   95.99
  348.91,   854.22,   220.98
  350.51,   854.68,   345.97
  99.66,   599.28,   223.83
  97.53,   596.99,   348.79
  95.40,   594.70,   473.75
  96.19,   724.22,   226.06
  94.06,   721.93,   351.02
  91.93,   719.64,   475.98
  92.72,   849.15,   228.29
  90.59,   846.86,   353.25
  88.46,   844.57,   478.21
  224.59,   602.72,   226.02
  222.47,   600.43,   350.98
  220.34,   598.14,   475.94
  221.12,   727.65,   228.25
  218.99,   725.36,   353.21
  216.86,   723.07,   478.17
  217.65,   852.58,   230.48
  215.52,   850.29,   355.44
  213.39,   848.00,   480.40
  349.53,   606.15,   228.21
  347.40,   603.86,   353.17
  345.27,   601.57,   478.13
  346.06,   731.08,   230.44
  343.93,   728.79,   355.40
  341.80,   726.50,   480.36
  342.58,   856.02,   232.67
  340.45,   853.73,   357.63
  338.32,   851.44,   482.59
  98.01,   600.03,   348.45
  101.20,   597.27,   473.38
  104.38,   594.51,   598.31
  97.79,   725.00,   351.22
  100.97,   722.24,   476.15
  104.16,   719.48,   601.08
  97.56,   849.97,   353.99
  100.75,   847.21,   478.92
  103.93,   844.45,   603.84
  222.97,   600.33,   345.27
  226.16,   597.57,   470.20
  229.34,   594.81,   595.13
  222.75,   725.29,   348.04
  225.93,   722.53,   472.97
  229.12,   719.77,   597.90
  222.52,   850.26,   350.81
  225.71,   847.50,   475.74
  228.89,   844.74,   600.67
  347.93,   600.62,   342.09
  351.12,   597.86,   467.02
  354.30,   595.10,   591.95
  347.71,   725.59,   344.86
  350.89,   722.83,   469.79
  354.08,   720.07,   594.72
  347.48,   850.56,   347.63
  350.67,   847.80,   472.56
  353.85,   845.04,   597.49
  98.97,   601.47,   476.27
  95.39,   599.42,   601.20
  91.81,   597.38,   726.13
  101.04,   726.43,   478.37
  97.45,   724.39,   603.31
  93.87,   722.34,   728.24
  103.10,   851.40,   480.48
  99.52,   849.35,   605.41
  95.94,   847.31,   730.34
  223.90,   599.34,   479.82
  220.32,   597.30,   604.75
  216.74,   595.25,   729.68
  225.97,   724.31,   481.92
  222.39,   722.26,   606.85
  218.80,   720.21,   731.79
  228.03,   849.27,   484.03
  224.45,   847.23,   608.96
  220.87,   845.18,   733.89
  348.83,   597.22,   483.36
  345.25,   595.17,   608.29
  341.67,   593.12,   733.23
  350.90,   722.18,   485.47
  347.32,   720.14,   610.40
  343.74,   718.09,   735.33
  352.97,   847.15,   487.57
  349.38,   845.10,   612.51
  345.80,   843.05,   737.44
  101.58,   599.87,   601.42
  100.79,   600.85,   726.41
  100.01,   601.83,   851.40
  99.79,   724.85,   600.42
  99.00,   725.83,   725.42
  98.22,   726.82,   850.41
  98.00,   849.83,   599.43
  97.21,   850.82,   724.42
  96.42,   851.80,   849.41
  226.57,   601.66,   602.19
  225.78,   602.65,   727.18
  224.99,   603.63,   852.18
  224.77,   726.65,   601.19
  223.99,   727.63,   726.19
  223.20,   728.62,   851.18
  222.98,   851.63,   600.20
  222.20,   852.61,   725.19
  221.41,   853.60,   850.19
  351.55,   603.46,   602.96
  350.76,   604.45,   727.95
  349.98,   605.43,   852.95
  349.76,   728.45,   601.97
  348.97,   729.43,   726.96
  348.19,   730.41,   851.95
  347.97,   853.43,   600.97
  347.18,   854.41,   725.96
  346.39,   855.40,   850.96
  223.43,   100.84,   98.19
  225.43,   99.04,   223.16
  227.42,   97.25,   348.13
  223.34,   225.82,   99.98
  225.33,   224.03,   224.95
  227.33,   222.24,   349.93
  223.25,   350.81,   101.78
  225.24,   349.02,   226.75
  227.23,   347.22,   351.72
  348.42,   100.96,   96.20
  350.41,   99.16,   221.17
  352.40,   97.37,   346.14
  348.33,   225.94,   97.99
  350.32,   224.15,   222.96
  352.31,   222.36,   347.93
  348.23,   350.93,   99.79
  350.23,   349.14,   224.76
  352.22,   347.34,   349.73
  473.40,   101.08,   94.21
  475.39,   99.28,   219.18
  477.39,   97.49,   344.15
  473.31,   226.06,   96.00
  475.30,   224.27,   220.97
  477.29,   222.48,   345.94
  473.22,   351.05,   97.80
  475.21,   349.26,   222.77
  477.20,   347.46,   347.74
  224.11,   101.81,   224.22
  223.72,   100.31,   349.21
  223.34,   98.82,   474.20
  225.80,   226.79,   225.72
  225.41,   225.29,   350.71
  225.03,   223.80,   475.70
  227.49,   351.77,   227.22
  227.10,   350.27,   352.21
  226.72,   348.78,   477.20
  349.10,   100.11,   224.59
  348.71,   98.62,   349.58
  348.32,   97.12,   474.57
  350.79,   225.09,   226.09
  350.40,   223.60,   351.08
  350.01,   222.10,   476.07
  352.48,   350.07,   227.59
  352.09,   348.58,   352.58
  351.70,   347.08,   477.57
  474.09,   98.42,   224.96
  473.70,   96.92,   349.95
  473.31,   95.43,   474.94
  475.78,   223.40,   226.46
  475.39,   221.90,   351.45
  475.00,   220.41,   476.44
  477.47,   348.38,   227.96
  477.08,   346.88,   352.95
  476.69,   345.39,   477.94
  226.42,   101.25,   350.68
  228.95,   101.69,   475.65
  231.49,   102.13,   600.62
  226.69,   226.25,   350.23
  229.23,   226.69,   475.20
  231.76,   227.13,   600.18
  226.96,   351.25,   349.78
  229.50,   351.69,   474.76
  232.04,   352.13,   599.73
  351.39,   100.97,   348.14
  353.93,   101.41,   473.11
  356.47,   101.85,   598.09
  351.66,   225.97,   347.69
  354.20,   226.41,   472.67
  356.74,   226.85,   597.64
  351.93,   350.97,   347.25
  354.47,   351.41,   472.22
  357.01,   351.85,   597.19
  476.37,   100.69,   345.61
  478.90,   101.13,   470.58
  481.44,   101.57,   595.55
  476.64,   225.69,   345.16
  479.17,   226.13,   470.13
  481.71,   226.57,   595.10
  476.91,   350.69,   344.71
  479.45,   351.13,   469.68
  481.98,   351.57,   594.66
  225.38,   101.74,   476.82
  228.78,   105.31,   601.72
  232.19,   108.89,   726.63
  225.45,   226.69,   473.24
  228.86,   230.26,   598.14
  232.26,   233.84,   723.05
  225.53,   351.64,   469.66
  228.94,   355.21,   594.56
  232.34,   358.79,   719.47
  350.33,   101.56,   473.42
  353.74,   105.14,   598.32
  357.14,   108.72,   723.22
  350.41,   226.51,   469.84
  353.81,   230.09,   594.74
  357.22,   233.66,   719.64
  350.48,   351.46,   466.26
  353.89,   355.04,   591.16
  357.30,   358.61,   716.07
  475.28,   101.39,   470.02
  478.69,   104.96,   594.92
  482.09,   108.54,   719.82
  475.36,   226.34,   466.44
  478.77,   229.91,   591.34
  482.17,   233.49,   716.24
  475.44,   351.29,   462.86
  478.84,   354.86,   587.76
  482.25,   358.44,   712.66
  225.99,   99.60,   601.15
  223.32,   102.63,   726.09
  220.66,   105.67,   851.02
  224.35,   224.55,   598.08
  221.68,   227.59,   723.01
  219.02,   230.62,   847.95
  222.71,   349.50,   595.00
  220.04,   352.54,   719.94
  217.38,   355.58,   844.87
  350.95,   101.30,   603.78
  348.28,   104.34,   728.71
  345.62,   107.38,   853.65
  349.31,   226.25,   600.71
  346.64,   229.29,   725.64
  343.98,   232.33,   850.57
  347.67,   351.20,   597.63
  345.00,   354.24,   722.57
  342.34,   357.28,   847.50
  475.91,   103.00,   606.41
  473.24,   106.04,   731.34
  470.58,   109.08,   856.27
  474.27,   227.95,   603.33
  471.60,   230.99,   728.27
  468.94,   234.03,   853.20
  472.63,   352.91,   600.26
  469.97,   355.94,   725.19
  467.30,   358.98,   850.13
  223.75,   225.39,   98.92
  221.16,   221.96,   223.85
  218.57,   218.52,   348.77
  222.91,   350.34,   102.34
  220.31,   346.91,   227.26
  217.72,   343.47,   352.19
  222.06,   475.29,   105.75
  219.47,   471.86,   230.68
  216.88,   468.42,   355.61
  348.72,   226.16,   101.53
  346.13,   222.73,   226.46
  343.54,   219.29,   351.39
  347.88,   351.11,   104.95
  345.28,   347.68,   229.88
  342.69,   344.24,   354.80
  347.03,   476.06,   108.37
  344.44,   472.63,   233.29
  341.85,   469.20,   358.22
  473.69,   226.93,   104.15
  471.10,   223.50,   229.08
  468.51,   220.07,   354.00
  472.85,   351.89,   107.57
  470.25,   348.45,   232.49
  467.66,   345.02,   357.42
  472.00,   476.84,   110.98
  469.41,   473.40,   235.91
  466.82,   469.97,   360.84
  223.72,   226.46,   223.30
  222.34,   225.16,   348.28
  220.97,   223.87,   473.27
  222.94,   351.45,   224.59
  221.56,   350.16,   349.57
  220.19,   348.86,   474.56
  222.16,   476.44,   225.87
  220.79,   475.15,   350.86
  219.41,   473.85,   475.85
  348.71,   227.23,   224.68
  347.33,   225.93,   349.67
  345.96,   224.63,   474.65
  347.93,   352.22,   225.97
  346.55,   350.92,   350.95
  345.18,   349.62,   475.94
  347.15,   477.21,   227.26
  345.78,   475.91,   352.24
  344.40,   474.61,   477.23
  473.70,   227.99,   226.06
  472.32,   226.69,   351.05
  470.95,   225.40,   476.03
  472.92,   352.98,   227.35
  471.54,   351.68,   352.34
  470.17,   350.39,   477.32
  472.14,   477.97,   228.64
  470.77,   476.68,   353.62
  469.39,   475.38,   478.61
  224.85,   226.76,   348.45
  228.25,   224.01,   473.37
  231.65,   221.26,   598.29
  224.20,   351.72,   351.21
  227.59,   348.98,   476.14
  230.99,   346.23,   601.06
  223.54,   476.69,   353.98
  226.94,   473.94,   478.90
  230.33,   471.20,   603.83
  349.81,   227.49,   345.06
  353.20,   224.74,   469.99
  356.60,   221.99,   594.91
  349.15,   352.45,   347.83
  352.55,   349.71,   472.75
  355.94,   346.96,   597.68
  348.49,   477.42,   350.60
  351.89,   474.67,   475.52
  355.29,   471.93,   600.44
  474.76,   228.22,   341.68
  478.15,   225.47,   466.61
  481.55,   222.72,   591.53
  474.10,   353.18,   344.45
  477.50,   350.44,   469.37
  480.90,   347.69,   594.30
  473.45,   478.15,   347.22
  476.84,   475.41,   472.14
  480.24,   472.66,   597.06
  226.88,   226.78,   474.70
  229.88,   228.51,   599.66
  232.87,   230.23,   724.61
  223.67,   351.73,   473.06
  226.66,   353.45,   598.01
  229.66,   355.18,   722.96
  220.45,   476.68,   471.41
  223.45,   478.40,   596.36
  226.45,   480.12,   721.32
  351.80,   229.96,   471.66
  354.80,   231.68,   596.62
  357.80,   233.40,   721.57
  348.59,   354.90,   470.02
  351.59,   356.63,   594.97
  354.58,   358.35,   719.92
  345.37,   479.85,   468.37
  348.37,   481.57,   593.33
  351.37,   483.30,   718.28
  476.73,   233.13,   468.62
  479.72,   234.85,   593.58
  482.72,   236.58,   718.53
  473.51,   358.08,   466.98
  476.51,   359.80,   591.93
  479.50,   361.52,   716.88
  470.30,   483.03,   465.33
  473.29,   484.75,   590.29
  476.29,   486.47,   715.24
  223.03,   223.69,   601.15
  224.96,   227.40,   726.08
  226.90,   231.12,   851.01
  224.61,   348.62,   597.41
  226.55,   352.34,   722.34
  228.48,   356.05,   847.27
  226.19,   473.56,   593.67
  228.13,   477.27,   718.60
  230.07,   480.98,   843.53
  348.00,   222.05,   599.26
  349.94,   225.76,   724.19
  351.88,   229.48,   849.12
  349.58,   346.98,   595.52
  351.52,   350.70,   720.45
  353.46,   354.41,   845.38
  351.17,   471.92,   591.78
  353.10,   475.63,   716.71
  355.04,   479.34,   841.64
  472.98,   220.41,   597.37
  474.91,   224.12,   722.30
  476.85,   227.84,   847.23
  474.56,   345.34,   593.63
  476.50,   349.06,   718.56
  478.43,   352.77,   843.49
  476.14,   470.28,   589.89
  478.08,   473.99,   714.82
  480.02,   477.70,   839.75
  223.84,   351.95,   100.29
  220.93,   355.71,   225.20
  218.01,   359.47,   350.11
  227.21,   476.85,   96.61
  224.30,   480.61,   221.52
  221.39,   484.37,   346.43
  230.59,   601.75,   92.93
  227.67,   605.51,   217.84
  224.76,   609.27,   342.75
  348.76,   348.66,   103.31
  345.85,   352.42,   228.22
  342.93,   356.18,   353.13
  352.13,   473.56,   99.63
  349.22,   477.32,   224.54
  346.31,   481.08,   349.44
  355.51,   598.46,   95.94
  352.59,   602.22,   220.85
  349.68,   605.99,   345.76
  473.68,   345.38,   106.32
  470.77,   349.14,   231.23
  467.85,   352.90,   356.14
  477.05,   470.28,   102.64
  474.14,   474.04,   227.55
  471.23,   477.80,   352.46
  480.43,   595.18,   98.96
  477.51,   598.94,   223.87
  474.60,   602.70,   348.78
  225.55,   348.18,   224.49
  228.40,   349.95,   349.45
  231.25,   351.72,   474.40
  226.73,   473.16,   222.69
  229.58,   474.93,   347.65
  232.42,   476.70,   472.60
  227.90,   598.14,   220.90
  230.75,   599.91,   345.85
  233.60,   601.68,   470.81
  350.51,   346.96,   221.66
  353.36,   348.73,   346.61
  356.21,   350.50,   471.57
  351.69,   471.95,   219.86
  354.54,   473.71,   344.82
  357.39,   475.48,   469.77
  352.87,   596.93,   218.07
  355.72,   598.70,   343.02
  358.56,   600.46,   467.98
  475.47,   345.75,   218.83
  478.32,   347.51,   343.78
  481.17,   349.28,   468.74
  476.65,   470.73,   217.03
  479.50,   472.50,   341.99
  482.35,   474.26,   466.94
  477.83,   595.71,   215.24
  480.68,   597.48,   340.19
  483.53,   599.25,   465.15
  224.15,   351.59,   349.98
  222.94,   348.53,   474.93
  221.72,   345.48,   599.89
  224.96,   476.55,   353.04
  223.75,   473.49,   478.00
  222.53,   470.44,   602.95
  225.77,   601.51,   356.10
  224.56,   598.45,   481.06
  223.34,   595.40,   606.02
  349.14,   350.75,   351.17
  347.93,   347.69,   476.13
  346.72,   344.64,   601.08
  349.95,   475.71,   354.23
  348.74,   472.65,   479.19
  347.52,   469.60,   604.15
  350.76,   600.67,   357.30
  349.55,   597.61,   482.25
  348.33,   594.56,   607.21
  474.14,   349.91,   352.36
  472.92,   346.86,   477.32
  471.71,   343.80,   602.28
  474.94,   474.87,   355.43
  473.73,   471.82,   480.38
  472.52,   468.76,   605.34
  475.75,   599.83,   358.49
  474.54,   596.78,   483.45
  473.32,   593.72,   608.41
  224.86,   350.81,   473.34
  223.19,   347.63,   598.29
  221.52,   344.44,   723.24
  225.82,   475.77,   476.54
  224.15,   472.58,   601.48
  222.48,   469.40,   726.43
  226.78,   600.72,   479.73
  225.11,   597.54,   604.68
  223.44,   594.36,   729.63
  349.85,   349.81,   474.99
  348.18,   346.63,   599.93
  346.51,   343.44,   724.88
  350.81,   474.76,   478.18
  349.14,   471.58,   603.13
  347.47,   468.40,   728.08
  351.77,   599.72,   481.38
  350.10,   596.54,   606.33
  348.43,   593.35,   731.27
  474.83,   348.81,   476.63
  473.16,   345.62,   601.58
  471.49,   342.44,   726.53
  475.79,   473.76,   479.83
  474.12,   470.58,   604.78
  472.45,   467.40,   729.72
  476.75,   598.72,   483.02
  475.08,   595.54,   607.97
  473.41,   592.35,   732.92
  225.68,   349.68,   601.31
  226.02,   347.76,   726.29
  226.35,   345.84,   851.28
  225.75,   474.66,   603.23
  226.08,   472.74,   728.21
  226.41,   470.83,   853.20
  225.81,   599.65,   605.14
  226.15,   597.73,   730.13
  226.48,   595.81,   855.11
  350.68,   349.62,   600.97
  351.02,   347.70,   725.96
  351.35,   345.78,   850.94
  350.75,   474.60,   602.89
  351.08,   472.68,   727.88
  351.41,   470.77,   852.86
  350.81,   599.59,   604.81
  351.14,   597.67,   729.79
  351.48,   595.75,   854.78
  475.68,   349.56,   600.64
  476.02,   347.64,   725.62
  476.35,   345.72,   850.61
  475.75,   474.54,   602.56
  476.08,   472.63,   727.54
  476.41,   470.71,   852.53
  475.81,   599.53,   604.47
  476.14,   597.61,   729.46
  476.48,   595.69,   854.44
  226.23,   476.55,   101.36
  226.23,   477.78,   226.36
  226.22,   479.00,   351.35
  226.58,   601.54,   100.14
  226.58,   602.77,   225.13
  226.58,   604.00,   350.13
  226.93,   726.54,   98.91
  226.93,   727.76,   223.90
  226.93,   728.99,   348.90
  351.23,   476.20,   101.37
  351.22,   477.42,   226.36
  351.22,   478.65,   351.36
  351.58,   601.19,   100.14
  351.58,   602.42,   225.14
  351.58,   603.64,   350.13
  351.93,   726.18,   98.91
  351.93,   727.41,   223.91
  351.93,   728.64,   348.90
  476.22,   475.85,   101.37
  476.22,   477.07,   226.37
  476.22,   478.30,   351.36
  476.58,   600.84,   100.15
  476.58,   602.07,   225.14
  476.58,   603.29,   350.13
  476.93,   725.83,   98.92
  476.93,   727.06,   223.91
  476.93,   728.29,   348.91
  226.17,   476.34,   223.94
  226.04,   476.07,   348.94
  225.91,   475.80,   473.94
  225.11,   601.34,   224.21
  224.98,   601.07,   349.21
  224.85,   600.80,   474.21
  224.04,   726.33,   224.48
  223.91,   726.06,   349.48
  223.78,   725.79,   474.48
  351.17,   477.40,   224.07
  351.04,   477.14,   349.07
  350.91,   476.87,   474.07
  350.10,   602.40,   224.34
  349.97,   602.13,   349.34
  349.84,   601.86,   474.34
  349.04,   727.40,   224.61
  348.91,   727.13,   349.61
  348.78,   726.86,   474.61
  476.16,   478.47,   224.20
  476.03,   478.20,   349.20
  475.90,   477.93,   474.20
  475.10,   603.46,   224.47
  474.97,   603.20,   349.47
  474.84,   602.93,   474.47
  474.03,   728.46,   224.74
  473.90,   728.19,   349.74
  473.77,   727.92,   474.74
  226.86,   475.47,   351.72
  227.70,   471.74,   476.66
  228.53,   468.00,   601.61
  228.04,   600.41,   355.45
  228.88,   596.67,   480.39
  229.71,   592.94,   605.34
  229.22,   725.35,   359.18
  230.06,   721.61,   484.12
  230.89,   717.88,   609.06
  351.85,   474.32,   350.85
  352.69,   470.58,   475.79
  353.52,   466.84,   600.74
  353.03,   599.26,   354.58
  353.87,   595.52,   479.52
  354.70,   591.78,   604.46
  354.22,   724.19,   358.31
  355.05,   720.46,   483.25
  355.89,   716.72,   608.19
  476.84,   473.16,   349.98
  477.68,   469.42,   474.92
  478.51,   465.69,   599.86
  478.03,   598.10,   353.71
  478.86,   594.36,   478.65
  479.70,   590.62,   603.59
  479.21,   723.04,   357.44
  480.04,   719.30,   482.38
  480.88,   715.56,   607.32
  224.78,   476.14,   473.80
  222.11,   475.39,   598.77
  219.44,   474.64,   723.74
  228.43,   601.09,   474.63
  225.76,   600.33,   599.60
  223.09,   599.58,   724.57
  232.08,   726.03,   475.47
  229.40,   725.28,   600.43
  226.73,   724.52,   725.40
  349.70,   472.48,   476.45
  347.03,   471.73,   601.42
  344.36,   470.97,   726.39
  353.35,   597.42,   477.28
  350.67,   596.67,   602.25
  348.00,   595.92,   727.22
  356.99,   722.37,   478.11
  354.32,   721.61,   603.08
  351.65,   720.86,   728.05
  474.62,   468.82,   479.10
  471.95,   468.06,   604.07
  469.27,   467.31,   729.04
  478.26,   593.76,   479.93
  475.59,   593.01,   604.90
  472.92,   592.25,   729.87
  481.91,   718.70,   480.76
  479.24,   717.95,   605.73
  476.57,   717.20,   730.70
  225.51,   474.49,   598.99
  222.46,   471.08,   723.90
  219.41,   467.68,   848.82
  223.40,   599.42,   602.34
  220.35,   596.02,   727.26
  217.30,   592.61,   852.17
  221.30,   724.36,   605.70
  218.25,   720.96,   730.61
  215.20,   717.55,   855.53
  350.45,   476.51,   602.09
  347.40,   473.10,   727.01
  344.35,   469.70,   851.93
  348.35,   601.45,   605.45
  345.30,   598.04,   730.36
  342.25,   594.64,   855.28
  346.24,   726.38,   608.80
  343.19,   722.98,   733.72
  340.14,   719.57,   858.64
  475.40,   478.53,   605.20
  472.35,   475.13,   730.12
  469.30,   471.72,   855.03
  473.29,   603.47,   608.55
  470.24,   600.06,   733.47
  467.19,   596.66,   858.39
  471.19,   728.40,   611.91
  468.14,   725.00,   736.83
  465.09,   721.59,   861.74
  224.01,   599.29,   101.86
  226.33,   601.36,   226.82
  228.65,   603.42,   351.78
  221.06,   724.24,   99.84
  223.39,   726.30,   224.80
  225.71,   728.37,   349.76
  218.12,   849.19,   97.83
  220.45,   851.25,   222.79
  222.77,   853.32,   347.75
  348.95,   602.19,   99.49
  351.27,   604.26,   224.45
  353.59,   606.33,   349.41
  346.01,   727.14,   97.47
  348.33,   729.21,   222.43
  350.65,   731.28,   347.39
  343.07,   852.09,   95.46
  345.39,   854.16,   220.42
  347.71,   856.22,   345.38
  473.89,   605.09,   97.11
  476.22,   607.16,   222.08
  478.54,   609.23,   347.04
  470.95,   730.04,   95.10
  473.27,   732.11,   220.06
  475.60,   734.18,   345.02
  468.01,   854.99,   93.09
  470.33,   857.06,   218.05
  472.66,   859.13,   343.01
  224.29,   598.19,   223.28
  223.94,   596.23,   348.26
  223.59,   594.28,   473.25
  224.04,   723.17,   225.23
  223.69,   721.22,   350.21
  223.34,   719.27,   475.20
  223.79,   848.15,   227.18
  223.44,   846.20,   352.16
  223.09,   844.25,   477.15
  349.29,   598.43,   223.64
  348.94,   596.48,   348.62
  348.59,   594.53,   473.60
  349.04,   723.42,   225.59
  348.69,   721.47,   350.57
  348.34,   719.51,   475.55
  348.79,   848.40,   227.54
  348.44,   846.45,   352.52
  348.08,   844.50,   477.50
  474.29,   598.68,   223.99
  473.94,   596.73,   348.98
  473.59,   594.78,   473.96
  474.04,   723.66,   225.94
  473.69,   721.71,   350.93
  473.34,   719.76,   475.91
  473.79,   848.65,   227.89
  473.44,   846.70,   352.88
  473.08,   844.75,   477.86
  226.16,   601.89,   348.20
  222.54,   605.00,   473.11
  218.93,   608.12,   598.02
  229.45,   726.81,   345.18
  225.84,   729.92,   470.09
  222.22,   733.04,   595.00
  232.74,   851.73,   342.16
  229.13,   854.84,   467.07
  225.51,   857.96,   591.98
  351.06,   598.68,   351.89
  347.45,   601.80,   476.80
  343.83,   604.91,   601.71
  354.36,   723.61,   348.88
  350.74,   726.72,   473.78
  347.12,   729.83,   598.69
  357.65,   848.53,   345.86
  354.03,   851.64,   470.77
  350.42,   854.75,   595.67
  475.97,   595.48,   355.59
  472.35,   598.60,   480.50
  468.74,   601.71,   605.41
  479.26,   720.40,   352.57
  475.64,   723.52,   477.48
  472.03,   726.63,   602.39
  482.55,   845.32,   349.55
  478.94,   848.44,   474.46
  475.32,   851.55,   599.37
  223.94,   601.95,   474.22
  221.78,   600.82,   599.20
  219.61,   599.69,   724.17
  225.31,   726.94,   475.38
  223.15,   725.81,   600.35
  220.98,   724.67,   725.33
  226.68,   851.92,   476.53
  224.51,   850.79,   601.51
  222.35,   849.66,   726.49
  348.92,   600.56,   476.37
  346.75,   599.43,   601.35
  344.59,   598.30,   726.32
  350.28,   725.55,   477.53
  348.12,   724.42,   602.50
  345.96,   723.29,   727.48
  351.65,   850.54,   478.68
  349.49,   849.40,   603.66
  347.32,   848.27,   728.64
  473.89,   599.18,   478.52
  471.73,   598.04,   603.50
  469.56,   596.91,   728.48
  475.26,   724.16,   479.68
  473.09,   723.03,   604.66
  470.93,   721.90,   729.63
  476.63,   849.15,   480.84
  474.46,   848.02,   605.81
  472.30,   846.89,   730.79
  225.75,   599.06,   598.13
  223.23,   602.18,   723.07
  220.71,   605.29,   848.00
  224.92,   724.02,   595.00
  222.40,   727.14,   719.93
  219.88,   730.25,   844.87
  224.08,   848.98,   591.87
  221.56,   852.09,   716.80
  219.04,   855.21,   841.74
  350.73,   599.96,   600.63
  348.21,   603.08,   725.57
  345.69,   606.19,   850.50
  349.89,   724.92,   597.50
  347.37,   728.04,   722.43
  344.85,   731.15,   847.37
  349.05,   849.88,   594.36
  346.53,   852.99,   719.30
  344.01,   856.11,   844.24
  475.70,   600.86,   603.13
  473.18,   603.98,   728.06
  470.66,   607.09,   853.00
  474.86,   725.82,   599.99
  472.34,   728.94,   724.93
  469.82,   732.05,   849.87
  474.02,   850.78,   596.86
  471.50,   853.89,   721.80
  468.98,   857.01,   846.73
  351.70,   98.73,   99.17
  349.43,   99.68,   224.14
  347.16,   100.63,   349.12
  355.21,   223.68,   98.28
  352.94,   224.63,   223.26
  350.67,   225.57,   348.23
  358.72,   348.63,   97.40
  356.45,   349.57,   222.38
  354.18,   350.52,   347.35
  476.63,   95.24,   101.46
  474.36,   96.18,   226.44
  472.09,   97.13,   351.41
  480.14,   220.18,   100.58
  477.87,   221.13,   225.55
  475.60,   222.08,   350.53
  483.65,   345.13,   99.69
  481.38,   346.08,   224.67
  479.11,   347.03,   349.65
  601.56,   91.74,   103.76
  599.29,   92.69,   228.73
  597.02,   93.64,   353.71
  605.07,   216.69,   102.87
  602.80,   217.64,   227.85
  600.53,   218.58,   352.82
  608.58,   341.64,   101.99
  606.31,   342.58,   226.96
  604.04,   343.53,   351.94
  349.52,   98.96,   226.43
  346.80,   99.76,   351.40
  344.08,   100.57,   476.37
  346.40,   223.91,   225.56
  343.68,   224.72,   350.53
  340.95,   225.52,   475.50
  343.27,   348.87,   224.69
  340.55,   349.68,   349.66
  337.83,   350.48,   474.62
  474.45,   102.10,   229.13
  471.73,   102.90,   354.10
  469.01,   103.71,   479.07
  471.33,   227.06,   228.26
  468.61,   227.86,   353.23
  465.89,   228.67,   478.20
  468.20,   352.01,   227.39
  465.48,   352.82,   352.36
  462.76,   353.62,   477.32
  599.38,   105.24,   231.84
  596.66,   106.05,   356.80
  593.94,   106.85,   481.77
  596.26,   230.20,   230.96
  593.54,   231.00,   355.93
  590.82,   231.81,   480.90
  593.14,   355.16,   230.09
  590.41,   355.96,   355.06
  587.69,   356.77,   480.02
  351.19,   100.08,   348.95
  351.11,   101.51,   473.95
  351.02,   102.94,   598.94
  351.47,   225.07,   347.52
  351.38,   226.50,   472.51
  351.29,   227.94,   597.50
  351.74,   350.06,   346.09
  351.65,   351.49,   471.08
  351.57,   352.93,   596.07
  476.19,   99.80,   349.04
  476.11,   101.24,   474.04
  476.02,   102.67,   599.03
  476.47,   224.80,   347.61
  476.38,   226.23,   472.60
  476.29,   227.66,   597.59
  476.74,   349.79,   346.18
  476.65,   351.22,   471.17
  476.57,   352.65,   596.16
  601.19,   99.53,   349.13
  601.11,   100.96,   474.13
  601.02,   102.40,   599.12
  601.47,   224.52,   347.70
  601.38,   225.96,   472.69
  601.29,   227.39,   597.68
  601.74,   349.51,   346.27
  601.65,   350.95,   471.26
  601.57,   352.38,   596.25
  348.23,   100.87,   475.81
  351.17,   100.98,   600.77
  354.11,   101.09,   725.74
  351.13,   225.84,   475.63
  354.07,   225.94,   600.60
  357.01,   226.05,   725.56
  354.03,   350.80,   475.46
  356.97,   350.91,   600.42
  359.91,   351.02,   725.39
  473.16,   97.96,   472.87
  476.10,   98.07,   597.84
  479.04,   98.18,   722.80
  476.06,   222.93,   472.70
  479.00,   223.04,   597.66
  481.94,   223.15,   722.63
  478.96,   347.90,   472.52
  481.90,   348.00,   597.48
  484.84,   348.11,   722.45
  598.09,   95.06,   469.93
  601.03,   95.17,   594.90
  603.97,   95.28,   719.87
  600.99,   220.02,   469.76
  603.93,   220.13,   594.72
  606.87,   220.24,   719.69
  603.89,   344.99,   469.58
  606.83,   345.10,   594.55
  609.77,   345.21,   719.51
  349.79,   99.94,   598.15
  350.40,   103.44,   723.10
  351.01,   106.93,   848.04
  348.01,   224.88,   594.66
  348.62,   228.38,   719.61
  349.23,   231.87,   844.56
  346.23,   349.82,   591.18
  346.84,   353.31,   716.13
  347.45,   356.81,   841.08
  474.78,   101.71,   597.49
  475.39,   105.20,   722.44
  476.00,   108.69,   847.39
  473.00,   226.65,   594.00
  473.61,   230.14,   718.95
  474.22,   233.63,   843.90
  471.22,   351.58,   590.52
  471.83,   355.08,   715.47
  472.44,   358.57,   840.42
  599.77,   103.47,   596.83
  600.38,   106.96,   721.78
  600.99,   110.46,   846.73
  597.99,   228.41,   593.34
  598.60,   231.90,   718.29
  599.20,   235.39,   843.24
  596.21,   353.35,   589.86
  596.81,   356.84,   714.81
  597.42,   360.33,   839.76
  351.23,   224.98,   100.54
  351.75,   221.24,   225.48
  352.27,   217.50,   350.42
  353.10,   349.91,   104.27
  353.62,   346.17,   229.21
  354.15,   342.43,   354.16
  354.98,   474.84,   108.00
  355.50,   471.10,   232.94
  356.02,   467.36,   357.89
  476.21,   223.12,   99.96
  476.73,   219.38,   224.90
  477.25,   215.64,   349.85
  478.09,   348.05,   103.69
  478.61,   344.31,   228.64
  479.13,   340.57,   353.58
  479.96,   472.98,   107.42
  480.48,   469.24,   232.37
  481.01,   465.50,   357.31
  601.20,   221.26,   99.38
  601.72,   217.52,   224.33
  602.24,   213.78,   349.27
  603.07,   346.19,   103.12
  603.59,   342.45,   228.06
  604.11,   338.71,   353.00
  604.95,   471.12,   106.85
  605.47,   467.38,   231.79
  605.99,   463.64,   356.73
  348.90,   225.53,   225.69
  350.61,   223.99,   350.67
  352.32,   222.44,   475.64
  351.00,   350.51,   227.20
  352.71,   348.96,   352.18
  354.42,   347.42,   477.16
  353.10,   475.48,   228.72
  354.81,   473.93,   353.70
  356.52,   472.39,   478.68
  473.87,   223.45,   223.95
  475.58,   221.91,   348.93
  477.29,   220.36,   473.91
  475.97,   348.43,   225.47
  477.68,   346.88,   350.45
  479.39,   345.34,   475.42
  478.07,   473.40,   226.98
  479.78,   471.86,   351.96
  481.49,   470.31,   476.94
  598.84,   221.38,   222.22
  600.55,   219.83,   347.20
  602.26,   218.29,   472.17
  600.94,   346.35,   223.73
  602.65,   344.80,   348.71
  604.36,   343.26,   473.69
  603.04,   471.32,   225.25
  604.75,   469.78,   350.23
  606.46,   468.23,   475.21
  349.49,   223.29,   350.48
  346.36,   221.00,   475.42
  343.24,   218.70,   600.36
  351.16,   348.26,   352.82
  348.03,   345.96,   477.76
  344.90,   343.66,   602.70
  352.82,   473.23,   355.16
  349.70,   470.93,   480.10
  346.57,   468.63,   605.04
  474.44,   221.57,   353.58
  471.31,   219.27,   478.52
  468.19,   216.97,   603.46
  476.11,   346.54,   355.92
  472.98,   344.24,   480.86
  469.85,   341.94,   605.80
  477.77,   471.50,   358.26
  474.65,   469.21,   483.20
  471.52,   466.91,   608.14
  599.39,   219.85,   356.68
  596.26,   217.55,   481.62
  593.14,   215.25,   606.55
  601.06,   344.81,   359.02
  597.93,   342.52,   483.96
  594.80,   340.22,   608.90
  602.72,   469.78,   361.36
  599.60,   467.48,   486.30
  596.47,   465.18,   611.24
  349.72,   225.56,   473.35
  351.90,   227.53,   598.32
  354.08,   229.51,   723.28
  350.66,   350.54,   471.36
  352.83,   352.51,   596.33
  355.01,   354.49,   721.29
  351.59,   475.52,   469.37
  353.76,   477.49,   594.33
  355.94,   479.47,   719.30
  474.70,   224.59,   471.19
  476.88,   226.57,   596.15
  479.05,   228.54,   721.12
  475.63,   349.57,   469.20
  477.81,   351.55,   594.16
  479.99,   353.52,   719.13
  476.57,   474.55,   467.21
  478.74,   476.53,   592.17
  480.92,   478.50,   717.14
  599.68,   223.63,   469.03
  601.86,   225.60,   593.99
  604.03,   227.57,   718.96
  600.61,   348.61,   467.04
  602.79,   350.58,   592.00
  604.96,   352.55,   716.97
  601.54,   473.59,   465.05
  603.72,   475.56,   590.01
  605.90,   477.54,   714.98
  351.36,   225.39,   600.81
  352.68,   227.92,   725.78
  353.99,   230.45,   850.75
  347.68,   350.32,   598.32
  349.00,   352.85,   723.29
  350.32,   355.37,   848.26
  344.01,   475.24,   595.83
  345.32,   477.77,   720.80
  346.64,   480.30,   845.76
  476.30,   229.05,   599.42
  477.62,   231.58,   724.39
  478.93,   234.11,   849.36
  472.62,   353.97,   596.93
  473.94,   356.50,   721.90
  475.25,   359.03,   846.87
  468.94,   478.89,   594.44
  470.26,   481.42,   719.41
  471.58,   483.95,   844.38
  601.24,   232.70,   598.03
  602.56,   235.23,   723.00
  603.87,   237.76,   847.97
  597.56,   357.62,   595.54
  598.88,   360.15,   720.51
  600.19,   362.68,   845.48
  593.88,   482.54,   593.05
  595.20,   485.07,   718.02
  596.51,   487.60,   842.99
  350.83,   348.08,   99.79
  349.74,   348.53,   224.79
  348.65,   348.99,   349.78
  348.23,   473.05,   99.31
  347.14,   473.50,   224.31
  346.05,   473.96,   349.30
  345.63,   598.02,   98.84
  344.54,   598.48,   223.83
  343.46,   598.93,   348.82
  475.79,   350.68,   100.87
  474.71,   351.14,   225.86
  473.62,   351.59,   350.86
  473.20,   475.65,   100.39
  472.11,   476.11,   225.38
  471.02,   476.56,   350.38
  470.60,   600.62,   99.91
  469.51,   601.08,   224.91
  468.42,   601.54,   349.90
  600.76,   353.28,   101.95
  599.68,   353.74,   226.94
  598.59,   354.20,   351.93
  598.16,   478.26,   101.47
  597.08,   478.71,   226.46
  595.99,   479.17,   351.46
  595.56,   603.23,   100.99
  594.48,   603.68,   225.98
  593.39,   604.14,   350.98
  351.17,   351.46,   224.48
  349.32,   350.11,   349.45
  347.46,   348.75,   474.43
  354.36,   476.41,   225.88
  352.50,   475.06,   350.86
  350.65,   473.70,   475.83
  357.54,   601.36,   227.28
  355.68,   600.01,   352.26
  353.83,   598.66,   477.24
  476.12,   348.26,   226.30
  474.26,   346.90,   351.27
  472.41,   345.55,   476.25
  479.30,   473.21,   227.70
  477.45,   471.86,   352.68
  475.59,   470.50,   477.65
  482.48,   598.16,   229.10
  480.63,   596.81,   354.08
  478.78,   595.45,   479.05
  601.07,   345.05,   228.11
  599.21,   343.70,   353.09
  597.36,   342.35,   478.07
  604.25,   470.01,   229.52
  602.39,   468.65,   354.49
  600.54,   467.30,   479.47
  607.43,   594.96,   230.92
  605.58,   593.60,   355.90
  603.72,   592.25,   480.87
  351.65,   350.89,   350.31
  350.26,   354.65,   475.24
  348.88,   358.40,   600.18
  354.44,   475.80,   346.58
  353.05,   479.56,   471.52
  351.66,   483.32,   596.45
  357.23,   600.72,   342.86
  355.84,   604.47,   467.79
  354.45,   608.23,   592.73
  476.61,   348.14,   351.78
  475.22,   351.90,   476.72
  473.84,   355.66,   601.65
  479.40,   473.06,   348.05
  478.01,   476.82,   472.99
  476.62,   480.57,   597.93
  482.19,   597.97,   344.33
  480.80,   601.73,   469.26
  479.41,   605.49,   594.20
  601.57,   345.40,   353.25
  600.19,   349.16,   478.19
  598.80,   352.91,   603.12
  604.36,   470.31,   349.52
  602.97,   474.07,   474.46
  601.59,   477.83,   599.40
  607.15,   595.23,   345.80
  605.76,   598.98,   470.74
  604.37,   602.74,   595.67
  349.71,   349.08,   474.60
  350.66,   350.02,   599.59
  351.60,   350.95,   724.58
  353.02,   474.04,   473.64
  353.96,   474.97,   598.63
  354.91,   475.91,   723.63
  356.33,   598.99,   472.68
  357.27,   599.92,   597.67
  358.21,   600.86,   722.67
  474.67,   345.77,   473.68
  475.61,   346.70,   598.68
  476.55,   347.64,   723.67
  477.97,   470.72,   472.72
  478.92,   471.66,   597.72
  479.86,   472.59,   722.71
  481.28,   595.67,   471.76
  482.22,   596.61,   596.76
  483.17,   597.54,   721.75
  599.62,   342.45,   472.77
  600.56,   343.39,   597.76
  601.50,   344.32,   722.75
  602.93,   467.41,   471.81
  603.87,   468.34,   596.80
  604.81,   469.27,   721.79
  606.24,   592.36,   470.85
  607.18,   593.29,   595.84
  608.12,   594.23,   720.83
  351.54,   348.50,   600.31
  348.22,   350.26,   725.26
  344.91,   352.02,   850.20
  353.44,   473.48,   598.60
  350.13,   475.24,   723.55
  346.81,   477.00,   848.49
  355.34,   598.45,   596.90
  352.03,   600.21,   721.84
  348.71,   601.97,   846.78
  476.48,   346.65,   603.66
  473.16,   348.41,   728.60
  469.85,   350.17,   853.54
  478.38,   471.62,   601.95
  475.07,   473.38,   726.89
  471.75,   475.14,   851.83
  480.29,   596.59,   600.24
  476.97,   598.35,   725.18
  473.66,   600.11,   850.12
  601.42,   344.79,   607.00
  598.11,   346.55,   731.94
  594.79,   348.31,   856.88
  603.32,   469.76,   605.29
  600.01,   471.52,   730.23
  596.69,   473.28,   855.17
  605.23,   594.74,   603.58
  601.91,   596.50,   728.52
  598.60,   598.26,   853.46
  348.34,   475.34,   99.03
  348.75,   474.33,   224.02
  349.16,   473.33,   349.02
  345.53,   600.30,   100.04
  345.94,   599.30,   225.04
  346.35,   598.30,   350.03
  342.71,   725.27,   101.05
  343.12,   724.26,   226.05
  343.53,   723.26,   351.04
  473.31,   478.16,   98.64
  473.72,   477.15,   223.64
  474.13,   476.15,   348.63
  470.49,   603.12,   99.65
  470.91,   602.12,   224.65
  471.32,   601.11,   349.64
  467.68,   728.08,   100.67
  468.09,   727.08,   225.66
  468.50,   726.08,   350.66
  598.28,   480.98,   98.25
  598.69,   479.97,   223.25
  599.10,   478.97,   348.24
  595.46,   605.94,   99.27
  595.87,   604.94,   224.26
  596.28,   603.93,   349.26
  592.65,   730.90,   100.28
  593.06,   729.90,   225.27
  593.47,   728.90,   350.27
  348.61,   473.40,   225.56
  345.81,   472.01,   350.52
  343.00,   470.62,   475.48
  350.63,   598.37,   226.99
  347.83,   596.99,   351.95
  345.03,   595.60,   476.92
  352.66,   723.35,   228.42
  349.85,   721.96,   353.39
  347.05,   720.58,   478.35
  473.56,   471.34,   228.34
  470.76,   469.95,   353.30
  467.95,   468.57,   478.26
  475.59,   596.32,   229.77
  472.78,   594.93,   354.74
  469.98,   593.54,   479.70
  477.61,   721.29,   231.21
  474.81,   719.91,   356.17
  472.00,   718.52,   481.13
  598.51,   469.28,   231.12
  595.71,   467.90,   356.09
  592.91,   466.51,   481.05
  600.54,   594.26,   232.56
  597.73,   592.87,   357.52
  594.93,   591.49,   482.48
  602.56,   719.24,   233.99
  599.76,   717.85,   358.95
  596.95,   716.46,   483.91
  351.05,   475.39,   351.97
  351.12,   472.69,   476.94
  351.18,   470.00,   601.91
  350.77,   600.36,   354.67
  350.84,   597.66,   479.64
  350.90,   594.97,   604.61
  350.49,   725.33,   357.36
  350.56,   722.64,   482.33
  350.62,   719.94,   607.30
  476.05,   475.67,   351.91
  476.12,   472.97,   476.88
  476.18,   470.28,   601.85
  475.77,   600.64,   354.61
  475.84,   597.94,   479.58
  475.90,   595.25,   604.55
  475.49,   725.61,   357.30
  475.56,   722.92,   482.27
  475.62,   720.22,   607.24
  601.05,   475.95,   351.85
  601.12,   473.25,   476.82
  601.18,   470.56,   601.79
  600.77,   600.92,   354.55
  600.84,   598.22,   479.52
  600.90,   595.53,   604.49
  600.49,   725.89,   357.24
  600.56,   723.20,   482.21
  600.62,   720.50,   607.18
  351.24,   475.58,   476.86
  349.66,   473.07,   601.82
  348.08,   470.56,   726.79
  351.14,   600.56,   479.37
  349.56,   598.04,   604.33
  347.98,   595.53,   729.30
  351.04,   725.53,   481.88
  349.46,   723.02,   606.85
  347.88,   720.51,   731.81
  476.23,   475.65,   478.44
  474.65,   473.14,   603.41
  473.07,   470.63,   728.37
  476.13,   600.63,   480.95
  474.55,   598.11,   605.92
  472.97,   595.60,   730.88
  476.03,   725.60,   483.46
  474.45,   723.09,   608.43
  472.87,   720.58,   733.39
  601.22,   475.72,   480.02
  599.64,   473.21,   604.99
  598.06,   470.70,   729.95
  601.12,   600.69,   482.53
  599.54,   598.18,   607.50
  597.96,   595.67,   732.46
  601.02,   725.67,   485.04
  599.44,   723.16,   610.01
  597.86,   720.65,   734.97
  350.71,   473.02,   601.04
  354.10,   469.81,   725.95
  357.49,   466.61,   850.87
  351.87,   597.97,   604.21
  355.26,   594.77,   729.13
  358.65,   591.56,   854.04
  353.03,   722.93,   607.39
  356.42,   719.72,   732.30
  359.81,   716.52,   857.21
  475.66,   471.95,   597.62
  479.05,   468.74,   722.54
  482.44,   465.54,   847.45
  476.82,   596.90,   600.80
  480.21,   593.70,   725.71
  483.60,   590.50,   850.62
  477.97,   721.86,   603.97
  481.36,   718.65,   728.88
  484.75,   715.45,   853.80
  600.61,   470.88,   594.20
  604.00,   467.68,   719.12
  607.39,   464.47,   844.03
  601.77,   595.83,   597.38
  605.16,   592.63,   722.29
  608.55,   589.43,   847.20
  602.92,   720.79,   600.55
  606.31,   717.58,   725.46
  609.70,   714.38,   850.38
  349.37,   598.46,   100.20
  350.22,   598.47,   225.20
  351.07,   598.49,   350.20
  349.77,   723.46,   100.18
  350.62,   723.47,   225.18
  351.47,   723.49,   350.18
  350.17,   848.46,   100.17
  351.02,   848.47,   225.16
  351.86,   848.49,   350.16
  474.37,   598.06,   99.35
  475.22,   598.08,   224.35
  476.06,   598.09,   349.35
  474.77,   723.06,   99.34
  475.61,   723.07,   224.33
  476.46,   723.09,   349.33
  475.16,   848.06,   99.32
  476.01,   848.07,   224.32
  476.86,   848.09,   349.31
  599.36,   597.66,   98.50
  600.21,   597.68,   223.50
  601.06,   597.69,   348.50
  599.76,   722.66,   98.49
  600.61,   722.68,   223.48
  601.46,   722.69,   348.48
  600.16,   847.66,   98.47
  601.01,   847.68,   223.47
  601.86,   847.69,   348.46
  349.49,   599.47,   226.83
  348.97,   596.74,   351.80
  348.46,   594.01,   476.77
  345.88,   724.39,   229.55
  345.37,   721.66,   354.52
  344.86,   718.93,   479.49
  342.28,   849.31,   232.26
  341.77,   846.58,   357.23
  341.25,   843.85,   482.20
  474.43,   603.06,   227.42
  473.92,   600.33,   352.39
  473.40,   597.60,   477.36
  470.83,   727.98,   230.14
  470.32,   725.25,   355.11
  469.80,   722.52,   480.08
  467.23,   852.90,   232.86
  466.72,   850.17,   357.83
  466.20,   847.43,   482.80
  599.38,   606.65,   228.02
  598.87,   603.92,   352.99
  598.35,   601.19,   477.96
  595.78,   731.57,   230.73
  595.26,   728.84,   355.70
  594.75,   726.10,   480.67
  592.18,   856.49,   233.45
  591.66,   853.76,   358.42
  591.15,   851.02,   483.39
  350.33,   600.03,   349.42
  353.90,   603.10,   474.33
  357.48,   606.17,   599.24
  349.49,   724.99,   346.37
  353.06,   728.06,   471.28
  356.63,   731.13,   596.19
  348.65,   849.95,   343.32
  352.22,   853.02,   468.23
  355.79,   856.09,   593.14
  475.27,   600.79,   345.82
  478.85,   603.86,   470.73
  482.42,   606.93,   595.64
  474.43,   725.75,   342.77
  478.01,   728.82,   467.69
  481.58,   731.89,   592.60
  473.59,   850.71,   339.73
  477.17,   853.78,   464.64
  480.74,   856.85,   589.55
  600.22,   601.54,   342.23
  603.79,   604.61,   467.14
  607.37,   607.68,   592.05
  599.38,   726.50,   339.18
  602.95,   729.57,   464.09
  606.53,   732.64,   589.00
  598.54,   851.46,   336.13
  602.11,   854.53,   461.04
  605.69,   857.60,   585.96
  348.83,   601.24,   473.01
  351.36,   597.84,   597.94
  353.90,   594.44,   722.87
  350.47,   726.19,   476.38
  353.01,   722.79,   601.30
  355.54,   719.39,   726.23
  352.12,   851.13,   479.74
  354.65,   847.73,   604.67
  357.18,   844.33,   729.60
  473.79,   599.67,   470.43
  476.33,   596.27,   595.36
  478.86,   592.87,   720.29
  475.44,   724.61,   473.80
  477.97,   721.21,   598.73
  480.50,   717.81,   723.66
  477.08,   849.56,   477.17
  479.61,   846.16,   602.09
  482.15,   842.76,   727.02
  598.76,   598.09,   467.86
  601.29,   594.69,   592.79
  603.82,   591.29,   717.71
  600.40,   723.04,   471.22
  602.93,   719.64,   596.15
  605.47,   716.24,   721.08
  602.05,   847.98,   474.59
  604.58,   844.58,   599.52
  607.11,   841.18,   724.45
  350.73,   598.60,   598.60
  352.72,   601.62,   723.55
  354.72,   604.65,   848.50
  347.69,   723.53,   595.62
  349.68,   726.55,   720.57
  351.68,   729.58,   845.52
  344.65,   848.45,   592.65
  346.65,   851.48,   717.59
  348.64,   854.51,   842.54
  475.67,   601.59,   596.53
  477.67,   604.61,   721.48
  479.66,   607.64,   846.43
  472.64,   726.52,   593.56
  474.63,   729.54,   718.50
  476.63,   732.57,   843.45
  469.60,   851.44,   590.58
  471.59,   854.47,   715.53
  473.59,   857.49,   840.48
  600.62,   604.58,   594.47
  602.61,   607.60,   719.41
  604.61,   610.63,   844.36
  597.58,   729.50,   591.49
  599.58,   732.53,   716.44
  601.57,   735.56,   841.38
  594.55,   854.43,   588.51
  596.54,   857.46,   713.46
  598.53,   860.48,   838.41
  474.77,   100.21,   100.99
  474.06,   101.41,   225.98
  473.35,   102.60,   350.97
  472.19,   225.18,   99.78
  471.49,   226.38,   224.77
  470.78,   227.57,   349.77
  469.62,   350.15,   98.57
  468.92,   351.34,   223.56
  468.21,   352.54,   348.56
  599.74,   102.79,   101.67
  599.03,   103.99,   226.66
  598.33,   105.18,   351.66
  597.17,   227.76,   100.46
  596.46,   228.96,   225.45
  595.75,   230.15,   350.45
  594.59,   352.73,   99.25
  593.89,   353.92,   224.24
  593.18,   355.12,   349.24
  724.71,   105.37,   102.35
  724.00,   106.57,   227.35
  723.30,   107.76,   352.34
  722.14,   230.34,   101.14
  721.43,   231.53,   226.14
  720.72,   232.73,   351.13
  719.57,   355.31,   99.93
  718.86,   356.50,   224.93
  718.15,   357.70,   349.92
  475.96,   101.75,   226.39
  472.96,   99.95,   351.35
  469.96,   98.15,   476.30
  477.46,   226.72,   228.23
  474.46,   224.93,   353.18
  471.46,   223.13,   478.13
  478.96,   351.70,   230.06
  475.96,   349.90,   355.01
  472.96,   348.11,   479.96
  600.91,   100.20,   229.37
  597.91,   98.41,   354.32
  594.91,   96.61,   479.27
  602.41,   225.18,   231.21
  599.41,   223.38,   356.16
  596.41,   221.59,   481.11
  603.91,   350.16,   233.04
  600.91,   348.36,   357.99
  597.91,   346.56,   482.94
  725.87,   98.66,   232.35
  722.87,   96.86,   357.30
  719.87,   95.07,   482.25
  727.37,   223.64,   234.18
  724.37,   221.84,   359.13
  721.37,   220.04,   484.09
  728.87,   348.62,   236.02
  725.87,   346.82,   360.97
  722.87,   345.02,   485.92
  473.85,   101.67,   348.56
  476.03,   101.14,   473.54
  478.21,   100.61,   598.52
  472.19,   226.66,   349.12
  474.38,   226.13,   474.10
  476.56,   225.59,   599.08
  470.54,   351.65,   349.68
  472.73,   351.11,   474.66
  474.91,   350.58,   599.64
  598.82,   103.33,   346.38
  601.00,   102.80,   471.36
  603.18,   102.27,   596.34
  597.16,   228.32,   346.94
  599.35,   227.79,   471.92
  601.53,   227.26,   596.90
  595.51,   353.31,   347.50
  597.70,   352.78,   472.48
  599.88,   352.24,   597.46
  723.79,   105.00,   344.20
  725.97,   104.46,   469.18
  728.15,   103.93,   594.16
  722.13,   229.98,   344.77
  724.32,   229.45,   469.75
  726.50,   228.92,   594.73
  720.48,   354.97,   345.33
  722.67,   354.44,   470.31
  724.85,   353.91,   595.29
  475.05,   99.18,   474.35
  475.40,   96.96,   599.33
  475.75,   94.73,   724.31
  474.72,   224.16,   476.58
  475.07,   221.94,   601.56
  475.43,   219.71,   726.54
  474.40,   349.14,   478.81
  474.75,   346.92,   603.79
  475.10,   344.69,   728.77
  600.05,   99.51,   474.01
  600.40,   97.29,   598.99
  600.75,   95.06,   723.97
  599.72,   224.49,   476.24
  600.07,   222.27,   601.22
  600.43,   220.04,   726.20
  599.40,   349.47,   478.46
  599.75,   347.25,   603.44
  600.10,   345.02,   728.42
  725.05,   99.85,   473.66
  725.40,   97.62,   598.64
  725.75,   95.39,   723.62
  724.72,   224.83,   475.89
  725.07,   222.60,   600.87
  725.42,   220.37,   725.85
  724.39,   349.81,   478.12
  724.75,   347.58,   603.10
  725.10,   345.35,   728.08
  475.74,   98.21,   598.00
  474.08,   95.27,   722.95
  472.41,   92.34,   847.91
  478.83,   223.13,   600.97
  477.17,   220.20,   725.93
  475.51,   217.26,   850.88
  481.92,   348.06,   603.95
  480.26,   345.12,   728.90
  478.60,   342.19,   853.86
  600.69,   95.08,   599.59
  599.03,   92.14,   724.54
  597.36,   89.21,   849.50
  603.78,   220.00,   602.56
  602.12,   217.07,   727.52
  600.46,   214.13,   852.47
  606.87,   344.93,   605.54
  605.21,   341.99,   730.49
  603.55,   339.06,   855.45
  725.64,   91.94,   601.18
  723.98,   89.01,   726.13
  722.31,   86.07,   851.09
  728.73,   216.87,   604.15
  727.07,   213.94,   729.11
  725.41,   211.00,   854.06
  731.82,   341.80,   607.13
  730.16,   338.86,   732.08
  728.50,   335.93,   857.04
  473.79,   226.24,   99.61
  475.97,   225.98,   224.59
  478.16,   225.73,   349.57
  473.13,   351.24,   99.88
  475.31,   350.98,   224.86
  477.49,   350.73,   349.84
  472.46,   476.24,   100.15
  474.65,   475.98,   225.13
  476.83,   475.72,   350.11
  598.77,   226.91,   97.43
  600.95,   226.65,   222.41
  603.14,   226.40,   347.39
  598.11,   351.91,   97.70
  600.29,   351.65,   222.68
  602.47,   351.39,   347.66
  597.44,   476.90,   97.96
  599.63,   476.65,   222.95
  601.81,   476.39,   347.93
  723.75,   227.58,   95.25
  725.93,   227.32,   220.23
  728.12,   227.06,   345.21
  723.08,   352.57,   95.51
  725.27,   352.32,   220.50
  727.45,   352.06,   345.48
  722.42,   477.57,   95.78
  724.60,   477.32,   220.76
  726.79,   477.06,   345.74
  475.52,   223.26,   223.82
  473.53,   219.73,   348.75
  471.54,   216.21,   473.69
  477.84,   348.18,   227.38
  475.85,   344.66,   352.31
  473.86,   341.14,   477.25
  480.16,   473.11,   230.94
  478.17,   469.59,   355.87
  476.18,   466.07,   480.81
  600.48,   220.88,   225.74
  598.50,   217.36,   350.68
  596.51,   213.84,   475.61
  602.80,   345.81,   229.30
  600.82,   342.29,   354.23
  598.83,   338.76,   479.17
  605.12,   470.74,   232.86
  603.14,   467.21,   357.79
  601.15,   463.69,   482.73
  725.45,   218.50,   227.66
  723.46,   214.98,   352.60
  721.47,   211.46,   477.53
  727.77,   343.43,   231.22
  725.78,   339.91,   356.16
  723.79,   336.39,   481.09
  730.09,   468.36,   234.78
  728.10,   464.84,   359.71
  726.11,   461.32,   484.65
  474.63,   224.13,   349.11
  471.75,   223.47,   474.07
  468.87,   222.81,   599.04
  477.71,   349.09,   349.84
  474.83,   348.43,   474.81
  471.95,   347.77,   599.77
  480.78,   474.05,   350.57
  477.90,   473.39,   475.54
  475.03,   472.73,   600.50
  599.56,   221.04,   351.97
  596.68,   220.38,   476.93
  593.80,   219.72,   601.90
  602.64,   346.00,   352.70
  599.76,   345.34,   477.67
  596.88,   344.68,   602.63
  605.71,   470.96,   353.44
  602.83,   470.30,   478.40
  599.95,   469.64,   603.37
  724.49,   217.95,   354.83
  721.61,   217.29,   479.80
  718.73,   216.63,   604.76
  727.57,   342.91,   355.56
  724.69,   342.25,   480.53
  721.81,   341.59,   605.49
  730.64,   467.87,   356.30
  727.76,   467.21,   481.26
  724.88,   466.55,   606.23
  476.58,   224.27,   474.92
  478.33,   222.43,   599.90
  480.08,   220.59,   724.87
  478.91,   349.24,   476.73
  480.65,   347.40,   601.70
  482.40,   345.56,   726.68
  481.23,   474.20,   478.54
  482.98,   472.36,   603.51
  484.73,   470.52,   728.48
  601.54,   221.97,   473.14
  603.29,   220.13,   598.12
  605.04,   218.29,   723.09
  603.87,   346.93,   474.95
  605.62,   345.10,   599.92
  607.37,   343.26,   724.90
  606.20,   471.90,   476.75
  607.95,   470.06,   601.73
  609.70,   468.22,   726.70
  726.51,   219.67,   471.36
  728.26,   217.83,   596.33
  730.01,   215.99,   721.31
  728.84,   344.63,   473.16
  730.59,   342.79,   598.14
  732.34,   340.95,   723.11
  731.17,   469.60,   474.97
  732.91,   467.76,   599.95
  734.66,   465.92,   724.92
  475.49,   225.46,   598.29
  477.48,   224.66,   723.27
  479.48,   223.85,   848.25
  471.89,   350.40,   599.15
  473.89,   349.60,   724.13
  475.88,   348.80,   849.11
  468.30,   475.35,   600.00
  470.29,   474.55,   724.98
  472.29,   473.75,   849.97
  600.42,   229.06,   596.32
  602.41,   228.26,   721.30
  604.41,   227.46,   846.28
  596.82,   354.01,   597.17
  598.82,   353.21,   722.16
  600.82,   352.41,   847.14
  593.23,   478.95,   598.03
  595.22,   478.15,   723.01
  597.22,   477.35,   847.99
  725.35,   232.67,   594.34
  727.35,   231.87,   719.33
  729.34,   231.07,   844.31
  721.76,   357.62,   595.20
  723.75,   356.82,   720.18
  725.75,   356.02,   845.17
  718.16,   482.56,   596.06
  720.16,   481.76,   721.04
  722.15,   480.96,   846.02
  473.99,   348.79,   99.01
  472.27,   350.84,   223.98
  470.56,   352.90,   348.95
  474.15,   473.77,   96.96
  472.44,   475.83,   221.93
  470.73,   477.88,   346.90
  474.32,   598.75,   94.90
  472.61,   600.81,   219.88
  470.90,   602.87,   344.85
  598.97,   348.65,   100.73
  597.26,   350.70,   225.70
  595.55,   352.76,   350.67
  599.14,   473.63,   98.67
  597.43,   475.69,   223.64
  595.72,   477.74,   348.62
  599.31,   598.61,   96.62
  597.60,   600.67,   221.59
  595.89,   602.72,   346.56
  723.96,   348.51,   102.44
  722.25,   350.56,   227.41
  720.54,   352.62,   352.38
  724.13,   473.49,   100.39
  722.42,   475.54,   225.36
  720.71,   477.60,   350.33
  724.30,   598.47,   98.33
  722.59,   600.53,   223.30
  720.88,   602.58,   348.28
  476.40,   349.30,   224.21
  477.51,   349.08,   349.21
  478.62,   348.86,   474.20
  479.92,   474.25,   224.40
  481.02,   474.03,   349.40
  482.13,   473.81,   474.39
  483.43,   599.20,   224.59
  484.54,   598.98,   349.59
  485.65,   598.76,   474.58
  601.35,   345.79,   223.10
  602.45,   345.57,   348.10
  603.56,   345.35,   473.09
  604.86,   470.74,   223.29
  605.97,   470.52,   348.29
  607.08,   470.30,   473.28
  608.38,   595.69,   223.48
  609.48,   595.47,   348.48
  610.59,   595.25,   473.47
  726.29,   342.28,   221.99
  727.40,   342.05,   346.98
  728.51,   341.83,   471.98
  729.81,   467.23,   222.18
  730.91,   467.00,   347.17
  732.02,   466.78,   472.17
  733.32,   592.18,   222.37
  734.43,   591.95,   347.36
  735.54,   591.73,   472.36
  476.82,   349.03,   349.08
  475.33,   346.59,   474.05
  473.84,   344.14,   599.02
  476.63,   474.01,   351.53
  475.14,   471.56,   476.49
  473.65,   469.12,   601.46
  476.44,   598.99,   353.97
  474.95,   596.54,   478.94
  473.46,   594.09,   603.90
  601.81,   349.19,   350.58
  600.32,   346.75,   475.54
  598.83,   344.30,   600.51
  601.62,   474.17,   353.02
  600.13,   471.72,   477.99
  598.64,   469.28,   602.95
  601.43,   599.14,   355.46
  599.94,   596.70,   480.43
  598.45,   594.25,   605.40
  726.80,   349.35,   352.07
  725.31,   346.90,   477.04
  723.82,   344.46,   602.00
  726.61,   474.33,   354.51
  725.12,   471.88,   479.48
  723.63,   469.43,   604.45
  726.42,   599.30,   356.96
  724.93,   596.86,   481.92
  723.45,   594.41,   606.89
  473.72,   348.74,   473.57
  473.34,   349.92,   598.56
  472.96,   351.10,   723.56
  475.84,   473.72,   472.40
  475.46,   474.90,   597.39
  475.07,   476.08,   722.38
  477.95,   598.70,   471.22
  477.57,   599.88,   596.22
  477.19,   601.06,   721.21
  598.70,   346.63,   473.97
  598.32,   347.81,   598.97
  597.94,   348.99,   723.96
  600.82,   471.61,   472.80
  600.44,   472.79,   597.79
  600.05,   473.97,   722.79
  602.94,   596.58,   471.63
  602.55,   597.76,   596.62
  602.17,   598.95,   721.61
  723.68,   344.52,   474.38
  723.30,   345.70,   599.37
  722.92,   346.88,   724.36
  725.80,   469.50,   473.20
  725.42,   470.68,   598.20
  725.04,   471.86,   723.19
  727.92,   594.47,   472.03
  727.53,   595.65,   597.02
  727.15,   596.83,   722.02
  476.34,   350.18,   601.19
  474.12,   349.34,   726.17
  471.89,   348.49,   851.15
  474.62,   475.16,   602.00
  472.40,   474.32,   726.98
  470.18,   473.48,   851.96
  472.91,   600.15,   602.81
  470.69,   599.31,   727.79
  468.47,   598.47,   852.77
  601.31,   351.87,   603.43
  599.08,   351.03,   728.40
  596.86,   350.19,   853.38
  599.59,   476.86,   604.24
  597.37,   476.02,   729.21
  595.15,   475.18,   854.19
  597.88,   601.85,   605.05
  595.66,   601.01,   730.02
  593.44,   600.16,   855.00
  726.28,   353.57,   605.66
  724.05,   352.73,   730.64
  721.83,   351.89,   855.61
  724.56,   478.56,   606.47
  722.34,   477.72,   731.45
  720.12,   476.88,   856.43
  722.85,   603.55,   607.28
  720.63,   602.70,   732.26
  718.40,   601.86,   857.24
  474.92,   475.63,   98.69
  474.31,   474.18,   223.68
  473.70,   472.74,   348.67
  478.61,   600.57,   100.15
  478.01,   599.12,   225.14
  477.40,   597.68,   350.13
  482.31,   725.50,   101.61
  481.70,   724.06,   226.60
  481.09,   722.61,   351.59
  599.86,   471.93,   99.26
  599.25,   470.48,   224.25
  598.64,   469.04,   349.24
  603.56,   596.86,   100.72
  602.95,   595.42,   225.71
  602.34,   593.97,   350.70
  607.25,   721.80,   102.18
  606.64,   720.36,   227.17
  606.04,   718.91,   352.16
  724.81,   468.22,   99.82
  724.20,   466.78,   224.81
  723.59,   465.34,   349.80
  728.50,   593.16,   101.28
  727.89,   591.72,   226.27
  727.28,   590.27,   351.26
  732.20,   718.10,   102.75
  731.59,   716.65,   227.74
  730.98,   715.21,   352.73
  473.79,   473.79,   222.99
  473.25,   471.38,   347.97
  472.71,   468.97,   472.95
  476.60,   598.74,   225.42
  476.06,   596.32,   350.40
  475.52,   593.91,   475.37
  479.40,   723.68,   227.85
  478.86,   721.27,   352.82
  478.33,   718.86,   477.80
  598.76,   470.98,   223.48
  598.22,   468.56,   348.45
  597.68,   466.15,   473.43
  601.56,   595.92,   225.90
  601.03,   593.51,   350.88
  600.49,   591.09,   475.86
  604.37,   720.87,   228.33
  603.83,   718.45,   353.31
  603.29,   716.04,   478.28
  723.72,   468.16,   223.96
  723.19,   465.75,   348.94
  722.65,   463.33,   473.91
  726.53,   593.10,   226.39
  725.99,   590.69,   351.36
  725.45,   588.28,   476.34
  729.34,   718.05,   228.81
  728.80,   715.64,   353.79
  728.26,   713.22,   478.77
  474.62,   474.51,   348.57
  476.36,   475.09,   473.56
  478.10,   475.66,   598.54
  478.32,   599.46,   347.95
  480.07,   600.03,   472.93
  481.81,   600.60,   597.92
  482.03,   724.40,   347.32
  483.77,   724.97,   472.31
  485.52,   725.55,   597.30
  599.55,   470.80,   346.84
  601.29,   471.37,   471.83
  603.04,   471.94,   596.82
  603.26,   595.74,   346.22
  605.00,   596.32,   471.21
  606.74,   596.89,   596.19
  606.96,   720.69,   345.60
  608.71,   721.26,   470.58
  610.45,   721.83,   595.57
  724.48,   467.08,   345.12
  726.23,   467.66,   470.10
  727.97,   468.23,   595.09
  728.19,   592.03,   344.49
  729.93,   592.60,   469.48
  731.68,   593.17,   594.47
  731.90,   716.97,   343.87
  733.64,   717.54,   468.86
  735.38,   718.12,   593.84
  476.80,   475.43,   476.42
  474.37,   478.31,   601.36
  471.94,   481.18,   726.30
  475.87,   600.40,   473.52
  473.44,   603.27,   598.47
  471.01,   606.15,   723.41
  474.93,   725.36,   470.63
  472.50,   728.23,   595.57
  470.08,   731.11,   720.52
  601.78,   476.42,   478.82
  599.35,   479.30,   603.77
  596.92,   482.17,   728.71
  600.84,   601.39,   475.93
  598.41,   604.26,   600.87
  595.98,   607.14,   725.82
  599.91,   726.35,   473.04
  597.48,   729.22,   597.98
  595.05,   732.10,   722.92
  726.75,   477.41,   481.23
  724.32,   480.29,   606.17
  721.89,   483.16,   731.12
  725.81,   602.38,   478.34
  723.38,   605.25,   603.28
  720.96,   608.13,   728.22
  724.88,   727.34,   475.44
  722.45,   730.21,   600.39
  720.02,   733.09,   725.33
  475.00,   473.10,   600.75
  471.53,   471.74,   725.70
  468.07,   470.39,   850.64
  476.77,   598.08,   602.16
  473.31,   596.72,   727.10
  469.84,   595.37,   852.05
  478.55,   723.06,   603.57
  475.08,   721.70,   728.51
  471.62,   720.35,   853.46
  599.94,   471.29,   604.20
  596.47,   469.93,   729.14
  593.01,   468.57,   854.09
  601.71,   596.27,   605.61
  598.25,   594.91,   730.55
  594.78,   593.55,   855.49
  603.49,   721.25,   607.01
  600.02,   719.89,   731.96
  596.56,   718.53,   856.90
  724.88,   469.47,   607.64
  721.41,   468.12,   732.59
  717.95,   466.76,   857.53
  726.65,   594.45,   609.05
  723.19,   593.10,   734.00
  719.72,   591.74,   858.94
  728.43,   719.43,   610.46
  724.96,   718.08,   735.40
  721.50,   716.72,   860.35
  475.13,   599.62,   100.60
  475.21,   598.57,   225.59
  475.29,   597.52,   350.59
  473.93,   724.61,   101.65
  474.01,   723.56,   226.64
  474.09,   722.51,   351.64
  472.74,   849.60,   102.70
  472.82,   848.55,   227.69
  472.90,   847.50,   352.69
  600.12,   600.81,   100.53
  600.20,   599.77,   225.52
  600.28,   598.72,   350.52
  598.93,   725.80,   101.58
  599.01,   724.76,   226.57
  599.09,   723.71,   351.57
  597.73,   850.79,   102.63
  597.81,   849.75,   227.62
  597.89,   848.70,   352.62
  725.11,   602.01,   100.46
  725.20,   600.96,   225.45
  725.28,   599.91,   350.45
  723.92,   727.00,   101.51
  724.00,   725.95,   226.50
  724.08,   724.90,   351.50
  722.73,   851.99,   102.55
  722.81,   850.94,   227.55
  722.89,   849.89,   352.55
  476.76,   598.58,   226.20
  474.12,   599.80,   351.17
  471.48,   601.02,   476.13
  478.03,   723.57,   225.01
  475.40,   724.79,   349.98
  472.76,   726.00,   474.94
  479.31,   848.56,   223.82
  476.67,   849.78,   348.79
  474.04,   850.99,   473.75
  601.72,   597.33,   228.85
  599.08,   598.55,   353.82
  596.45,   599.76,   478.78
  603.00,   722.32,   227.66
  600.36,   723.53,   352.63
  597.72,   724.75,   477.59
  604.28,   847.31,   226.47
  601.64,   848.52,   351.43
  599.00,   849.74,   476.40
  726.69,   596.08,   231.50
  724.05,   597.29,   356.47
  721.41,   598.51,   481.43
  727.97,   721.07,   230.31
  725.33,   722.28,   355.27
  722.69,   723.50,   480.24
  729.24,   846.05,   229.12
  726.61,   847.27,   354.08
  723.97,   848.49,   479.05
  476.35,   601.98,   350.89
  478.51,   599.27,   475.85
  480.66,   596.57,   600.80
  473.02,   726.90,   353.66
  475.18,   724.20,   478.61
  477.33,   721.49,   603.56
  469.70,   851.83,   356.42
  471.85,   849.12,   481.37
  474.01,   846.42,   606.33
  601.29,   605.35,   348.81
  603.44,   602.65,   473.76
  605.60,   599.94,   598.72
  597.96,   730.28,   351.58
  600.12,   727.57,   476.53
  602.27,   724.86,   601.48
  594.63,   855.20,   354.34
  596.79,   852.50,   479.29
  598.94,   849.79,   604.24
  726.22,   608.73,   346.73
  728.38,   606.02,   471.68
  730.54,   603.31,   596.63
  722.90,   733.65,   349.49
  725.05,   730.94,   474.44
  727.21,   728.24,   599.40
  719.57,   858.58,   352.26
  721.73,   855.87,   477.21
  723.88,   853.16,   602.16
  475.88,   598.67,   474.16
  472.93,   600.21,   599.12
  469.98,   601.75,   724.07
  477.04,   723.65,   472.65
  474.09,   725.19,   597.60
  471.14,   726.73,   722.56
  478.19,   848.64,   471.13
  475.24,   850.18,   596.09
  472.29,   851.72,   721.05
  600.84,   597.55,   477.13
  597.89,   599.09,   602.08
  594.94,   600.63,   727.04
  602.00,   722.53,   475.61
  599.05,   724.07,   600.57
  596.10,   725.61,   725.52
  603.15,   847.52,   474.10
  600.20,   849.06,   599.06
  597.25,   850.60,   724.01
  725.80,   596.43,   480.09
  722.85,   597.97,   605.05
  719.90,   599.51,   730.00
  726.96,   721.41,   478.58
  724.01,   722.95,   603.53
  721.06,   724.49,   728.49
  728.11,   846.40,   477.07
  725.16,   847.94,   602.02
  722.21,   849.48,   726.98
  475.26,   600.58,   599.20
  474.56,   597.45,   724.16
  473.86,   594.33,   849.12
  477.25,   725.52,   602.34
  476.55,   722.40,   727.30
  475.85,   719.27,   852.26
  479.24,   850.47,   605.48
  478.54,   847.34,   730.44
  477.83,   844.22,   855.40
  600.24,   598.57,   599.86
  599.54,   595.45,   724.82
  598.84,   592.32,   849.77
  602.23,   723.52,   602.99
  601.53,   720.39,   727.95
  600.83,   717.27,   852.91
  604.22,   848.46,   606.13
  603.52,   845.34,   731.09
  602.82,   842.21,   856.05
  725.23,   596.57,   600.51
  724.52,   593.44,   725.47
  723.82,   590.31,   850.43
  727.21,   721.51,   603.65
  726.51,   718.39,   728.61
  725.81,   715.26,   853.56
  729.20,   846.46,   606.78
  728.50,   843.33,   731.74
  727.80,   840.20,   856.70
  598.59,   101.46,   101.72
  598.99,   100.15,   226.71
  599.40,   98.83,   351.70
  601.29,   226.42,   103.02
  601.69,   225.11,   228.01
  602.09,   223.79,   353.01
  603.99,   351.39,   104.33
  604.39,   350.07,   229.32
  604.79,   348.76,   354.31
  723.56,   98.77,   101.28
  723.96,   97.45,   226.28
  724.37,   96.14,   351.27
  726.26,   223.73,   102.59
  726.66,   222.42,   227.58
  727.06,   221.10,   352.58
  728.96,   348.70,   103.90
  729.36,   347.38,   228.89
  729.76,   346.07,   353.88
  848.53,   96.07,   100.85
  848.94,   94.76,   225.85
  849.34,   93.44,   350.84
  851.23,   221.04,   102.16
  851.63,   219.72,   227.15
  852.03,   218.41,   352.15
  853.93,   346.00,   103.47
  854.33,   344.69,   228.46
  854.73,   343.37,   353.45
  600.88,   100.19,   224.32
  604.58,   99.79,   349.27
  608.27,   99.38,   474.21
  599.65,   225.19,   224.77
  603.34,   224.78,   349.71
  607.04,   224.38,   474.66
  598.42,   350.18,   225.21
  602.11,   349.77,   350.15
  605.81,   349.37,   475.10
  725.82,   101.44,   220.63
  729.52,   101.03,   345.58
  733.21,   100.63,   470.52
  724.59,   226.43,   221.08
  728.28,   226.03,   346.02
  731.98,   225.62,   470.96
  723.36,   351.43,   221.52
  727.05,   351.02,   346.46
  730.75,   350.61,   471.41
  850.76,   102.68,   216.94
  854.46,   102.28,   341.89
  858.15,   101.87,   466.83
  849.53,   227.68,   217.38
  853.22,   227.27,   342.33
  856.92,   226.86,   467.27
  848.30,   352.67,   217.83
  851.99,   352.26,   342.77
  855.69,   351.86,   467.72
  601.34,   99.38,   348.41
  603.09,   98.20,   473.39
  604.84,   97.01,   598.37
  601.47,   224.38,   349.59
  603.22,   223.19,   474.58
  604.97,   222.00,   599.56
  601.60,   349.37,   350.78
  603.35,   348.19,   475.76
  605.10,   347.00,   600.74
  726.33,   99.27,   346.66
  728.08,   98.08,   471.64
  729.83,   96.90,   596.62
  726.46,   224.27,   347.84
  728.21,   223.08,   472.83
  729.96,   221.89,   597.81
  726.59,   349.26,   349.03
  728.34,   348.07,   474.01
  730.09,   346.89,   598.99
  851.31,   99.16,   344.91
  853.06,   97.97,   469.89
  854.81,   96.78,   594.87
  851.44,   224.15,   346.09
  853.19,   222.97,   471.07
  854.94,   221.78,   596.06
  851.57,   349.15,   347.28
  853.32,   347.96,   472.26
  855.07,   346.77,   597.24
  598.29,   99.91,   473.65
  595.56,   100.70,   598.61
  592.84,   101.49,   723.58
  600.33,   224.89,   472.90
  597.60,   225.68,   597.87
  594.88,   226.47,   722.84
  602.37,   349.87,   472.16
  599.64,   350.66,   597.13
  596.92,   351.45,   722.09
  723.24,   97.88,   476.38
  720.51,   98.67,   601.35
  717.79,   99.46,   726.32
  725.28,   222.87,   475.64
  722.56,   223.65,   600.61
  719.83,   224.44,   725.58
  727.32,   347.85,   474.90
  724.60,   348.64,   599.86
  721.87,   349.42,   724.83
  848.19,   95.86,   479.12
  845.47,   96.65,   604.09
  842.74,   97.44,   729.06
  850.24,   220.84,   478.38
  847.51,   221.63,   603.35
  844.78,   222.42,   728.31
  852.28,   345.82,   477.63
  849.55,   346.61,   602.60
  846.83,   347.40,   727.57
  598.41,   100.66,   598.15
  599.85,   97.31,   723.10
  601.30,   93.95,   848.05
  600.04,   225.61,   601.49
  601.49,   222.25,   726.44
  602.94,   218.89,   851.38
  601.68,   350.55,   604.83
  603.13,   347.20,   729.77
  604.58,   343.84,   854.72
  723.39,   99.06,   596.66
  724.84,   95.71,   721.61
  726.28,   92.35,   846.56
  725.03,   224.01,   600.00
  726.47,   220.65,   724.95
  727.92,   217.30,   849.89
  726.66,   348.95,   603.34
  728.11,   345.60,   728.28
  729.56,   342.24,   853.23
  848.37,   97.47,   595.17
  849.82,   94.11,   720.12
  851.26,   90.75,   845.07
  850.01,   222.41,   598.51
  851.45,   219.05,   723.46
  852.90,   215.70,   848.40
  851.64,   347.35,   601.85
  853.09,   344.00,   726.79
  854.54,   340.64,   851.74
  600.69,   224.43,   98.40
  602.03,   225.29,   223.39
  603.38,   226.16,   348.38
  599.20,   349.41,   97.55
  600.54,   350.28,   222.54
  601.89,   351.15,   347.53
  597.71,   474.40,   96.70
  599.05,   475.27,   221.69
  600.40,   476.14,   346.68
  725.67,   225.91,   97.05
  727.02,   226.77,   222.04
  728.36,   227.64,   347.03
  724.18,   350.89,   96.20
  725.53,   351.76,   221.19
  726.87,   352.63,   346.18
  722.69,   475.88,   95.35
  724.04,   476.75,   220.34
  725.38,   477.62,   345.33
  850.66,   227.38,   95.70
  852.00,   228.25,   220.69
  853.34,   229.12,   345.68
  849.17,   352.37,   94.84
  850.51,   353.24,   219.83
  851.85,   354.11,   344.82
  847.68,   477.36,   93.99
  849.02,   478.23,   218.98
  850.37,   479.10,   343.97
  599.92,   223.14,   225.06
  597.09,   222.58,   350.02
  594.27,   222.02,   474.99
  600.41,   348.14,   225.63
  597.59,   347.58,   350.59
  594.76,   347.02,   475.56
  600.91,   473.13,   226.19
  598.08,   472.58,   351.16
  595.25,   472.02,   476.13
  724.89,   222.63,   227.88
  722.06,   222.08,   352.85
  719.23,   221.52,   477.82
  725.38,   347.63,   228.45
  722.55,   347.07,   353.42
  719.73,   346.52,   478.38
  725.87,   472.63,   229.02
  723.05,   472.07,   353.99
  720.22,   471.51,   478.95
  849.85,   222.13,   230.71
  847.03,   221.57,   355.68
  844.20,   221.01,   480.64
  850.35,   347.13,   231.28
  847.52,   346.57,   356.24
  844.69,   346.01,   481.21
  850.84,   472.12,   231.85
  848.01,   471.57,   356.81
  845.19,   471.01,   481.78
  600.04,   223.78,   348.42
  600.05,   226.05,   473.40
  600.06,   228.33,   598.37
  601.11,   348.75,   346.14
  601.12,   351.03,   471.12
  601.14,   353.31,   596.09
  602.18,   473.72,   343.86
  602.20,   476.00,   468.84
  602.21,   478.28,   593.82
  725.03,   222.70,   348.42
  725.04,   224.98,   473.40
  725.06,   227.26,   598.38
  726.10,   347.68,   346.14
  726.12,   349.96,   471.12
  726.13,   352.24,   596.10
  727.18,   472.65,   343.86
  727.19,   474.93,   468.84
  727.20,   477.21,   593.82
  850.03,   221.63,   348.43
  850.04,   223.91,   473.41
  850.05,   226.19,   598.39
  851.10,   346.60,   346.15
  851.11,   348.88,   471.13
  851.13,   351.16,   596.11
  852.17,   471.58,   343.87
  852.19,   473.86,   468.85
  852.20,   476.14,   593.83
  599.97,   224.21,   473.17
  599.32,   222.33,   598.16
  598.66,   220.45,   723.14
  603.33,   349.16,   475.07
  602.67,   347.28,   600.06
  602.02,   345.40,   725.04
  606.69,   474.10,   476.97
  606.03,   472.22,   601.95
  605.37,   470.34,   726.94
  724.93,   220.85,   473.78
  724.27,   218.97,   598.77
  723.61,   217.09,   723.75
  728.29,   345.79,   475.68
  727.63,   343.91,   600.66
  726.97,   342.03,   725.65
  731.64,   470.73,   477.58
  730.98,   468.85,   602.56
  730.33,   466.97,   727.54
  849.88,   217.48,   474.39
  849.22,   215.60,   599.37
  848.56,   213.72,   724.36
  853.24,   342.42,   476.29
  852.58,   340.54,   601.27
  851.92,   338.66,   726.25
  856.60,   467.36,   478.18
  855.94,   465.48,   603.17
  855.28,   463.60,   728.15
  600.88,   224.18,   599.03
  601.92,   226.77,   724.00
  602.96,   229.37,   848.97
  601.97,   349.14,   596.42
  603.01,   351.74,   721.39
  604.05,   354.34,   846.36
  603.07,   474.11,   593.82
  604.11,   476.71,   718.79
  605.15,   479.30,   843.76
  725.87,   223.06,   598.01
  726.91,   225.66,   722.98
  727.95,   228.25,   847.95
  726.96,   348.03,   595.41
  728.00,   350.63,   720.37
  729.05,   353.22,   845.34
  728.06,   473.00,   592.80
  729.10,   475.59,   717.77
  730.14,   478.19,   842.74
  850.86,   221.95,   596.99
  851.90,   224.54,   721.96
  852.94,   227.14,   846.93
  851.96,   346.91,   594.39
  853.00,   349.51,   719.36
  854.04,   352.11,   844.33
  853.05,   471.88,   591.78
  854.09,   474.48,   716.75
  855.13,   477.07,   841.72
  598.81,   350.27,   99.10
  600.11,   350.88,   224.09
  601.42,   351.49,   349.08
  595.66,   475.23,   98.52
  596.97,   475.84,   223.51
  598.27,   476.45,   348.50
  592.52,   600.19,   97.94
  593.82,   600.80,   222.93
  595.13,   601.41,   347.92
  723.76,   353.41,   97.78
  725.07,   354.02,   222.77
  726.37,   354.63,   347.76
  720.61,   478.37,   97.20
  721.92,   478.98,   222.19
  723.23,   479.59,   347.18
  717.47,   603.33,   96.62
  718.77,   603.94,   221.61
  720.08,   604.55,   346.60
  848.71,   356.55,   96.46
  850.02,   357.16,   221.45
  851.32,   357.77,   346.44
  845.57,   481.51,   95.88
  846.87,   482.12,   220.87
  848.18,   482.73,   345.86
  842.42,   606.47,   95.30
  843.73,   607.08,   220.29
  845.03,   607.69,   345.28
  598.97,   349.48,   226.03
  602.51,   348.65,   350.98
  606.06,   347.83,   475.92
  598.57,   474.47,   226.86
  602.12,   473.65,   351.81
  605.66,   472.82,   476.76
  598.18,   599.47,   227.70
  601.72,   598.64,   352.65
  605.26,   597.82,   477.59
  723.92,   349.90,   222.49
  727.46,   349.07,   347.44
  731.01,   348.25,   472.38
  723.52,   474.89,   223.32
  727.06,   474.07,   348.27
  730.61,   473.24,   473.22
  723.12,   599.89,   224.16
  726.67,   599.07,   349.11
  730.21,   598.24,   474.05
  848.87,   350.32,   218.95
  852.41,   349.49,   343.90
  855.95,   348.67,   468.84
  848.47,   475.31,   219.78
  852.01,   474.49,   344.73
  855.56,   473.67,   469.68
  848.07,   600.31,   220.62
  851.62,   599.49,   345.57
  855.16,   598.66,   470.51
  598.16,   351.40,   348.32
  595.52,   347.73,   473.24
  592.89,   344.06,   598.16
  601.58,   476.30,   352.06
  598.95,   472.63,   476.98
  596.31,   468.96,   601.90
  605.00,   601.19,   355.80
  602.37,   597.52,   480.72
  599.73,   593.86,   605.64
  723.09,   347.90,   350.86
  720.45,   344.23,   475.77
  717.81,   340.56,   600.69
  726.51,   472.80,   354.60
  723.87,   469.13,   479.51
  721.23,   465.46,   604.43
  729.93,   597.70,   358.34
  727.29,   594.03,   483.25
  724.66,   590.36,   608.17
  848.01,   344.40,   353.39
  845.37,   340.73,   478.31
  842.74,   337.07,   603.23
  851.43,   469.30,   357.13
  848.80,   465.63,   482.05
  846.16,   461.96,   606.97
  854.85,   594.20,   360.87
  852.22,   590.53,   485.79
  849.58,   586.86,   610.71
  600.55,   349.22,   473.24
  603.61,   345.82,   598.16
  606.67,   342.42,   723.07
  600.91,   474.18,   476.63
  603.97,   470.78,   601.55
  607.03,   467.38,   726.47
  601.26,   599.13,   480.03
  604.32,   595.73,   604.94
  607.38,   592.33,   729.86
  725.52,   348.95,   470.17
  728.57,   345.55,   595.09
  731.63,   342.15,   720.01
  725.87,   473.91,   473.57
  728.93,   470.51,   598.48
  731.99,   467.10,   723.40
  726.23,   598.86,   476.96
  729.28,   595.46,   601.88
  732.34,   592.06,   726.79
  850.48,   348.68,   467.11
  853.54,   345.28,   592.02
  856.60,   341.88,   716.94
  850.83,   473.63,   470.50
  853.89,   470.23,   595.41
  856.95,   466.83,   720.33
  851.19,   598.59,   473.89
  854.25,   595.19,   598.81
  857.31,   591.79,   723.72
  601.50,   351.47,   601.76
  603.81,   347.99,   726.69
  606.13,   344.50,   851.62
  598.65,   476.39,   605.30
  600.96,   472.90,   730.23
  603.27,   469.42,   855.16
  595.80,   601.30,   608.83
  598.11,   597.82,   733.76
  600.42,   594.34,   858.69
  726.45,   354.39,   599.53
  728.76,   350.90,   724.46
  731.07,   347.42,   849.39
  723.59,   479.30,   603.07
  725.91,   475.82,   728.00
  728.22,   472.34,   852.93
  720.74,   604.22,   606.60
  723.06,   600.74,   731.53
  725.37,   597.26,   856.46
  851.39,   357.30,   597.30
  853.71,   353.82,   722.23
  856.02,   350.34,   847.16
  848.54,   482.22,   600.83
  850.85,   478.74,   725.76
  853.17,   475.25,   850.69
  845.69,   607.14,   604.37
  848.00,   603.65,   729.30
  850.31,   600.17,   854.23
  600.51,   474.36,   98.52
  599.52,   473.65,   223.51
  598.53,   472.93,   348.50
  601.27,   599.36,   99.24
  600.28,   598.64,   224.23
  599.28,   597.93,   349.22
  602.03,   724.35,   99.96
  601.04,   723.64,   224.95
  600.04,   722.92,   349.94
  725.51,   473.60,   99.50
  724.51,   472.88,   224.50
  723.52,   472.17,   349.49
  726.26,   598.59,   100.23
  725.27,   597.88,   225.22
  724.28,   597.16,   350.21
  727.02,   723.59,   100.95
  726.03,   722.87,   225.94
  725.04,   722.16,   350.93
  850.50,   472.83,   100.49
  849.51,   472.12,   225.49
  848.51,   471.40,   350.48
  851.26,   597.83,   101.21
  850.27,   597.11,   226.21
  849.27,   596.40,   351.20
  852.02,   722.82,   101.93
  851.02,   722.11,   226.93
  850.03,   721.40,   351.92
  598.71,   475.27,   223.88
  598.75,   473.45,   348.87
  598.80,   471.64,   473.85
  602.38,   600.20,   225.69
  602.42,   598.39,   350.68
  602.47,   596.57,   475.67
  606.05,   725.13,   227.50
  606.09,   723.32,   352.49
  606.14,   721.51,   477.48
  723.65,   471.60,   223.78
  723.70,   469.78,   348.77
  723.75,   467.97,   473.75
  727.32,   596.53,   225.59
  727.37,   594.72,   350.58
  727.42,   592.90,   475.57
  730.99,   721.46,   227.40
  731.04,   719.65,   352.39
  731.09,   717.84,   477.38
  848.60,   467.93,   223.68
  848.65,   466.11,   348.67
  848.69,   464.30,   473.65
  852.27,   592.86,   225.49
  852.32,   591.05,   350.48
  852.36,   589.23,   475.47
  855.94,   717.79,   227.30
  855.99,   715.98,   352.29
  856.03,   714.17,   477.28
  600.95,   475.66,   350.44
  604.37,   475.46,   475.39
  607.78,   475.27,   600.34
  604.26,   600.62,   350.55
  607.67,   600.42,   475.50
  611.09,   600.22,   600.45
  607.57,   725.57,   350.65
  610.98,   725.38,   475.61
  614.40,   725.18,   600.56
  725.86,   472.36,   347.02
  729.28,   472.16,   471.97
  732.69,   471.96,   596.92
  729.17,   597.31,   347.12
  732.58,   597.12,   472.08
  736.00,   596.92,   597.03
  732.47,   722.27,   347.23
  735.89,   722.07,   472.19
  739.31,   721.87,   597.14
  850.77,   469.05,   343.60
  854.19,   468.86,   468.55
  857.60,   468.66,   593.50
  854.08,   594.01,   343.70
  857.49,   593.81,   468.66
  860.91,   593.61,   593.61
  857.38,   718.97,   343.81
  860.80,   718.77,   468.76
  864.22,   718.57,   593.72
  601.30,   476.60,   474.57
  600.69,   473.39,   599.53
  600.08,   470.18,   724.49
  601.13,   601.55,   477.78
  600.52,   598.35,   602.74
  599.91,   595.14,   727.69
  600.96,   726.51,   480.99
  600.35,   723.30,   605.95
  599.74,   720.10,   730.90
  726.30,   476.75,   475.19
  725.69,   473.54,   600.15
  725.08,   470.33,   725.10
  726.13,   601.71,   478.40
  725.52,   598.50,   603.35
  724.91,   595.29,   728.31
  725.96,   726.67,   481.60
  725.35,   723.46,   606.56
  724.74,   720.25,   731.52
  851.30,   476.90,   475.80
  850.69,   473.69,   600.76
  850.07,   470.48,   725.72
  851.13,   601.86,   479.01
  850.52,   598.65,   603.97
  849.91,   595.44,   728.93
  850.96,   726.82,   482.22
  850.35,   723.61,   607.18
  849.74,   720.40,   732.14
  600.90,   475.39,   600.19
  601.23,   476.50,   725.19
  601.56,   477.61,   850.18
  601.42,   600.39,   599.08
  601.75,   601.50,   724.08
  602.08,   602.61,   849.07
  601.93,   725.38,   597.97
  602.26,   726.49,   722.96
  602.59,   727.60,   847.96
  725.90,   474.87,   599.87
  726.23,   475.98,   724.86
  726.56,   477.09,   849.86
  726.42,   599.87,   598.76
  726.74,   600.98,   723.75
  727.07,   602.09,   848.74
  726.93,   724.86,   597.64
  727.26,   725.97,   722.64
  727.59,   727.08,   847.63
  850.90,   474.35,   599.54
  851.23,   475.46,   724.54
  851.56,   476.57,   849.53
  851.41,   599.35,   598.43
  851.74,   600.46,   723.42
  852.07,   601.57,   848.42
  851.93,   724.34,   597.32
  852.26,   725.45,   722.31
  852.59,   726.56,   847.31
  600.78,   601.45,   100.95
  598.31,   601.69,   225.92
  595.84,   601.94,   350.90
  598.48,   726.43,   100.65
  596.02,   726.67,   225.63
  593.55,   726.92,   350.61
  596.19,   851.41,   100.36
  593.72,   851.65,   225.34
  591.26,   851.90,   350.31
  725.73,   603.75,   103.41
  723.26,   603.99,   228.38
  720.80,   604.24,   353.36
  723.44,   728.73,   103.12
  720.97,   728.97,   228.09
  718.50,   729.22,   353.07
  721.14,   853.70,   102.83
  718.68,   853.95,   227.80
  716.21,   854.20,   352.78
  850.69,   606.05,   105.87
  848.22,   606.29,   230.85
  845.75,   606.54,   355.82
  848.39,   731.02,   105.58
  845.93,   731.27,   230.55
  843.46,   731.52,   355.53
  846.10,   856.00,   105.29
  843.63,   856.25,   230.26
  841.17,   856.49,   355.24
  599.21,   600.40,   224.59
  595.84,   602.10,   349.53
  592.48,   603.81,   474.48
  598.32,   725.39,   222.87
  594.96,   727.09,   347.81
  591.60,   728.79,   472.75
  597.43,   850.37,   221.14
  594.07,   852.07,   346.08
  590.71,   853.78,   471.03
  724.16,   601.34,   227.94
  720.80,   603.04,   352.88
  717.44,   604.74,   477.83
  723.27,   726.32,   226.21
  719.91,   728.02,   351.16
  716.55,   729.72,   476.10
  722.38,   851.30,   224.49
  719.02,   853.01,   349.43
  715.66,   854.71,   474.37
  849.11,   602.27,   231.29
  845.75,   603.97,   356.23
  842.39,   605.67,   481.17
  848.22,   727.25,   229.56
  844.86,   728.96,   354.50
  841.50,   730.66,   479.45
  847.33,   852.24,   227.83
  843.97,   853.94,   352.78
  840.61,   855.64,   477.72
  601.17,   600.57,   348.59
  600.70,   598.27,   473.57
  600.23,   595.96,   598.55
  599.75,   725.55,   350.89
  599.28,   723.24,   475.87
  598.81,   720.93,   600.85
  598.33,   850.52,   353.19
  597.86,   848.21,   478.17
  597.39,   845.90,   603.15
  726.16,   601.99,   349.08
  725.69,   599.68,   474.06
  725.23,   597.37,   599.04
  724.74,   726.96,   351.38
  724.27,   724.65,   476.36
  723.81,   722.34,   601.34
  723.32,   851.93,   353.69
  722.85,   849.62,   478.66
  722.38,   847.31,   603.64
  851.15,   603.40,   349.58
  850.68,   601.09,   474.55
  850.22,   598.78,   599.53
  849.73,   728.37,   351.88
  849.26,   726.06,   476.86
  848.80,   723.75,   601.83
  848.31,   853.34,   354.18
  847.84,   851.03,   479.16
  847.38,   848.72,   604.13
  601.13,   601.73,   474.03
  598.60,   604.20,   598.98
  596.07,   606.68,   723.93
  601.70,   726.71,   471.56
  599.17,   729.18,   596.51
  596.64,   731.65,   721.46
  602.27,   851.68,   469.10
  599.74,   854.15,   594.05
  597.20,   856.63,   719.00
  726.11,   601.21,   476.57
  723.57,   603.69,   601.52
  721.04,   606.16,   726.47
  726.67,   726.19,   474.11
  724.14,   728.66,   599.06
  721.61,   731.13,   724.01
  727.24,   851.16,   471.65
  724.71,   853.64,   596.60
  722.18,   856.11,   721.55
  851.08,   600.70,   479.11
  848.55,   603.17,   604.06
  846.02,   605.64,   729.01
  851.65,   725.67,   476.65
  849.11,   728.14,   601.60
  846.58,   730.62,   726.55
  852.21,   850.65,   474.19
  849.68,   853.12,   599.14
  847.15,   855.59,   724.09
  601.28,   600.64,   601.45
  602.33,   601.67,   726.44
  603.38,   602.69,   851.43
  601.34,   725.63,   600.42
  602.39,   726.66,   725.41
  603.44,   727.69,   850.40
  601.39,   850.63,   599.39
  602.44,   851.66,   724.38
  603.49,   852.69,   849.37
  726.28,   600.58,   600.40
  727.33,   601.60,   725.39
  728.38,   602.63,   850.38
  726.33,   725.57,   599.37
  727.38,   726.60,   724.36
  728.43,   727.63,   849.35
  726.39,   850.57,   598.34
  727.44,   851.60,   723.33
  728.49,   852.62,   848.32
  851.28,   600.51,   599.35
  852.32,   601.54,   724.34
  853.37,   602.57,   849.33
  851.33,   725.51,   598.32
  852.38,   726.54,   723.31
  853.43,   727.56,   848.30
  851.38,   850.50,   597.29
  852.43,   851.53,   722.28
  853.48,   852.56,   847.27
