27, 125, pa2-unknown-j-output1.txt
  204.30,   193.33,   199.46
  407.88,   391.90,   202.10
  99.60,   101.44,   99.38
  98.85,   104.44,   224.35
  98.11,   107.43,   349.31
  96.80,   226.37,   96.37
  96.05,   229.37,   221.34
  95.30,   232.36,   346.30
  93.99,   351.31,   93.36
  93.25,   354.30,   218.32
  92.50,   357.30,   343.29
  224.57,   104.26,   100.06
  223.82,   107.26,   225.03
  223.07,   110.25,   349.99
  221.76,   229.19,   97.05
  221.02,   232.19,   222.01
  220.27,   235.18,   346.98
  218.96,   354.13,   94.04
  218.21,   357.12,   219.00
  217.47,   360.12,   343.96
  349.53,   107.08,   100.74
  348.79,   110.08,   225.70
  348.04,   113.07,   350.67
  346.73,   232.02,   97.73
  345.98,   235.01,   222.69
  345.24,   238.01,   347.66
  343.93,   356.95,   94.72
  343.18,   359.94,   219.68
  342.43,   362.94,   344.64
  99.81,   101.68,   226.51
  98.84,   100.88,   351.51
  97.86,   100.08,   476.50
  102.75,   226.64,   227.33
  101.78,   225.84,   352.33
  100.80,   225.04,   477.32
  105.70,   351.60,   228.16
  104.72,   350.80,   353.15
  103.75,   350.00,   478.15
  224.77,   98.73,   227.47
  223.80,   97.93,   352.46
  222.82,   97.13,   477.45
  227.71,   223.69,   228.29
  226.74,   222.89,   353.28
  225.77,   222.09,   478.28
  230.66,   348.66,   229.11
  229.68,   347.85,   354.11
  228.71,   347.05,   479.10
  349.73,   95.78,   228.42
  348.76,   94.98,   353.41
  347.78,   94.18,   478.41
  352.68,   220.74,   229.24
  351.70,   219.94,   354.24
  350.73,   219.14,   479.23
  355.62,   345.71,   230.07
  354.64,   344.91,   355.06
  353.67,   344.11,   480.05
  99.02,   100.68,   349.47
  97.89,   97.89,   474.44
  96.75,   95.11,   599.40
  100.86,   225.63,   352.27
  99.72,   222.85,   477.24
  98.59,   220.07,   602.20
  102.70,   350.59,   355.07
  101.56,   347.80,   480.03
  100.43,   345.02,   605.00
  224.00,   98.81,   350.57
  222.87,   96.03,   475.53
  221.73,   93.25,   600.49
  225.84,   223.77,   353.37
  224.71,   220.99,   478.33
  223.57,   218.20,   603.29
  227.68,   348.72,   356.16
  226.54,   345.94,   481.13
  225.41,   343.16,   606.09
  348.98,   96.95,   351.66
  347.85,   94.17,   476.62
  346.71,   91.39,   601.59
  350.82,   221.91,   354.46
  349.69,   219.12,   479.42
  348.55,   216.34,   604.39
  352.66,   346.86,   357.26
  351.53,   344.08,   482.22
  350.39,   341.30,   607.19
  101.38,   99.63,   474.09
  99.63,   103.15,   599.03
  97.89,   106.66,   723.97
  100.83,   224.58,   470.57
  99.08,   228.10,   595.51
  97.34,   231.61,   720.45
  100.28,   349.53,   467.05
  98.53,   353.05,   591.98
  96.79,   356.56,   716.92
  226.36,   100.23,   475.82
  224.62,   103.75,   600.76
  222.88,   107.26,   725.70
  225.81,   225.18,   472.30
  224.07,   228.70,   597.24
  222.33,   232.21,   722.17
  225.26,   350.13,   468.77
  223.52,   353.65,   593.71
  221.78,   357.16,   718.65
  351.35,   100.83,   477.55
  349.61,   104.34,   602.49
  347.86,   107.86,   727.43
  350.80,   225.78,   474.03
  349.06,   229.29,   598.96
  347.31,   232.81,   723.90
  350.25,   350.73,   470.50
  348.51,   354.24,   595.44
  346.76,   357.76,   720.38
  98.95,   99.89,   598.83
  96.52,   102.06,   723.79
  94.09,   104.22,   848.74
  100.84,   224.86,   596.70
  98.41,   227.02,   721.66
  95.98,   229.19,   846.61
  102.73,   349.83,   594.57
  100.30,   351.99,   719.53
  97.87,   354.16,   844.48
  223.92,   98.04,   601.29
  221.49,   100.21,   726.25
  219.06,   102.38,   851.21
  225.80,   223.01,   599.16
  223.37,   225.18,   724.12
  220.94,   227.34,   849.08
  227.69,   347.98,   597.03
  225.26,   350.15,   721.99
  222.83,   352.31,   846.95
  348.88,   96.20,   603.75
  346.45,   98.36,   728.71
  344.02,   100.53,   853.67
  350.77,   221.17,   601.62
  348.34,   223.33,   726.58
  345.91,   225.50,   851.54
  352.66,   346.13,   599.49
  350.23,   348.30,   724.45
  347.80,   350.47,   849.41
  101.04,   224.47,   100.40
  97.79,   222.28,   225.34
  94.55,   220.08,   350.28
  102.64,   349.44,   102.64
  99.39,   347.25,   227.57
  96.15,   345.05,   352.51
  104.24,   474.41,   104.87
  100.99,   472.22,   229.81
  97.75,   470.02,   354.75
  225.98,   222.81,   103.61
  222.74,   220.62,   228.55
  219.50,   218.42,   353.49
  227.58,   347.78,   105.85
  224.34,   345.59,   230.79
  221.10,   343.39,   355.73
  229.18,   472.75,   108.09
  225.94,   470.56,   233.03
  222.70,   468.36,   357.96
  350.93,   221.16,   106.83
  347.69,   218.96,   231.77
  344.44,   216.77,   356.71
  352.53,   346.13,   109.07
  349.29,   343.93,   234.00
  346.04,   341.74,   358.94
  354.13,   471.10,   111.30
  350.89,   468.90,   236.24
  347.64,   466.71,   361.18
  100.46,   224.58,   225.59
  99.61,   224.26,   350.59
  98.76,   223.95,   475.58
  97.53,   349.55,   225.89
  96.68,   349.23,   350.89
  95.83,   348.91,   475.88
  94.61,   474.51,   226.19
  93.76,   474.20,   351.18
  92.91,   473.88,   476.18
  225.42,   227.51,   226.45
  224.57,   227.19,   351.44
  223.72,   226.87,   476.44
  222.49,   352.47,   226.74
  221.65,   352.15,   351.74
  220.80,   351.83,   476.74
  219.57,   477.44,   227.04
  218.72,   477.12,   352.04
  217.87,   476.80,   477.04
  350.38,   230.43,   227.30
  349.53,   230.11,   352.30
  348.68,   229.79,   477.30
  347.46,   355.39,   227.60
  346.61,   355.08,   352.60
  345.76,   354.76,   477.59
  344.53,   480.36,   227.90
  343.68,   480.04,   352.90
  342.83,   479.72,   477.89
  100.64,   226.47,   349.56
  97.72,   228.45,   474.51
  94.79,   230.43,   599.46
  97.06,   351.40,   347.50
  94.14,   353.38,   472.45
  91.21,   355.36,   597.40
  93.48,   476.33,   345.44
  90.55,   478.31,   470.39
  87.63,   480.29,   595.34
  225.56,   230.10,   352.43
  222.63,   232.08,   477.38
  219.71,   234.06,   602.33
  221.98,   355.03,   350.37
  219.05,   357.01,   475.32
  216.13,   358.99,   600.27
  218.40,   479.96,   348.30
  215.47,   481.94,   473.25
  212.54,   483.92,   598.20
  350.47,   233.73,   355.30
  347.55,   235.71,   480.25
  344.62,   237.69,   605.20
  346.89,   358.66,   353.24
  343.97,   360.64,   478.19
  341.04,   362.62,   603.14
  343.31,   483.59,   351.17
  340.38,   485.57,   476.12
  337.46,   487.55,   601.07
  100.51,   226.19,   476.12
  100.82,   224.77,   601.11
  101.13,   223.36,   726.10
  102.87,   351.16,   477.53
  103.18,   349.74,   602.52
  103.49,   348.33,   727.51
  105.22,   476.13,   478.94
  105.54,   474.71,   603.93
  105.85,   473.30,   728.92
  225.49,   223.83,   475.78
  225.80,   222.42,   600.78
  226.11,   221.00,   725.77
  227.84,   348.80,   477.19
  228.15,   347.39,   602.18
  228.47,   345.97,   727.18
  230.20,   473.77,   478.60
  230.51,   472.36,   603.59
  230.82,   470.94,   728.58
  350.46,   221.48,   475.45
  350.77,   220.06,   600.44
  351.09,   218.65,   725.43
  352.82,   346.45,   476.85
  353.13,   345.03,   601.85
  353.44,   343.62,   726.84
  355.18,   471.42,   478.26
  355.49,   470.00,   603.25
  355.80,   468.59,   728.25
  98.42,   226.33,   598.95
  97.18,   223.67,   723.91
  95.95,   221.01,   848.88
  95.05,   351.26,   601.57
  93.82,   348.60,   726.54
  92.58,   345.94,   851.51
  91.68,   476.18,   604.20
  90.45,   473.52,   729.17
  89.22,   470.86,   854.13
  223.36,   229.67,   600.25
  222.13,   227.01,   725.22
  220.90,   224.35,   850.18
  220.00,   354.60,   602.88
  218.76,   351.94,   727.84
  217.53,   349.28,   852.81
  216.63,   479.52,   605.50
  215.40,   476.86,   730.47
  214.16,   474.20,   855.44
  348.31,   233.01,   601.56
  347.08,   230.35,   726.52
  345.85,   227.69,   851.49
  344.95,   357.94,   604.18
  343.71,   355.28,   729.15
  342.48,   352.62,   854.11
  341.58,   482.86,   606.81
  340.35,   480.20,   731.77
  339.11,   477.54,   856.74
  101.90,   351.80,   100.94
  98.32,   349.06,   225.86
  94.74,   346.32,   350.78
  104.92,   476.73,   103.77
  101.34,   473.99,   228.69
  97.76,   471.25,   353.61
  107.93,   601.66,   106.59
  104.36,   598.92,   231.51
  100.78,   596.19,   356.43
  226.81,   348.70,   104.45
  223.23,   345.96,   229.37
  219.65,   343.23,   354.29
  229.83,   473.64,   107.28
  226.25,   470.90,   232.20
  222.67,   468.16,   357.12
  232.85,   598.57,   110.10
  229.27,   595.83,   235.02
  225.69,   593.09,   359.94
  351.72,   345.61,   107.96
  348.14,   342.87,   232.88
  344.56,   340.13,   357.80
  354.74,   470.54,   110.79
  351.16,   467.80,   235.71
  347.58,   465.06,   360.63
  357.76,   595.47,   113.62
  354.18,   592.73,   238.53
  350.60,   589.99,   363.45
  101.46,   351.54,   226.24
  100.20,   348.21,   351.19
  98.95,   344.88,   476.14
  101.13,   476.49,   229.56
  99.87,   473.17,   354.51
  98.62,   469.84,   479.46
  100.80,   601.45,   232.89
  99.55,   598.12,   357.84
  98.29,   594.79,   482.79
  226.45,   351.83,   227.50
  225.20,   348.50,   352.45
  223.94,   345.18,   477.40
  226.12,   476.79,   230.83
  224.87,   473.46,   355.78
  223.61,   470.13,   480.73
  225.79,   601.74,   234.15
  224.54,   598.41,   359.10
  223.29,   595.09,   484.05
  351.44,   352.13,   228.76
  350.19,   348.80,   353.71
  348.93,   345.47,   478.66
  351.11,   477.08,   232.09
  349.86,   473.75,   357.04
  348.61,   470.42,   481.99
  350.79,   602.04,   235.41
  349.53,   598.71,   360.36
  348.28,   595.38,   485.31
  99.09,   349.61,   348.31
  102.27,   350.15,   473.27
  105.44,   350.69,   598.23
  99.61,   474.61,   347.76
  102.79,   475.15,   472.72
  105.96,   475.69,   597.67
  100.14,   599.61,   347.20
  103.31,   600.14,   472.16
  106.49,   600.68,   597.12
  224.05,   349.07,   345.13
  227.22,   349.61,   470.09
  230.40,   350.15,   595.05
  224.57,   474.07,   344.58
  227.75,   474.61,   469.54
  230.92,   475.15,   594.50
  225.09,   599.07,   344.03
  228.27,   599.61,   468.99
  231.45,   600.15,   593.95
  349.01,   348.54,   341.96
  352.18,   349.08,   466.92
  355.36,   349.61,   591.88
  349.53,   473.54,   341.41
  352.71,   474.07,   466.37
  355.88,   474.61,   591.33
  350.05,   598.53,   340.86
  353.23,   599.07,   465.82
  356.40,   599.61,   590.77
  101.19,   350.53,   473.09
  98.65,   347.56,   598.03
  96.11,   344.60,   722.97
  101.54,   475.50,   476.07
  99.00,   472.53,   601.01
  96.46,   469.56,   725.94
  101.89,   600.46,   479.04
  99.35,   597.49,   603.98
  96.82,   594.52,   728.92
  226.16,   350.12,   475.62
  223.62,   347.15,   600.56
  221.08,   344.18,   725.50
  226.51,   475.08,   478.59
  223.97,   472.12,   603.53
  221.44,   469.15,   728.47
  226.86,   600.05,   481.57
  224.33,   597.08,   606.51
  221.79,   594.11,   731.45
  351.13,   349.71,   478.15
  348.60,   346.74,   603.09
  346.06,   343.77,   728.03
  351.49,   474.67,   481.12
  348.95,   471.70,   606.06
  346.41,   468.74,   731.00
  351.84,   599.63,   484.10
  349.30,   596.67,   609.04
  346.76,   593.70,   733.98
  100.36,   350.62,   599.15
  100.78,   352.23,   724.14
  101.20,   353.85,   849.13
  96.90,   475.56,   597.55
  97.32,   477.18,   722.54
  97.74,   478.79,   847.53
  93.44,   600.51,   595.95
  93.85,   602.12,   720.94
  94.27,   603.73,   845.93
  225.32,   354.08,   598.69
  225.73,   355.69,   723.68
  226.15,   357.31,   848.67
  221.85,   479.02,   597.09
  222.27,   480.63,   722.08
  222.69,   482.25,   847.07
  218.39,   603.96,   595.49
  218.81,   605.58,   720.48
  219.22,   607.19,   845.47
  350.27,   357.54,   598.23
  350.68,   359.15,   723.22
  351.10,   360.76,   848.21
  346.80,   482.48,   596.63
  347.22,   484.09,   721.62
  347.64,   485.71,   846.61
  343.34,   607.42,   595.03
  343.76,   609.03,   720.02
  344.18,   610.65,   845.01
  98.22,   475.31,   100.03
  95.95,   477.15,   225.00
  93.69,   478.98,   349.96
  100.25,   600.28,   98.23
  97.98,   602.12,   223.20
  95.72,   603.95,   348.16
  102.28,   725.25,   96.43
  100.01,   727.09,   221.40
  97.75,   728.92,   346.36
  223.18,   473.31,   102.33
  220.92,   475.15,   227.29
  218.65,   476.99,   352.26
  225.21,   598.28,   100.53
  222.95,   600.12,   225.49
  220.68,   601.96,   350.46
  227.24,   723.25,   98.73
  224.98,   725.09,   223.69
  222.71,   726.93,   348.66
  348.15,   471.32,   104.62
  345.88,   473.15,   229.59
  343.61,   474.99,   354.56
  350.18,   596.29,   102.82
  347.91,   598.12,   227.79
  345.64,   599.96,   352.76
  352.21,   721.26,   101.02
  349.94,   723.09,   225.99
  347.67,   724.93,   350.96
  99.17,   473.88,   223.97
  96.06,   475.86,   348.92
  92.94,   477.85,   473.86
  95.93,   598.82,   221.91
  92.82,   600.81,   346.86
  89.71,   602.79,   471.80
  92.70,   723.77,   219.85
  89.59,   725.75,   344.79
  86.48,   727.73,   469.74
  224.09,   477.17,   227.03
  220.97,   479.15,   351.98
  217.86,   481.13,   476.92
  220.85,   602.11,   224.97
  217.74,   604.09,   349.91
  214.63,   606.07,   474.86
  217.62,   727.05,   222.91
  214.51,   729.03,   347.85
  211.39,   731.01,   472.80
  349.01,   480.45,   230.09
  345.89,   482.43,   355.03
  342.78,   484.41,   479.98
  345.77,   605.39,   228.03
  342.66,   607.37,   352.97
  339.55,   609.36,   477.92
  342.54,   730.33,   225.97
  339.43,   732.32,   350.91
  336.31,   734.30,   475.86
  99.65,   476.43,   348.50
  102.49,   479.34,   473.43
  105.32,   482.24,   598.36
  97.14,   601.38,   345.65
  99.98,   604.28,   470.58
  102.82,   607.18,   595.52
  94.64,   726.32,   342.80
  97.48,   729.22,   467.74
  100.31,   732.12,   592.67
  224.59,   478.87,   345.60
  227.43,   481.77,   470.54
  230.26,   484.68,   595.47
  222.09,   603.81,   342.76
  224.92,   606.72,   467.69
  227.76,   609.62,   592.62
  219.58,   728.76,   339.91
  222.42,   731.66,   464.85
  225.26,   734.56,   589.78
  349.53,   481.31,   342.71
  352.37,   484.21,   467.64
  355.21,   487.11,   592.58
  347.03,   606.25,   339.86
  349.87,   609.16,   464.80
  352.70,   612.06,   589.73
  344.53,   731.20,   337.02
  347.36,   734.10,   461.95
  350.20,   737.00,   586.89
  100.48,   476.76,   475.07
  101.31,   478.84,   600.05
  102.15,   480.92,   725.03
  101.31,   601.74,   472.99
  102.14,   603.82,   597.97
  102.98,   605.90,   722.95
  102.14,   726.72,   470.91
  102.97,   728.80,   595.89
  103.81,   730.88,   720.87
  225.47,   475.92,   474.25
  226.31,   478.00,   599.23
  227.14,   480.07,   724.21
  226.30,   600.90,   472.17
  227.14,   602.98,   597.15
  227.97,   605.05,   722.13
  227.13,   725.88,   470.09
  227.97,   727.96,   595.07
  228.80,   730.03,   720.05
  350.47,   475.07,   473.43
  351.30,   477.15,   598.41
  352.14,   479.23,   723.39
  351.30,   600.05,   471.35
  352.13,   602.13,   596.33
  352.97,   604.21,   721.31
  352.13,   725.03,   469.26
  352.96,   727.11,   594.24
  353.80,   729.19,   719.22
  101.44,   475.88,   598.24
  104.36,   478.24,   723.18
  107.28,   480.59,   848.12
  101.63,   600.86,   595.88
  104.55,   603.21,   720.82
  107.47,   605.57,   845.77
  101.82,   725.84,   593.52
  104.74,   728.19,   718.47
  107.66,   730.54,   843.41
  226.40,   475.64,   595.32
  229.33,   477.99,   720.26
  232.25,   480.34,   845.20
  226.59,   600.62,   592.96
  229.52,   602.97,   717.90
  232.44,   605.32,   842.85
  226.78,   725.60,   590.60
  229.70,   727.95,   715.55
  232.63,   730.30,   840.49
  351.37,   475.40,   592.40
  354.29,   477.75,   717.34
  357.22,   480.10,   842.29
  351.56,   600.38,   590.04
  354.48,   602.73,   714.99
  357.40,   605.08,   839.93
  351.75,   725.35,   587.69
  354.67,   727.71,   712.63
  357.59,   730.06,   837.57
  99.09,   599.83,   99.88
  101.82,   599.07,   224.85
  104.55,   598.31,   349.82
  95.87,   724.79,   100.72
  98.61,   724.03,   225.68
  101.34,   723.26,   350.65
  92.66,   849.75,   101.55
  95.39,   848.98,   226.52
  98.12,   848.22,   351.49
  224.02,   603.07,   97.17
  226.75,   602.30,   222.14
  229.48,   601.54,   347.11
  220.80,   728.02,   98.00
  223.53,   727.26,   222.97
  226.27,   726.49,   347.94
  217.59,   852.98,   98.84
  220.32,   852.21,   223.81
  223.05,   851.45,   348.77
  348.94,   606.30,   94.46
  351.68,   605.53,   219.43
  354.41,   604.77,   344.39
  345.73,   731.25,   95.29
  348.46,   730.49,   220.26
  351.20,   729.73,   345.23
  342.52,   856.21,   96.13
  345.25,   855.44,   221.09
  347.98,   854.68,   346.06
  101.08,   600.71,   226.72
  104.70,   602.55,   351.65
  108.31,   604.39,   476.59
  104.72,   725.64,   224.78
  108.34,   727.48,   349.71
  111.95,   729.32,   474.64
  108.37,   850.58,   222.83
  111.98,   852.41,   347.77
  115.59,   854.25,   472.70
  225.98,   597.02,   223.16
  229.59,   598.85,   348.09
  233.20,   600.69,   473.03
  229.62,   721.95,   221.22
  233.23,   723.78,   346.15
  236.85,   725.62,   471.09
  233.26,   846.88,   219.28
  236.87,   848.72,   344.21
  240.49,   850.55,   469.14
  350.87,   593.32,   219.60
  354.48,   595.16,   344.53
  358.10,   596.99,   469.47
  354.51,   718.25,   217.66
  358.13,   720.09,   342.59
  361.74,   721.92,   467.53
  358.15,   843.18,   215.72
  361.77,   845.02,   340.65
  365.38,   846.86,   465.58
  101.74,   599.65,   350.86
  104.05,   599.88,   475.84
  106.36,   600.12,   600.82
  102.82,   724.64,   350.60
  105.13,   724.88,   475.58
  107.44,   725.11,   600.56
  103.91,   849.64,   350.35
  106.22,   849.87,   475.33
  108.53,   850.11,   600.31
  226.72,   598.56,   348.55
  229.02,   598.79,   473.53
  231.33,   599.03,   598.51
  227.80,   723.55,   348.30
  230.11,   723.79,   473.27
  232.42,   724.02,   598.25
  228.88,   848.55,   348.04
  231.19,   848.78,   473.02
  233.50,   849.02,   598.00
  351.69,   597.47,   346.24
  354.00,   597.71,   471.22
  356.31,   597.94,   596.20
  352.77,   722.47,   345.99
  355.08,   722.70,   470.97
  357.39,   722.94,   595.95
  353.86,   847.46,   345.73
  356.16,   847.70,   470.71
  358.47,   847.93,   595.69
  101.04,   601.36,   475.84
  97.97,   604.08,   600.78
  94.90,   606.81,   725.71
  99.50,   726.32,   473.08
  96.43,   729.04,   598.01
  93.36,   731.77,   722.94
  97.96,   851.28,   470.31
  94.89,   854.00,   595.24
  91.82,   856.73,   720.17
  225.99,   602.96,   478.88
  222.92,   605.69,   603.81
  219.85,   608.42,   728.74
  224.45,   727.92,   476.11
  221.38,   730.65,   601.04
  218.31,   733.38,   725.98
  222.91,   852.88,   473.34
  219.84,   855.61,   598.28
  216.77,   858.34,   723.21
  350.94,   604.57,   481.91
  347.87,   607.30,   606.84
  344.80,   610.02,   731.78
  349.40,   729.53,   479.14
  346.33,   732.26,   604.08
  343.26,   734.98,   729.01
  347.86,   854.49,   476.38
  344.79,   857.22,   601.31
  341.72,   859.94,   726.24
  99.98,   598.46,   600.42
  98.51,   600.76,   725.39
  97.03,   603.06,   850.36
  101.63,   723.43,   598.14
  100.16,   725.73,   723.11
  98.68,   728.03,   848.08
  103.28,   848.40,   595.85
  101.81,   850.70,   720.82
  100.33,   853.00,   845.79
  224.96,   596.84,   601.92
  223.49,   599.14,   726.89
  222.01,   601.44,   851.86
  226.61,   721.81,   599.64
  225.14,   724.11,   724.61
  223.66,   726.41,   849.58
  228.26,   846.78,   597.36
  226.79,   849.08,   722.33
  225.31,   851.38,   847.30
  349.94,   595.22,   603.43
  348.47,   597.52,   728.40
  346.99,   599.82,   853.37
  351.59,   720.18,   601.15
  350.12,   722.49,   726.12
  348.64,   724.79,   851.09
  353.24,   845.15,   598.86
  351.77,   847.45,   723.83
  350.29,   849.75,   848.80
  224.59,   100.63,   98.29
  225.33,   102.51,   223.27
  226.07,   104.40,   348.26
  224.74,   225.61,   96.40
  225.48,   227.50,   221.38
  226.22,   229.39,   346.37
  224.88,   350.60,   94.51
  225.62,   352.49,   219.49
  226.36,   354.38,   344.48
  349.59,   100.47,   97.55
  350.33,   102.36,   222.54
  351.07,   104.25,   347.52
  349.73,   225.46,   95.66
  350.47,   227.35,   220.65
  351.21,   229.24,   345.63
  349.88,   350.44,   93.77
  350.62,   352.33,   218.76
  351.36,   354.22,   343.74
  474.59,   100.32,   96.82
  475.33,   102.21,   221.80
  476.07,   104.10,   346.78
  474.73,   225.30,   94.93
  475.47,   227.19,   219.91
  476.21,   229.08,   344.89
  474.88,   350.29,   93.04
  475.61,   352.18,   218.02
  476.35,   354.07,   343.00
  226.35,   99.10,   224.18
  224.11,   95.58,   349.11
  221.86,   92.05,   474.04
  225.64,   224.05,   227.70
  223.39,   220.53,   352.63
  221.15,   217.00,   477.56
  224.93,   349.00,   231.21
  222.68,   345.48,   356.14
  220.44,   341.95,   481.07
  351.33,   99.75,   226.44
  349.08,   96.23,   351.37
  346.84,   92.70,   476.30
  350.61,   224.70,   229.96
  348.37,   221.17,   354.89
  346.13,   217.65,   479.82
  349.90,   349.65,   233.47
  347.66,   346.12,   358.40
  345.42,   342.60,   483.33
  476.30,   100.40,   228.71
  474.06,   96.87,   353.64
  471.82,   93.35,   478.57
  475.59,   225.35,   232.22
  473.35,   221.82,   357.15
  471.11,   218.30,   482.08
  474.88,   350.30,   235.73
  472.64,   346.77,   360.66
  470.40,   343.24,   485.59
  224.31,   99.94,   349.16
  221.00,   101.44,   474.11
  217.69,   102.93,   599.05
  224.47,   224.93,   347.67
  221.16,   226.43,   472.61
  217.85,   227.92,   597.56
  224.64,   349.92,   346.18
  221.33,   351.42,   471.12
  218.01,   352.91,   596.07
  349.27,   99.82,   352.47
  345.95,   101.31,   477.42
  342.64,   102.80,   602.37
  349.43,   224.81,   350.98
  346.12,   226.30,   475.93
  342.81,   227.80,   600.88
  349.59,   349.80,   349.49
  346.28,   351.29,   474.44
  342.97,   352.79,   599.39
  474.22,   99.69,   355.79
  470.91,   101.19,   480.73
  467.60,   102.68,   605.68
  474.39,   224.68,   354.29
  471.07,   226.18,   479.24
  467.76,   227.67,   604.19
  474.55,   349.67,   352.80
  471.24,   351.17,   477.75
  467.93,   352.66,   602.70
  223.84,   98.13,   474.94
  220.54,   98.20,   599.90
  217.24,   98.28,   724.86
  224.20,   223.13,   474.88
  220.90,   223.20,   599.83
  217.60,   223.28,   724.79
  224.56,   348.13,   474.81
  221.26,   348.20,   599.77
  217.96,   348.28,   724.72
  348.80,   97.77,   478.25
  345.50,   97.85,   603.20
  342.19,   97.92,   728.16
  349.16,   222.77,   478.18
  345.86,   222.85,   603.14
  342.55,   222.92,   728.09
  349.52,   347.77,   478.11
  346.22,   347.85,   603.07
  342.91,   347.92,   728.03
  473.76,   97.41,   481.55
  470.45,   97.49,   606.51
  467.15,   97.57,   731.46
  474.12,   222.41,   481.48
  470.81,   222.49,   606.44
  467.51,   222.57,   731.40
  474.47,   347.41,   481.42
  471.17,   347.49,   606.37
  467.87,   347.57,   731.33
  223.88,   98.27,   599.49
  224.04,   95.48,   724.46
  224.21,   92.68,   849.43
  223.00,   223.24,   602.29
  223.16,   220.44,   727.26
  223.33,   217.64,   852.23
  222.12,   348.20,   605.09
  222.28,   345.41,   730.06
  222.45,   342.61,   855.02
  348.87,   99.16,   599.34
  349.04,   96.36,   724.31
  349.21,   93.56,   849.28
  347.99,   224.12,   602.14
  348.16,   221.33,   727.11
  348.33,   218.53,   852.08
  347.11,   349.09,   604.94
  347.28,   346.29,   729.91
  347.45,   343.49,   854.87
  473.87,   100.04,   599.19
  474.04,   97.24,   724.16
  474.21,   94.45,   849.13
  472.99,   225.01,   601.99
  473.16,   222.21,   726.96
  473.33,   219.41,   851.93
  472.11,   349.97,   604.79
  472.28,   347.17,   729.76
  472.45,   344.38,   854.72
  223.75,   226.18,   100.14
  226.40,   229.18,   225.07
  229.05,   232.18,   350.01
  224.83,   351.14,   97.12
  227.48,   354.14,   222.05
  230.13,   357.13,   346.99
  225.91,   476.10,   94.10
  228.56,   479.10,   219.03
  231.21,   482.09,   343.97
  348.71,   225.04,   97.51
  351.37,   228.04,   222.45
  354.02,   231.03,   347.38
  349.79,   350.00,   94.49
  352.45,   352.99,   219.43
  355.10,   355.99,   344.36
  350.87,   474.96,   91.47
  353.52,   477.95,   216.41
  356.18,   480.95,   341.34
  473.68,   223.90,   94.89
  476.33,   226.89,   219.82
  478.99,   229.89,   344.76
  474.76,   348.86,   91.87
  477.41,   351.85,   216.80
  480.06,   354.85,   341.74
  475.84,   473.81,   88.85
  478.49,   476.81,   213.78
  481.14,   479.81,   338.72
  225.28,   224.15,   224.63
  223.57,   224.28,   349.62
  221.86,   224.40,   474.61
  222.58,   349.13,   224.48
  220.87,   349.25,   349.47
  219.16,   349.37,   474.45
  219.89,   474.10,   224.32
  218.18,   474.22,   349.31
  216.47,   474.34,   474.30
  350.24,   226.85,   226.34
  348.53,   226.97,   351.33
  346.82,   227.09,   476.32
  347.54,   351.82,   226.18
  345.83,   351.94,   351.17
  344.12,   352.06,   476.16
  344.85,   476.80,   226.03
  343.14,   476.92,   351.02
  341.43,   477.04,   476.00
  475.20,   229.55,   228.05
  473.49,   229.67,   353.04
  471.78,   229.79,   478.03
  472.50,   354.52,   227.89
  470.79,   354.64,   352.88
  469.08,   354.76,   477.87
  469.81,   479.49,   227.74
  468.09,   479.61,   352.72
  466.38,   479.73,   477.71
  223.50,   223.77,   351.25
  223.82,   226.39,   476.22
  224.15,   229.00,   601.20
  226.69,   348.70,   348.63
  227.02,   351.32,   473.60
  227.34,   353.94,   598.57
  229.88,   473.64,   346.01
  230.21,   476.25,   470.98
  230.54,   478.87,   595.95
  348.45,   220.57,   350.99
  348.78,   223.19,   475.96
  349.11,   225.80,   600.93
  351.65,   345.51,   348.37
  351.98,   348.12,   473.34
  352.30,   350.74,   598.31
  354.84,   470.44,   345.74
  355.17,   473.05,   470.72
  355.50,   475.67,   595.69
  473.41,   217.37,   350.73
  473.74,   219.99,   475.70
  474.07,   222.60,   600.67
  476.61,   342.31,   348.11
  476.93,   344.92,   473.08
  477.26,   347.54,   598.05
  479.80,   467.24,   345.48
  480.13,   469.85,   470.46
  480.46,   472.47,   595.43
  223.60,   226.13,   475.66
  220.45,   222.43,   600.56
  217.30,   218.72,   725.47
  226.77,   351.03,   479.44
  223.62,   347.33,   604.34
  220.47,   343.63,   729.25
  229.94,   475.93,   483.22
  226.79,   472.23,   608.12
  223.64,   468.53,   733.03
  348.52,   222.86,   478.71
  345.37,   219.16,   603.62
  342.22,   215.46,   728.52
  351.69,   347.76,   482.49
  348.54,   344.06,   607.40
  345.39,   340.36,   732.30
  354.86,   472.67,   486.27
  351.71,   468.97,   611.18
  348.56,   465.27,   736.08
  473.44,   219.60,   481.76
  470.29,   215.90,   606.67
  467.14,   212.20,   731.58
  476.61,   344.50,   485.54
  473.46,   340.80,   610.45
  470.31,   337.10,   735.36
  479.78,   469.40,   489.32
  476.63,   465.70,   614.23
  473.48,   462.00,   739.14
  225.51,   223.93,   599.98
  226.66,   226.29,   724.96
  227.82,   228.65,   849.93
  226.97,   348.90,   597.61
  228.13,   351.26,   722.58
  229.28,   353.61,   847.56
  228.44,   473.87,   595.24
  229.60,   476.23,   720.21
  230.75,   478.58,   845.18
  350.49,   222.44,   598.86
  351.65,   224.80,   723.83
  352.80,   227.16,   848.80
  351.96,   347.41,   596.48
  353.12,   349.77,   721.46
  354.27,   352.13,   846.43
  353.43,   472.38,   594.11
  354.58,   474.74,   719.09
  355.74,   477.09,   844.06
  475.48,   220.95,   597.73
  476.63,   223.31,   722.70
  477.79,   225.67,   847.67
  476.95,   345.92,   595.36
  478.10,   348.28,   720.33
  479.26,   350.64,   845.30
  478.42,   470.89,   592.99
  479.57,   473.25,   717.96
  480.73,   475.60,   842.93
  225.90,   348.23,   98.75
  229.40,   348.08,   223.71
  232.90,   347.93,   348.66
  227.46,   473.22,   98.86
  230.96,   473.07,   223.81
  234.46,   472.92,   348.76
  229.01,   598.21,   98.97
  232.51,   598.06,   223.92
  236.01,   597.91,   348.87
  350.84,   346.68,   95.25
  354.34,   346.53,   220.20
  357.85,   346.38,   345.15
  352.40,   471.67,   95.36
  355.90,   471.52,   220.31
  359.40,   471.37,   345.26
  353.95,   596.66,   95.47
  357.45,   596.51,   220.42
  360.95,   596.36,   345.37
  475.78,   345.13,   91.75
  479.29,   344.98,   216.70
  482.79,   344.83,   341.65
  477.34,   470.12,   91.86
  480.84,   469.97,   216.81
  484.34,   469.82,   341.76
  478.89,   595.11,   91.97
  482.39,   594.96,   216.92
  485.90,   594.81,   341.87
  226.63,   349.77,   226.51
  223.76,   346.11,   351.43
  220.90,   342.44,   476.34
  228.25,   474.71,   230.22
  225.39,   471.04,   355.13
  222.53,   467.37,   480.05
  229.88,   599.64,   233.93
  227.02,   595.98,   358.84
  224.16,   592.31,   483.75
  351.58,   348.06,   229.33
  348.72,   344.39,   354.24
  345.86,   340.73,   479.15
  353.21,   473.00,   233.03
  350.35,   469.33,   357.95
  347.48,   465.66,   482.86
  354.84,   597.93,   236.74
  351.98,   594.26,   361.65
  349.11,   590.59,   486.57
  476.54,   346.35,   232.14
  473.68,   342.68,   357.06
  470.81,   339.01,   481.97
  478.17,   471.28,   235.85
  475.30,   467.62,   360.76
  472.44,   463.95,   485.67
  479.80,   596.22,   239.55
  476.93,   592.55,   364.47
  474.07,   588.88,   489.38
  225.60,   348.49,   348.22
  223.21,   344.75,   473.15
  220.82,   341.02,   598.07
  226.45,   473.43,   351.98
  224.06,   469.69,   476.90
  221.67,   465.96,   601.82
  227.30,   598.37,   355.73
  224.91,   594.63,   480.65
  222.52,   590.90,   605.57
  350.58,   347.57,   350.59
  348.19,   343.83,   475.51
  345.79,   340.10,   600.43
  351.43,   472.51,   354.34
  349.04,   468.77,   479.26
  346.64,   465.04,   604.18
  352.28,   597.45,   358.09
  349.88,   593.71,   483.01
  347.49,   589.98,   607.93
  475.55,   346.65,   352.95
  473.16,   342.91,   477.88
  470.77,   339.18,   602.80
  476.40,   471.59,   356.71
  474.01,   467.85,   481.63
  471.62,   464.12,   606.55
  477.25,   596.53,   360.46
  474.86,   592.79,   485.38
  472.47,   589.06,   610.30
  226.34,   350.14,   475.01
  228.50,   349.96,   599.99
  230.66,   349.78,   724.97
  227.54,   475.14,   475.17
  229.70,   474.95,   600.15
  231.86,   474.77,   725.13
  228.74,   600.13,   475.33
  230.90,   599.95,   600.31
  233.06,   599.77,   725.29
  351.31,   348.94,   472.85
  353.47,   348.76,   597.83
  355.63,   348.58,   722.81
  352.51,   473.94,   473.01
  354.67,   473.76,   597.99
  356.83,   473.57,   722.97
  353.71,   598.93,   473.17
  355.87,   598.75,   598.15
  358.03,   598.57,   723.13
  476.29,   347.75,   470.68
  478.45,   347.56,   595.67
  480.61,   347.38,   720.65
  477.49,   472.74,   470.85
  479.65,   472.56,   595.83
  481.81,   472.37,   720.81
  478.69,   597.73,   471.01
  480.85,   597.55,   595.99
  483.01,   597.37,   720.97
  224.71,   348.18,   600.51
  227.59,   345.50,   725.45
  230.46,   342.81,   850.39
  222.84,   473.14,   603.24
  225.71,   470.45,   728.18
  228.58,   467.76,   853.12
  220.96,   598.10,   605.98
  223.83,   595.41,   730.91
  226.70,   592.72,   855.85
  349.67,   350.12,   597.68
  352.54,   347.44,   722.62
  355.41,   344.75,   847.56
  347.79,   475.08,   600.41
  350.66,   472.39,   725.35
  353.53,   469.70,   850.29
  345.91,   600.04,   603.14
  348.78,   597.35,   728.08
  351.66,   594.66,   853.02
  474.62,   352.07,   594.85
  477.49,   349.38,   719.79
  480.37,   346.69,   844.72
  472.74,   477.02,   597.58
  475.61,   474.33,   722.52
  478.49,   471.64,   847.46
  470.86,   601.98,   600.31
  473.74,   599.29,   725.25
  476.61,   596.60,   850.19
  224.83,   474.46,   99.32
  223.82,   471.38,   224.28
  222.80,   468.31,   349.24
  221.69,   599.38,   102.37
  220.68,   596.31,   227.33
  219.66,   593.23,   352.29
  218.55,   724.30,   105.42
  217.53,   721.23,   230.38
  216.52,   718.16,   355.33
  349.79,   477.57,   100.41
  348.78,   474.50,   225.37
  347.76,   471.43,   350.33
  346.65,   602.50,   103.46
  345.63,   599.42,   228.42
  344.62,   596.35,   353.38
  343.51,   727.42,   106.51
  342.49,   724.35,   231.47
  341.48,   721.27,   356.43
  474.75,   480.69,   101.51
  473.73,   477.62,   226.46
  472.72,   474.54,   351.42
  471.60,   605.61,   104.55
  470.59,   602.54,   229.51
  469.57,   599.47,   354.47
  468.46,   730.54,   107.60
  467.45,   727.46,   232.56
  466.43,   724.39,   357.52
  226.32,   474.03,   224.70
  228.52,   476.02,   349.67
  230.72,   478.02,   474.63
  224.42,   599.00,   222.74
  226.62,   600.99,   347.70
  228.82,   602.99,   472.67
  222.52,   723.97,   220.77
  224.72,   725.96,   345.74
  226.92,   727.96,   470.70
  351.29,   475.89,   222.47
  353.49,   477.89,   347.44
  355.69,   479.89,   472.40
  349.39,   600.86,   220.51
  351.59,   602.86,   345.47
  353.79,   604.86,   470.44
  347.49,   725.83,   218.54
  349.69,   727.83,   343.51
  351.89,   729.83,   468.47
  476.26,   477.76,   220.24
  478.46,   479.75,   345.21
  480.66,   481.75,   470.17
  474.36,   602.73,   218.28
  476.56,   604.72,   343.24
  478.76,   606.72,   468.21
  472.46,   727.70,   216.32
  474.66,   729.69,   341.28
  476.86,   731.69,   466.24
  225.74,   475.76,   348.76
  223.09,   473.68,   473.72
  220.43,   471.61,   598.67
  222.68,   600.71,   350.78
  220.02,   598.63,   475.73
  217.36,   596.55,   600.69
  219.61,   725.65,   352.79
  216.95,   723.58,   477.74
  214.29,   721.50,   602.70
  350.68,   478.78,   351.47
  348.02,   476.71,   476.43
  345.36,   474.63,   601.38
  347.61,   603.73,   353.49
  344.95,   601.65,   478.44
  342.29,   599.57,   603.39
  344.55,   728.68,   355.50
  341.89,   726.60,   480.45
  339.23,   724.52,   605.41
  475.61,   481.81,   354.18
  472.95,   479.73,   479.14
  470.29,   477.65,   604.09
  472.55,   606.75,   356.20
  469.89,   604.67,   481.15
  467.23,   602.60,   606.10
  469.48,   731.70,   358.21
  466.82,   729.62,   483.16
  464.16,   727.54,   608.12
  224.45,   474.84,   475.58
  224.88,   476.48,   600.56
  225.30,   478.13,   725.55
  221.85,   599.80,   473.94
  222.28,   601.45,   598.93
  222.70,   603.09,   723.92
  219.25,   724.76,   472.31
  219.68,   726.41,   597.29
  220.10,   728.05,   722.28
  349.42,   477.43,   475.11
  349.85,   479.08,   600.10
  350.28,   480.72,   725.09
  346.82,   602.40,   473.48
  347.25,   604.04,   598.47
  347.68,   605.68,   723.46
  344.22,   727.36,   471.84
  344.65,   729.00,   596.83
  345.08,   730.65,   721.82
  474.39,   480.03,   474.65
  474.82,   481.67,   599.64
  475.25,   483.32,   724.63
  471.79,   604.99,   473.02
  472.22,   606.63,   598.01
  472.65,   608.28,   722.99
  469.19,   729.95,   471.38
  469.62,   731.60,   596.37
  470.05,   733.24,   721.36
  226.96,   474.15,   601.48
  229.20,   476.45,   726.43
  231.43,   478.74,   851.39
  227.41,   599.13,   599.17
  229.65,   601.42,   724.13
  231.88,   603.72,   849.09
  227.86,   724.11,   596.87
  230.10,   726.40,   721.83
  232.33,   728.70,   846.79
  351.94,   473.66,   599.25
  354.17,   475.95,   724.21
  356.41,   478.25,   849.17
  352.39,   598.64,   596.95
  354.63,   600.93,   721.91
  356.86,   603.23,   846.87
  352.84,   723.62,   594.64
  355.08,   725.91,   719.60
  357.31,   728.20,   844.56
  476.92,   473.17,   597.02
  479.15,   475.46,   721.98
  481.39,   477.76,   846.94
  477.37,   598.15,   594.72
  479.60,   600.44,   719.68
  481.84,   602.73,   844.64
  477.82,   723.12,   592.42
  480.06,   725.42,   717.38
  482.29,   727.71,   842.34
  225.39,   599.61,   98.96
  226.55,   599.56,   223.96
  227.71,   599.52,   348.95
  223.87,   724.60,   99.02
  225.03,   724.55,   224.02
  226.19,   724.51,   349.01
  222.35,   849.59,   99.09
  223.51,   849.54,   224.08
  224.67,   849.50,   349.08
  350.37,   601.13,   97.80
  351.53,   601.08,   222.80
  352.70,   601.03,   347.79
  348.86,   726.12,   97.86
  350.02,   726.07,   222.86
  351.18,   726.02,   347.85
  347.34,   851.11,   97.93
  348.50,   851.06,   222.92
  349.66,   851.02,   347.91
  475.36,   602.65,   96.64
  476.52,   602.60,   221.64
  477.68,   602.55,   346.63
  473.84,   727.64,   96.70
  475.00,   727.59,   221.70
  476.16,   727.54,   346.69
  472.32,   852.63,   96.76
  473.48,   852.58,   221.76
  474.65,   852.53,   346.75
  226.79,   600.04,   226.19
  229.84,   601.61,   351.15
  232.89,   603.18,   476.10
  223.63,   724.99,   224.70
  226.68,   726.56,   349.66
  229.73,   728.13,   474.61
  220.46,   849.94,   223.21
  223.51,   851.51,   348.16
  226.56,   853.08,   473.12
  351.72,   603.17,   223.10
  354.76,   604.74,   348.06
  357.81,   606.31,   473.01
  348.55,   728.12,   221.61
  351.60,   729.69,   346.57
  354.65,   731.26,   471.52
  345.38,   853.07,   220.12
  348.43,   854.64,   345.08
  351.48,   856.21,   470.03
  476.64,   606.30,   220.02
  479.69,   607.87,   344.97
  482.74,   609.44,   469.92
  473.47,   731.25,   218.53
  476.52,   732.82,   343.48
  479.57,   734.39,   468.43
  470.30,   856.20,   217.04
  473.35,   857.77,   341.99
  476.40,   859.34,   466.94
  223.90,   600.52,   348.81
  226.05,   603.30,   473.76
  228.20,   606.09,   598.71
  226.73,   725.45,   345.97
  228.88,   728.24,   470.92
  231.03,   731.03,   595.87
  229.56,   850.39,   343.14
  231.71,   853.17,   468.09
  233.86,   855.96,   593.04
  348.85,   597.64,   346.72
  351.00,   600.42,   471.67
  353.15,   603.21,   596.62
  351.68,   722.57,   343.88
  353.83,   725.36,   468.84
  355.98,   728.15,   593.79
  354.51,   847.51,   341.05
  356.66,   850.29,   466.00
  358.81,   853.08,   590.95
  473.80,   594.76,   344.63
  475.95,   597.54,   469.58
  478.10,   600.33,   594.54
  476.63,   719.69,   341.80
  478.78,   722.48,   466.75
  480.93,   725.27,   591.70
  479.46,   844.63,   338.96
  481.61,   847.41,   463.91
  483.76,   850.20,   588.86
  224.97,   600.61,   474.94
  222.18,   603.49,   599.87
  219.39,   606.37,   724.81
  224.40,   725.58,   472.05
  221.60,   728.45,   596.98
  218.81,   731.33,   721.92
  223.82,   850.54,   469.15
  221.02,   853.42,   594.09
  218.23,   856.30,   719.02
  349.94,   601.25,   477.72
  347.15,   604.13,   602.65
  344.35,   607.01,   727.59
  349.36,   726.22,   474.83
  346.57,   729.10,   599.76
  343.77,   731.98,   724.70
  348.78,   851.18,   471.93
  345.99,   854.06,   596.87
  343.19,   856.94,   721.81
  474.91,   601.90,   480.50
  472.11,   604.78,   605.44
  469.32,   607.66,   730.37
  474.33,   726.86,   477.61
  471.54,   729.74,   602.54
  468.74,   732.62,   727.48
  473.75,   851.83,   474.71
  470.96,   854.71,   599.65
  468.16,   857.59,   724.59
  223.64,   600.69,   600.98
  222.20,   598.78,   725.96
  220.76,   596.87,   850.93
  224.19,   725.67,   602.89
  222.75,   723.76,   727.87
  221.31,   721.85,   852.85
  224.73,   850.65,   604.81
  223.29,   848.75,   729.79
  221.85,   846.84,   854.76
  348.63,   600.12,   602.41
  347.19,   598.21,   727.39
  345.75,   596.30,   852.37
  349.18,   725.10,   604.33
  347.74,   723.19,   729.30
  346.30,   721.28,   854.28
  349.72,   850.08,   606.24
  348.28,   848.18,   731.22
  346.85,   846.27,   856.19
  473.62,   599.55,   603.84
  472.18,   597.64,   728.82
  470.74,   595.73,   853.80
  474.17,   724.53,   605.76
  472.73,   722.62,   730.73
  471.29,   720.72,   855.71
  474.71,   849.51,   607.67
  473.27,   847.61,   732.65
  471.84,   845.70,   857.62
  348.71,   99.09,   98.11
  349.99,   100.68,   223.10
  351.28,   102.28,   348.08
  350.99,   224.06,   96.50
  352.28,   225.65,   221.48
  353.56,   227.25,   346.46
  353.28,   349.03,   94.88
  354.56,   350.62,   219.86
  355.85,   352.22,   344.84
  473.68,   96.79,   96.86
  474.97,   98.38,   221.84
  476.25,   99.98,   346.83
  475.97,   221.76,   95.24
  477.25,   223.35,   220.22
  478.53,   224.95,   345.21
  478.25,   346.72,   93.62
  479.54,   348.32,   218.60
  480.82,   349.92,   343.59
  598.65,   94.49,   95.61
  599.94,   96.08,   220.59
  601.22,   97.68,   345.57
  600.94,   219.45,   93.99
  602.22,   221.05,   218.97
  603.51,   222.65,   343.95
  603.22,   344.42,   92.37
  604.51,   346.02,   217.35
  605.79,   347.61,   342.33
  350.09,   100.51,   224.97
  352.91,   104.06,   349.89
  355.73,   107.60,   474.81
  348.75,   225.46,   221.46
  351.57,   229.00,   346.38
  354.39,   232.54,   471.29
  347.41,   350.40,   217.94
  350.23,   353.94,   342.86
  353.06,   357.49,   467.78
  475.05,   101.77,   222.12
  477.87,   105.32,   347.03
  480.69,   108.86,   471.95
  473.71,   226.72,   218.60
  476.53,   230.26,   343.52
  479.35,   233.80,   468.44
  472.38,   351.66,   215.09
  475.20,   355.20,   340.01
  478.02,   358.75,   464.92
  600.01,   103.03,   219.26
  602.83,   106.57,   344.18
  605.65,   110.12,   469.09
  598.68,   227.97,   215.75
  601.50,   231.52,   340.66
  604.32,   235.06,   465.58
  597.34,   352.92,   212.23
  600.16,   356.46,   337.15
  602.98,   360.00,   462.07
  351.59,   101.17,   348.02
  349.25,   100.53,   473.00
  346.91,   99.89,   597.97
  351.76,   226.16,   348.66
  349.42,   225.53,   473.64
  347.08,   224.89,   598.61
  351.92,   351.16,   349.30
  349.58,   350.53,   474.28
  347.24,   349.89,   599.25
  476.57,   100.99,   350.36
  474.23,   100.35,   475.34
  471.89,   99.72,   600.31
  476.74,   225.99,   351.00
  474.40,   225.35,   475.98
  472.06,   224.71,   600.95
  476.90,   350.99,   351.64
  474.56,   350.35,   476.62
  472.22,   349.71,   601.59
  601.55,   100.81,   352.70
  599.21,   100.18,   477.67
  596.87,   99.54,   602.65
  601.71,   225.81,   353.34
  599.37,   225.17,   478.31
  597.03,   224.54,   603.29
  601.88,   350.81,   353.98
  599.54,   350.17,   478.96
  597.20,   349.54,   603.93
  348.74,   101.87,   473.94
  345.79,   98.81,   598.87
  342.84,   95.76,   723.80
  349.97,   226.83,   477.03
  347.03,   223.77,   601.96
  344.08,   220.71,   726.88
  351.21,   351.78,   480.11
  348.26,   348.73,   605.04
  345.31,   345.67,   729.97
  473.70,   100.56,   476.86
  470.75,   97.51,   601.79
  467.80,   94.45,   726.72
  474.93,   225.52,   479.95
  471.99,   222.46,   604.87
  469.04,   219.41,   729.80
  476.17,   350.48,   483.03
  473.22,   347.42,   607.96
  470.27,   344.36,   732.89
  598.66,   99.26,   479.78
  595.71,   96.20,   604.70
  592.76,   93.15,   729.63
  599.89,   224.21,   482.86
  596.94,   221.16,   607.79
  594.00,   218.10,   732.72
  601.13,   349.17,   485.95
  598.18,   346.11,   610.88
  595.23,   343.06,   735.80
  350.39,   99.94,   598.39
  347.72,   100.64,   723.36
  345.04,   101.34,   848.33
  352.03,   224.93,   597.72
  349.36,   225.63,   722.69
  346.68,   226.33,   847.66
  353.67,   349.92,   597.06
  351.00,   350.62,   722.03
  348.32,   351.32,   847.00
  475.35,   98.32,   601.07
  472.68,   99.02,   726.04
  470.00,   99.72,   851.01
  476.99,   223.31,   600.41
  474.32,   224.01,   725.38
  471.64,   224.70,   850.35
  478.63,   348.29,   599.74
  475.96,   348.99,   724.71
  473.28,   349.69,   849.68
  600.32,   96.69,   603.76
  597.64,   97.39,   728.73
  594.97,   98.09,   853.70
  601.96,   221.68,   603.09
  599.28,   222.38,   728.06
  596.61,   223.08,   853.03
  603.60,   346.67,   602.43
  600.92,   347.37,   727.40
  598.25,   348.07,   852.37
  351.56,   226.22,   98.58
  352.72,   225.64,   223.58
  353.88,   225.07,   348.57
  349.28,   351.19,   99.18
  350.44,   350.62,   224.17
  351.59,   350.05,   349.17
  346.99,   476.17,   99.78
  348.15,   475.60,   224.77
  349.31,   475.02,   349.76
  476.54,   228.51,   97.44
  477.69,   227.93,   222.43
  478.85,   227.36,   347.42
  474.25,   353.48,   98.03
  475.41,   352.91,   223.03
  476.57,   352.33,   348.02
  471.97,   478.46,   98.63
  473.12,   477.89,   223.62
  474.28,   477.31,   348.62
  601.51,   230.80,   96.29
  602.67,   230.22,   221.29
  603.82,   229.65,   346.28
  599.23,   355.77,   96.89
  600.38,   355.20,   221.88
  601.54,   354.62,   346.87
  596.94,   480.75,   97.48
  598.10,   480.18,   222.48
  599.26,   479.60,   347.47
  348.60,   224.03,   224.15
  345.26,   226.86,   349.07
  341.92,   229.68,   474.00
  345.83,   348.96,   221.25
  342.49,   351.79,   346.17
  339.15,   354.62,   471.09
  343.07,   473.90,   218.34
  339.72,   476.73,   343.27
  336.38,   479.56,   468.19
  473.53,   226.87,   227.43
  470.18,   229.70,   352.35
  466.84,   232.53,   477.27
  470.76,   351.81,   224.52
  467.42,   354.63,   349.45
  464.07,   357.46,   474.37
  467.99,   476.74,   221.62
  464.65,   479.57,   346.54
  461.31,   482.40,   471.47
  598.45,   229.71,   230.71
  595.11,   232.54,   355.63
  591.77,   235.37,   480.55
  595.68,   354.65,   227.80
  592.34,   357.48,   352.73
  589.00,   360.31,   477.65
  592.92,   479.58,   224.90
  589.57,   482.41,   349.82
  586.23,   485.24,   474.75
  351.76,   223.08,   348.26
  353.81,   224.37,   473.23
  355.86,   225.66,   598.21
  348.88,   348.04,   347.01
  350.93,   349.33,   471.99
  352.98,   350.62,   596.97
  345.99,   473.00,   345.77
  348.04,   474.29,   470.75
  350.09,   475.58,   595.73
  476.71,   225.95,   346.18
  478.76,   227.24,   471.15
  480.81,   228.53,   596.13
  473.83,   350.91,   344.94
  475.88,   352.20,   469.91
  477.93,   353.49,   594.89
  470.94,   475.87,   343.69
  472.99,   477.16,   468.67
  475.04,   478.45,   593.65
  601.66,   228.81,   344.10
  603.71,   230.10,   469.08
  605.76,   231.39,   594.05
  598.78,   353.77,   342.86
  600.83,   355.06,   467.83
  602.88,   356.35,   592.81
  595.89,   478.73,   341.62
  597.94,   480.02,   466.59
  599.99,   481.31,   591.57
  348.82,   223.40,   473.26
  348.31,   220.03,   598.21
  347.80,   216.66,   723.16
  345.73,   348.31,   476.61
  345.21,   344.94,   601.57
  344.70,   341.57,   726.52
  342.63,   473.23,   479.97
  342.12,   469.86,   604.92
  341.61,   466.49,   729.88
  473.79,   226.48,   473.85
  473.27,   223.11,   598.80
  472.76,   219.74,   723.76
  470.69,   351.40,   477.21
  470.18,   348.03,   602.16
  469.67,   344.66,   727.11
  467.59,   476.32,   480.56
  467.08,   472.95,   605.52
  466.57,   469.57,   730.47
  598.75,   229.57,   474.44
  598.24,   226.20,   599.40
  597.73,   222.83,   724.35
  595.65,   354.48,   477.80
  595.14,   351.11,   602.75
  594.63,   347.74,   727.71
  592.55,   479.40,   481.16
  592.04,   476.03,   606.11
  591.53,   472.66,   731.07
  349.52,   225.26,   598.19
  347.39,   223.44,   723.15
  345.26,   221.61,   848.12
  352.45,   350.21,   600.06
  350.32,   348.39,   725.03
  348.19,   346.56,   850.00
  355.38,   475.17,   601.94
  353.25,   473.34,   726.91
  351.12,   471.51,   851.88
  474.47,   222.30,   600.27
  472.34,   220.48,   725.24
  470.21,   218.65,   850.21
  477.40,   347.25,   602.15
  475.27,   345.43,   727.12
  473.14,   343.60,   852.09
  480.33,   472.21,   604.03
  478.19,   470.38,   728.99
  476.06,   468.55,   853.96
  599.42,   219.34,   602.36
  597.28,   217.52,   727.33
  595.15,   215.69,   852.30
  602.34,   344.29,   604.24
  600.21,   342.47,   729.20
  598.08,   340.64,   854.17
  605.27,   469.25,   606.11
  603.14,   467.42,   731.08
  601.01,   465.59,   856.05
  351.35,   350.89,   99.98
  354.53,   348.09,   224.90
  357.72,   345.29,   349.83
  352.33,   475.85,   102.75
  355.52,   473.06,   227.68
  358.71,   470.26,   352.60
  353.32,   600.82,   105.52
  356.51,   598.02,   230.45
  359.70,   595.22,   355.38
  476.30,   349.97,   96.76
  479.49,   347.18,   221.69
  482.68,   344.38,   346.62
  477.29,   474.94,   99.54
  480.48,   472.14,   224.47
  483.67,   469.34,   349.39
  478.27,   599.90,   102.31
  481.46,   597.11,   227.24
  484.65,   594.31,   352.17
  601.26,   349.06,   93.55
  604.45,   346.26,   218.48
  607.64,   343.46,   343.41
  602.24,   474.02,   96.33
  605.43,   471.23,   221.26
  608.62,   468.43,   346.18
  603.23,   598.99,   99.10
  606.42,   596.19,   224.03
  609.61,   593.39,   348.96
  351.03,   348.80,   223.44
  354.45,   346.11,   348.36
  357.86,   343.41,   473.28
  351.35,   473.77,   226.12
  354.76,   471.08,   351.05
  358.18,   468.38,   475.97
  351.67,   598.74,   228.81
  355.08,   596.05,   353.73
  358.50,   593.35,   478.66
  475.99,   348.56,   220.02
  479.40,   345.86,   344.94
  482.82,   343.17,   469.86
  476.30,   473.53,   222.70
  479.72,   470.83,   347.63
  483.13,   468.14,   472.55
  476.62,   598.50,   225.39
  480.03,   595.80,   350.31
  483.45,   593.11,   475.24
  600.94,   348.31,   216.60
  604.35,   345.62,   341.52
  607.77,   342.92,   466.44
  601.26,   473.28,   219.28
  604.67,   470.59,   344.21
  608.08,   467.90,   469.13
  601.57,   598.26,   221.97
  604.99,   595.56,   346.89
  608.40,   592.87,   471.82
  350.11,   351.01,   350.98
  350.94,   349.70,   475.97
  351.77,   348.39,   600.96
  352.91,   475.98,   352.27
  353.74,   474.67,   477.26
  354.57,   473.35,   602.25
  355.71,   600.94,   353.57
  356.54,   599.63,   478.56
  357.37,   598.32,   603.55
  475.08,   348.22,   350.12
  475.91,   346.91,   475.11
  476.74,   345.60,   600.10
  477.88,   473.19,   351.42
  478.71,   471.88,   476.41
  479.54,   470.56,   601.40
  480.68,   598.15,   352.71
  481.51,   596.84,   477.70
  482.34,   595.53,   602.69
  600.05,   345.43,   349.26
  600.88,   344.12,   474.25
  601.71,   342.81,   599.24
  602.85,   470.40,   350.56
  603.68,   469.08,   475.55
  604.51,   467.77,   600.54
  605.64,   595.36,   351.85
  606.47,   594.05,   476.84
  607.30,   592.74,   601.83
  350.07,   351.16,   473.24
  346.54,   348.50,   598.16
  343.02,   345.84,   723.08
  348.74,   476.13,   475.86
  345.21,   473.47,   600.79
  341.69,   470.81,   725.71
  347.40,   601.09,   478.49
  343.88,   598.43,   603.41
  340.35,   595.77,   728.33
  475.01,   352.42,   476.79
  471.49,   349.76,   601.71
  467.96,   347.10,   726.64
  473.68,   477.38,   479.42
  470.15,   474.72,   604.34
  466.63,   472.06,   729.26
  472.35,   602.35,   482.04
  468.82,   599.69,   606.96
  465.30,   597.03,   731.88
  599.95,   353.68,   480.35
  596.43,   351.02,   605.27
  592.90,   348.36,   730.19
  598.62,   478.64,   482.97
  595.10,   475.98,   607.89
  591.57,   473.32,   732.81
  597.29,   603.61,   485.59
  593.76,   600.95,   610.51
  590.24,   598.29,   735.44
  350.69,   349.40,   601.84
  347.41,   352.26,   726.77
  344.13,   355.13,   851.69
  351.61,   474.36,   599.00
  348.33,   477.23,   723.92
  345.05,   480.10,   848.85
  352.53,   599.32,   596.15
  349.25,   602.19,   721.08
  345.97,   605.06,   846.00
  475.64,   348.55,   605.14
  472.36,   351.42,   730.07
  469.08,   354.29,   854.99
  476.56,   473.52,   602.30
  473.28,   476.38,   727.22
  470.00,   479.25,   852.15
  477.48,   598.48,   599.45
  474.20,   601.35,   724.38
  470.92,   604.22,   849.30
  600.60,   347.71,   608.45
  597.31,   350.57,   733.37
  594.03,   353.44,   858.29
  601.52,   472.67,   605.60
  598.24,   475.54,   730.53
  594.95,   478.41,   855.45
  602.44,   597.63,   602.76
  599.16,   600.50,   727.68
  595.87,   603.37,   852.60
  351.96,   476.98,   101.62
  354.54,   473.43,   226.54
  357.13,   469.87,   351.47
  353.75,   601.92,   105.14
  356.34,   598.37,   230.06
  358.93,   594.81,   354.98
  355.55,   726.86,   108.65
  358.14,   723.30,   233.58
  360.73,   719.75,   358.50
  476.92,   475.26,   98.98
  479.50,   471.70,   223.90
  482.09,   468.15,   348.83
  478.71,   600.19,   102.50
  481.30,   596.64,   227.42
  483.89,   593.09,   352.34
  480.51,   725.13,   106.02
  483.10,   721.58,   230.94
  485.69,   718.02,   355.86
  601.88,   473.53,   96.34
  604.46,   469.98,   221.27
  607.05,   466.43,   346.19
  603.67,   598.47,   99.86
  606.26,   594.92,   224.78
  608.85,   591.36,   349.71
  605.47,   723.41,   103.38
  608.06,   719.85,   228.30
  610.65,   716.30,   353.22
  350.42,   476.38,   223.69
  352.63,   476.24,   348.67
  354.84,   476.09,   473.65
  350.08,   601.38,   223.84
  352.29,   601.24,   348.82
  354.50,   601.09,   473.80
  349.74,   726.38,   224.00
  351.95,   726.23,   348.98
  354.17,   726.09,   473.96
  475.40,   476.72,   221.48
  477.61,   476.58,   346.46
  479.82,   476.43,   471.44
  475.06,   601.72,   221.63
  477.27,   601.58,   346.61
  479.48,   601.43,   471.59
  474.72,   726.72,   221.79
  476.93,   726.58,   346.77
  479.15,   726.43,   471.75
  600.38,   477.06,   219.27
  602.59,   476.92,   344.25
  604.80,   476.77,   469.23
  600.04,   602.06,   219.42
  602.25,   601.92,   344.40
  604.46,   601.77,   469.38
  599.70,   727.06,   219.57
  601.91,   726.92,   344.55
  604.13,   726.77,   469.53
  350.66,   475.36,   348.81
  354.33,   476.53,   473.75
  357.99,   477.70,   598.69
  351.19,   600.36,   347.63
  354.86,   601.53,   472.57
  358.52,   602.70,   597.51
  351.72,   725.35,   346.44
  355.38,   726.52,   471.38
  359.05,   727.69,   596.32
  475.61,   474.80,   345.15
  479.27,   475.97,   470.10
  482.94,   477.14,   595.04
  476.14,   599.79,   343.97
  479.80,   600.96,   468.91
  483.46,   602.13,   593.85
  476.67,   724.79,   342.78
  480.33,   725.96,   467.72
  483.99,   727.13,   592.66
  600.55,   474.24,   341.50
  604.22,   475.41,   466.44
  607.88,   476.58,   591.38
  601.08,   599.23,   340.31
  604.75,   600.40,   465.25
  608.41,   601.57,   590.19
  601.61,   724.22,   339.12
  605.27,   725.39,   464.06
  608.94,   726.56,   589.01
  350.17,   475.07,   476.01
  351.49,   475.11,   601.01
  352.82,   475.16,   726.00
  350.22,   600.07,   475.97
  351.54,   600.11,   600.96
  352.87,   600.16,   725.96
  350.27,   725.07,   475.92
  351.59,   725.11,   600.92
  352.92,   725.16,   725.91
  475.16,   475.02,   474.69
  476.49,   475.06,   599.68
  477.81,   475.10,   724.68
  475.21,   600.02,   474.64
  476.54,   600.06,   599.64
  477.86,   600.10,   724.63
  475.26,   725.02,   474.60
  476.59,   725.06,   599.59
  477.91,   725.10,   724.59
  600.15,   474.96,   473.36
  601.48,   475.01,   598.36
  602.80,   475.05,   723.35
  600.20,   599.96,   473.32
  601.53,   600.01,   598.31
  602.85,   600.05,   723.31
  600.26,   724.96,   473.27
  601.58,   725.01,   598.27
  602.90,   725.05,   723.26
  349.38,   474.52,   598.73
  347.02,   472.53,   723.70
  344.65,   470.53,   848.66
  348.85,   599.50,   600.72
  346.49,   597.51,   725.68
  344.13,   595.52,   850.64
  348.33,   724.49,   602.70
  345.96,   722.49,   727.66
  343.60,   720.50,   852.63
  474.36,   475.01,   601.11
  471.99,   473.02,   726.07
  469.63,   471.03,   851.03
  473.83,   599.99,   603.09
  471.47,   598.00,   728.05
  469.10,   596.01,   853.01
  473.30,   724.98,   605.07
  470.94,   722.98,   730.04
  468.57,   720.99,   855.00
  599.34,   475.50,   603.48
  596.97,   473.51,   728.44
  594.61,   471.52,   853.40
  598.81,   600.49,   605.46
  596.44,   598.49,   730.42
  594.08,   596.50,   855.39
  598.28,   725.47,   607.45
  595.91,   723.48,   732.41
  593.55,   721.48,   857.37
  351.24,   599.98,   101.63
  351.16,   602.86,   226.59
  351.08,   605.75,   351.56
  348.12,   724.90,   98.74
  348.04,   727.79,   223.70
  347.95,   730.68,   348.67
  344.99,   849.83,   95.85
  344.91,   852.72,   220.81
  344.83,   855.61,   345.78
  476.20,   603.10,   101.64
  476.12,   605.99,   226.60
  476.04,   608.88,   351.57
  473.08,   728.03,   98.75
  473.00,   730.92,   223.71
  472.91,   733.81,   348.68
  469.95,   852.96,   95.86
  469.87,   855.85,   220.82
  469.79,   858.73,   345.79
  601.17,   606.23,   101.65
  601.08,   609.12,   226.61
  601.00,   612.00,   351.58
  598.04,   731.15,   98.76
  597.96,   734.04,   223.72
  597.87,   736.93,   348.69
  594.92,   856.08,   95.87
  594.83,   858.97,   220.83
  594.75,   861.86,   345.80
  350.58,   601.27,   226.82
  348.85,   602.48,   351.80
  347.12,   603.70,   476.78
  347.97,   726.23,   225.57
  346.24,   727.45,   350.55
  344.51,   728.66,   475.53
  345.36,   851.20,   224.32
  343.63,   852.41,   349.30
  341.90,   853.63,   474.28
  475.54,   603.89,   228.53
  473.81,   605.11,   353.51
  472.08,   606.32,   478.49
  472.93,   728.86,   227.27
  471.20,   730.08,   352.26
  469.47,   731.29,   477.24
  470.32,   853.83,   226.02
  468.59,   855.04,   351.00
  466.86,   856.26,   475.99
  600.50,   606.52,   230.23
  598.77,   607.74,   355.22
  597.04,   608.95,   480.20
  597.89,   731.49,   228.98
  596.16,   732.70,   353.96
  594.43,   733.92,   478.95
  595.28,   856.45,   227.73
  593.55,   857.67,   352.71
  591.82,   858.88,   477.69
  350.53,   598.58,   349.87
  352.13,   602.04,   474.81
  353.72,   605.50,   599.75
  351.60,   723.53,   346.40
  353.19,   726.99,   471.34
  354.79,   730.44,   596.28
  352.66,   848.47,   342.93
  354.26,   851.93,   467.87
  355.86,   855.39,   592.81
  475.51,   597.47,   348.30
  477.11,   600.93,   473.25
  478.71,   604.38,   598.19
  476.58,   722.42,   344.83
  478.18,   725.87,   469.77
  479.77,   729.33,   594.72
  477.65,   847.36,   341.36
  479.25,   850.82,   466.30
  480.84,   854.28,   591.25
  600.50,   596.36,   346.74
  602.10,   599.81,   471.68
  603.69,   603.27,   596.62
  601.57,   721.30,   343.27
  603.16,   724.76,   468.21
  604.76,   728.22,   593.15
  602.64,   846.25,   339.80
  604.23,   849.71,   464.74
  605.83,   853.17,   589.68
  350.56,   600.44,   474.07
  351.26,   602.42,   599.05
  351.95,   604.39,   724.03
  347.64,   725.39,   472.11
  348.33,   727.37,   597.09
  349.03,   729.34,   722.08
  344.72,   850.35,   470.16
  345.41,   852.32,   595.14
  346.11,   854.29,   720.12
  475.52,   603.35,   473.32
  476.22,   605.32,   598.30
  476.92,   607.30,   723.29
  472.60,   728.30,   471.37
  473.30,   730.28,   596.35
  474.00,   732.25,   721.33
  469.68,   853.25,   469.41
  470.38,   855.23,   594.40
  471.08,   857.20,   719.38
  600.49,   606.26,   472.58
  601.18,   608.23,   597.56
  601.88,   610.20,   722.54
  597.56,   731.21,   470.62
  598.26,   733.18,   595.61
  598.96,   735.16,   720.59
  594.64,   856.16,   468.67
  595.34,   858.14,   593.65
  596.04,   860.11,   718.63
  349.29,   601.84,   601.04
  352.67,   602.49,   725.99
  356.05,   603.13,   850.95
  350.31,   726.84,   600.37
  353.69,   727.48,   725.32
  357.07,   728.12,   850.27
  351.33,   851.83,   599.70
  354.71,   852.47,   724.65
  358.10,   853.12,   849.60
  474.24,   600.80,   597.66
  477.62,   601.45,   722.62
  481.00,   602.09,   847.57
  475.26,   725.80,   596.99
  478.64,   726.44,   721.94
  482.02,   727.08,   846.90
  476.28,   850.79,   596.32
  479.66,   851.43,   721.27
  483.05,   852.08,   846.22
  599.19,   599.76,   594.29
  602.57,   600.41,   719.24
  605.95,   601.05,   844.19
  600.21,   724.76,   593.61
  603.59,   725.40,   718.57
  606.97,   726.05,   843.52
  601.23,   849.75,   592.94
  604.61,   850.39,   717.89
  608.00,   851.04,   842.85
  473.98,   100.65,   101.39
  476.29,   102.73,   226.35
  478.60,   104.81,   351.32
  475.82,   225.62,   99.28
  478.13,   227.70,   224.24
  480.44,   229.78,   349.20
  477.65,   350.59,   97.17
  479.96,   352.67,   222.13
  482.27,   354.75,   347.09
  598.95,   98.78,   99.11
  601.26,   100.86,   224.07
  603.57,   102.94,   349.04
  600.78,   223.75,   97.00
  603.09,   225.83,   221.96
  605.40,   227.91,   346.92
  602.62,   348.72,   94.89
  604.93,   350.80,   219.85
  607.24,   352.88,   344.81
  723.91,   96.91,   96.83
  726.22,   98.99,   221.80
  728.53,   101.07,   346.76
  725.75,   221.88,   94.72
  728.06,   223.96,   219.68
  730.37,   226.03,   344.64
  727.58,   346.84,   92.61
  729.89,   348.92,   217.57
  732.20,   351.00,   342.53
  474.70,   98.69,   225.41
  474.29,   102.10,   350.36
  473.88,   105.50,   475.31
  473.72,   223.64,   222.00
  473.32,   227.05,   346.95
  472.91,   230.45,   471.90
  472.75,   348.59,   218.59
  472.34,   352.00,   343.54
  471.94,   355.40,   468.50
  599.69,   99.67,   225.79
  599.28,   103.08,   350.74
  598.88,   106.49,   475.70
  598.72,   224.62,   222.38
  598.31,   228.03,   347.33
  597.90,   231.44,   472.29
  597.75,   349.57,   218.97
  597.34,   352.98,   343.92
  596.93,   356.39,   468.88
  724.69,   100.66,   226.17
  724.28,   104.06,   351.12
  723.87,   107.47,   476.08
  723.72,   225.61,   222.76
  723.31,   229.01,   347.71
  722.90,   232.42,   472.67
  722.74,   350.56,   219.35
  722.34,   353.96,   344.30
  721.93,   357.37,   469.26
  474.49,   101.57,   350.89
  470.94,   105.22,   475.78
  467.39,   108.87,   600.68
  475.44,   226.51,   347.26
  471.89,   230.17,   472.16
  468.34,   233.82,   597.06
  476.39,   351.46,   343.64
  472.84,   355.11,   468.53
  469.29,   358.76,   593.43
  599.43,   100.73,   354.46
  595.89,   104.38,   479.36
  592.34,   108.03,   604.25
  600.38,   225.67,   350.84
  596.84,   229.32,   475.73
  593.29,   232.97,   600.63
  601.33,   350.61,   347.21
  597.79,   354.26,   472.11
  594.24,   357.91,   597.00
  724.38,   99.88,   358.03
  720.83,   103.53,   482.93
  717.29,   107.18,   607.83
  725.33,   224.82,   354.41
  721.78,   228.47,   479.30
  718.24,   232.12,   604.20
  726.28,   349.77,   350.78
  722.73,   353.42,   475.68
  719.19,   357.07,   600.58
  474.77,   98.59,   476.30
  474.80,   98.71,   601.30
  474.83,   98.83,   726.30
  472.41,   223.57,   476.18
  472.44,   223.69,   601.18
  472.46,   223.81,   726.18
  470.04,   348.55,   476.06
  470.07,   348.67,   601.06
  470.10,   348.79,   726.06
  599.75,   100.96,   476.27
  599.78,   101.08,   601.27
  599.81,   101.20,   726.27
  597.39,   225.94,   476.15
  597.41,   226.06,   601.15
  597.44,   226.18,   726.15
  595.02,   350.91,   476.03
  595.05,   351.03,   601.03
  595.07,   351.15,   726.03
  724.73,   103.32,   476.24
  724.76,   103.44,   601.24
  724.78,   103.57,   726.24
  722.36,   228.30,   476.12
  722.39,   228.42,   601.12
  722.42,   228.54,   726.12
  720.00,   353.28,   476.00
  720.03,   353.40,   601.00
  720.05,   353.52,   726.00
  473.76,   101.34,   598.63
  471.95,   104.82,   723.57
  470.14,   108.30,   848.51
  474.63,   226.29,   595.17
  472.83,   229.77,   720.11
  471.02,   233.25,   845.05
  475.51,   351.24,   591.70
  473.70,   354.72,   716.64
  471.90,   358.20,   841.58
  598.74,   100.52,   600.46
  596.93,   104.00,   725.40
  595.13,   107.47,   850.34
  599.62,   225.47,   597.00
  597.81,   228.95,   721.94
  596.00,   232.42,   846.88
  600.49,   350.42,   593.53
  598.69,   353.90,   718.47
  596.88,   357.37,   843.41
  723.72,   99.70,   602.29
  721.92,   103.17,   727.23
  720.11,   106.65,   852.17
  724.60,   224.64,   598.83
  722.79,   228.12,   723.77
  720.99,   231.60,   848.71
  725.48,   349.59,   595.36
  723.67,   353.07,   720.30
  721.86,   356.55,   845.24
  473.34,   223.90,   99.09
  469.66,   227.16,   223.99
  465.99,   230.41,   348.90
  474.50,   348.85,   95.87
  470.82,   352.11,   220.77
  467.15,   355.37,   345.67
  475.66,   473.81,   92.64
  471.98,   477.06,   217.55
  468.31,   480.32,   342.45
  598.28,   222.84,   102.79
  594.60,   226.09,   227.69
  590.93,   229.35,   352.60
  599.44,   347.79,   99.57
  595.76,   351.05,   224.47
  592.09,   354.30,   349.37
  600.60,   472.74,   96.34
  596.92,   476.00,   221.25
  593.25,   479.26,   346.15
  723.22,   221.77,   106.49
  719.55,   225.03,   231.39
  715.87,   228.29,   356.30
  724.38,   346.73,   103.27
  720.70,   349.98,   228.17
  717.03,   353.24,   353.07
  725.54,   471.68,   100.04
  721.86,   474.94,   224.95
  718.19,   478.19,   349.85
  475.63,   225.62,   225.32
  476.19,   225.28,   350.32
  476.75,   224.93,   475.32
  479.11,   350.57,   225.65
  479.67,   350.23,   350.65
  480.23,   349.88,   475.65
  482.60,   475.53,   225.99
  483.16,   475.18,   350.99
  483.72,   474.83,   475.98
  600.58,   222.14,   224.75
  601.14,   221.79,   349.75
  601.70,   221.44,   474.75
  604.06,   347.09,   225.09
  604.62,   346.74,   350.08
  605.18,   346.40,   475.08
  607.55,   472.04,   225.42
  608.11,   471.69,   350.42
  608.67,   471.35,   475.41
  725.53,   218.66,   224.18
  726.09,   218.31,   349.18
  726.65,   217.96,   474.18
  729.01,   343.61,   224.52
  729.57,   343.26,   349.52
  730.13,   342.91,   474.51
  732.50,   468.56,   224.85
  733.06,   468.21,   349.85
  733.62,   467.86,   474.85
  475.04,   226.85,   349.10
  474.26,   223.82,   474.06
  473.48,   220.79,   599.02
  476.00,   351.81,   352.13
  475.22,   348.78,   477.09
  474.44,   345.75,   602.05
  476.95,   476.77,   355.17
  476.17,   473.74,   480.13
  475.39,   470.71,   605.09
  600.04,   225.88,   349.85
  599.26,   222.85,   474.81
  598.48,   219.82,   599.77
  600.99,   350.83,   352.89
  600.21,   347.81,   477.85
  599.43,   344.78,   602.81
  601.95,   475.79,   355.92
  601.17,   472.77,   480.88
  600.39,   469.74,   605.84
  725.03,   224.90,   350.61
  724.25,   221.87,   475.57
  723.47,   218.84,   600.53
  725.99,   349.86,   353.64
  725.21,   346.83,   478.60
  724.43,   343.80,   603.56
  726.94,   474.82,   356.68
  726.16,   471.79,   481.64
  725.38,   468.76,   606.60
  473.52,   224.16,   475.07
  470.61,   222.01,   600.02
  467.69,   219.85,   724.97
  471.42,   349.13,   477.18
  468.50,   346.97,   602.13
  465.59,   344.82,   727.07
  469.32,   474.09,   479.29
  466.40,   471.94,   604.23
  463.48,   469.78,   729.18
  598.47,   226.21,   478.03
  595.56,   224.06,   602.97
  592.64,   221.91,   727.92
  596.37,   351.18,   480.13
  593.45,   349.02,   605.08
  590.54,   346.87,   730.03
  594.27,   476.14,   482.24
  591.35,   473.99,   607.18
  588.43,   471.83,   732.13
  723.42,   228.27,   480.98
  720.50,   226.11,   605.92
  717.59,   223.96,   730.87
  721.32,   353.23,   483.08
  718.40,   351.08,   608.03
  715.48,   348.92,   732.98
  719.21,   478.20,   485.19
  716.30,   476.04,   610.14
  713.38,   473.89,   735.08
  475.92,   224.94,   599.70
  472.23,   228.56,   724.60
  468.53,   232.18,   849.49
  476.65,   349.89,   596.10
  472.96,   353.51,   721.00
  469.26,   357.13,   845.89
  477.39,   474.83,   592.50
  473.69,   478.45,   717.40
  470.00,   482.07,   842.29
  600.86,   224.32,   603.42
  597.17,   227.94,   728.31
  593.47,   231.56,   853.20
  601.60,   349.26,   599.82
  597.90,   352.88,   724.71
  594.21,   356.50,   849.61
  602.33,   474.21,   596.22
  598.63,   477.83,   721.11
  594.94,   481.45,   846.01
  725.81,   223.69,   607.13
  722.11,   227.31,   732.03
  718.42,   230.93,   856.92
  726.54,   348.64,   603.54
  722.84,   352.26,   728.43
  719.15,   355.88,   853.32
  727.27,   473.58,   599.94
  723.58,   477.20,   724.83
  719.88,   480.82,   849.72
  473.28,   349.22,   99.41
  470.73,   347.26,   224.37
  468.17,   345.29,   349.33
  472.00,   474.20,   101.35
  469.45,   472.23,   226.31
  466.89,   470.27,   351.27
  470.72,   599.18,   103.30
  468.17,   597.21,   228.26
  465.61,   595.25,   353.21
  598.25,   350.46,   101.99
  595.70,   348.50,   226.95
  593.14,   346.53,   351.90
  596.97,   475.44,   103.93
  594.42,   473.47,   228.89
  591.86,   471.51,   353.85
  595.69,   600.42,   105.87
  593.14,   598.45,   230.83
  590.58,   596.49,   355.79
  723.22,   351.70,   104.56
  720.66,   349.74,   229.52
  718.11,   347.77,   354.48
  721.94,   476.68,   106.51
  719.38,   474.72,   231.46
  716.83,   472.75,   356.42
  720.66,   601.66,   108.45
  718.10,   599.69,   233.41
  715.55,   597.73,   358.36
  474.74,   348.76,   224.68
  476.67,   348.43,   349.66
  478.61,   348.10,   474.65
  471.52,   473.72,   225.06
  473.46,   473.39,   350.04
  475.40,   473.06,   475.03
  468.31,   598.68,   225.44
  470.25,   598.35,   350.42
  472.18,   598.02,   475.41
  599.68,   351.98,   222.75
  601.62,   351.65,   347.74
  603.55,   351.32,   472.72
  596.47,   476.94,   223.13
  598.40,   476.61,   348.12
  600.34,   476.28,   473.10
  593.25,   601.90,   223.51
  595.19,   601.57,   348.49
  597.12,   601.24,   473.48
  724.63,   355.20,   220.83
  726.56,   354.87,   345.81
  728.50,   354.54,   470.80
  721.41,   480.16,   221.21
  723.35,   479.83,   346.19
  725.28,   479.50,   471.18
  718.20,   605.12,   221.58
  720.13,   604.79,   346.57
  722.07,   604.46,   471.55
  476.70,   351.02,   351.97
  478.31,   354.10,   476.92
  479.92,   357.18,   601.87
  474.03,   475.95,   348.93
  475.64,   479.03,   473.88
  477.25,   482.11,   598.83
  471.36,   600.89,   345.88
  472.97,   603.97,   470.83
  474.58,   607.04,   595.79
  601.67,   353.65,   350.30
  603.27,   356.73,   475.25
  604.88,   359.81,   600.20
  598.99,   478.59,   347.25
  600.60,   481.66,   472.20
  602.21,   484.74,   597.16
  596.32,   603.52,   344.21
  597.93,   606.60,   469.16
  599.54,   609.68,   594.11
  726.63,   356.28,   348.62
  728.24,   359.36,   473.57
  729.84,   362.44,   598.53
  723.96,   481.22,   345.58
  725.56,   484.30,   470.53
  727.17,   487.37,   595.48
  721.28,   606.15,   342.54
  722.89,   609.23,   467.49
  724.50,   612.31,   592.44
  473.05,   348.49,   474.42
  474.30,   351.34,   599.38
  475.55,   354.18,   724.34
  474.86,   473.45,   471.56
  476.12,   476.29,   596.52
  477.37,   479.13,   721.48
  476.68,   598.40,   468.70
  477.93,   601.24,   593.66
  479.18,   604.09,   718.62
  598.03,   346.65,   473.21
  599.28,   349.49,   598.17
  600.53,   352.34,   723.13
  599.85,   471.61,   470.35
  601.10,   474.45,   595.31
  602.35,   477.29,   720.27
  601.66,   596.56,   467.49
  602.91,   599.40,   592.45
  604.16,   602.24,   717.41
  723.01,   344.81,   472.00
  724.26,   347.65,   596.96
  725.52,   350.49,   721.92
  724.83,   469.76,   469.14
  726.08,   472.61,   594.10
  727.33,   475.45,   719.06
  726.64,   594.72,   466.28
  727.89,   597.56,   591.24
  729.14,   600.40,   716.20
  475.99,   349.50,   599.23
  478.96,   352.82,   724.16
  481.93,   356.14,   849.08
  474.51,   474.45,   595.95
  477.48,   477.77,   720.87
  480.46,   481.09,   845.79
  473.04,   599.40,   592.67
  476.01,   602.72,   717.59
  478.98,   606.03,   842.51
  600.94,   350.90,   596.22
  603.92,   354.22,   721.15
  606.89,   357.54,   846.07
  599.47,   475.85,   592.94
  602.44,   479.16,   717.86
  605.41,   482.48,   842.78
  597.99,   600.79,   589.66
  600.96,   604.11,   714.58
  603.94,   607.43,   839.50
  725.90,   352.30,   593.21
  728.87,   355.61,   718.13
  731.84,   358.93,   843.06
  724.42,   477.24,   589.93
  727.40,   480.56,   714.85
  730.37,   483.88,   839.77
  722.95,   602.19,   586.64
  725.92,   605.51,   711.57
  728.89,   608.83,   836.49
  476.27,   474.32,   99.27
  478.07,   477.62,   224.21
  479.86,   480.91,   349.16
  473.11,   599.24,   96.02
  474.90,   602.54,   220.96
  476.70,   605.83,   345.91
  469.94,   724.16,   92.77
  471.74,   727.45,   217.72
  473.53,   730.75,   342.66
  601.22,   477.44,   97.39
  603.01,   480.73,   222.34
  604.81,   484.03,   347.28
  598.05,   602.36,   94.14
  599.85,   605.65,   219.09
  601.64,   608.95,   344.03
  594.89,   727.28,   90.90
  596.68,   730.57,   215.84
  598.48,   733.86,   340.78
  726.17,   480.56,   95.52
  727.96,   483.85,   220.46
  729.75,   487.15,   345.40
  723.00,   605.48,   92.27
  724.80,   608.77,   217.21
  726.59,   612.06,   342.16
  719.84,   730.39,   89.02
  721.63,   733.69,   213.96
  723.42,   736.98,   338.91
  473.03,   474.50,   223.77
  472.62,   473.61,   348.77
  472.21,   472.71,   473.76
  471.65,   599.49,   224.66
  471.25,   598.59,   349.65
  470.84,   597.70,   474.65
  470.28,   724.47,   225.54
  469.87,   723.58,   350.54
  469.47,   722.69,   475.53
  598.02,   475.86,   224.19
  597.61,   474.97,   349.18
  597.20,   474.08,   474.18
  596.65,   600.85,   225.07
  596.24,   599.96,   350.07
  595.83,   599.07,   475.07
  595.27,   725.84,   225.96
  594.87,   724.95,   350.96
  594.46,   724.06,   475.95
  723.01,   477.23,   224.60
  722.60,   476.34,   349.60
  722.19,   475.45,   474.60
  721.64,   602.22,   225.49
  721.23,   601.33,   350.49
  720.82,   600.44,   475.48
  720.27,   727.21,   226.38
  719.86,   726.32,   351.37
  719.45,   725.43,   476.37
  475.49,   476.70,   349.77
  479.12,   474.00,   474.69
  482.74,   471.29,   599.61
  475.40,   601.67,   352.48
  479.02,   598.97,   477.40
  482.65,   596.26,   602.32
  475.31,   726.64,   355.19
  478.93,   723.94,   480.11
  482.56,   721.24,   605.02
  600.44,   476.87,   346.15
  604.06,   474.17,   471.07
  607.68,   471.46,   595.99
  600.35,   601.84,   348.86
  603.97,   599.14,   473.78
  607.59,   596.43,   598.70
  600.26,   726.81,   351.57
  603.88,   724.11,   476.49
  607.50,   721.40,   601.41
  725.39,   477.04,   342.53
  729.01,   474.34,   467.45
  732.63,   471.63,   592.37
  725.30,   602.01,   345.24
  728.92,   599.31,   470.16
  732.54,   596.60,   595.08
  725.21,   726.98,   347.95
  728.83,   724.28,   472.87
  732.45,   721.57,   597.79
  474.60,   473.85,   476.74
  473.79,   477.03,   601.69
  472.98,   480.21,   726.65
  478.05,   598.76,   473.58
  477.24,   601.94,   598.54
  476.43,   605.12,   723.49
  481.50,   723.68,   470.42
  480.69,   726.86,   595.38
  479.88,   730.04,   720.33
  599.55,   470.42,   477.63
  598.74,   473.60,   602.59
  597.93,   476.78,   727.55
  603.00,   595.33,   474.48
  602.19,   598.52,   599.43
  601.38,   601.70,   724.39
  606.45,   720.25,   471.32
  605.64,   723.43,   596.28
  604.83,   726.61,   721.23
  724.50,   466.99,   478.53
  723.69,   470.17,   603.49
  722.88,   473.36,   728.45
  727.95,   591.91,   475.38
  727.14,   595.09,   600.33
  726.33,   598.27,   725.29
  731.40,   716.82,   472.22
  730.59,   720.00,   597.18
  729.78,   723.18,   722.13
  475.62,   476.12,   601.91
  474.90,   479.36,   726.87
  474.18,   482.60,   851.83
  476.99,   601.08,   598.68
  476.27,   604.31,   723.64
  475.55,   607.55,   848.60
  478.36,   726.03,   595.45
  477.63,   729.26,   720.41
  476.91,   732.50,   845.37
  600.61,   474.78,   602.67
  599.89,   478.02,   727.63
  599.17,   481.25,   852.58
  601.98,   599.73,   599.44
  601.26,   602.97,   724.40
  600.54,   606.21,   849.35
  603.35,   724.68,   596.21
  602.62,   727.92,   721.17
  601.90,   731.16,   846.12
  725.60,   473.43,   603.43
  724.88,   476.67,   728.38
  724.16,   479.91,   853.34
  726.97,   598.38,   600.20
  726.25,   601.62,   725.15
  725.53,   604.86,   850.11
  728.34,   723.33,   596.97
  727.62,   726.57,   721.92
  726.89,   729.81,   846.88
  475.60,   600.09,   100.94
  477.04,   596.99,   225.89
  478.49,   593.90,   350.85
  473.19,   725.03,   104.06
  474.64,   721.93,   229.01
  476.09,   718.84,   353.97
  470.79,   849.96,   107.18
  472.24,   846.87,   232.14
  473.69,   843.77,   357.09
  600.56,   602.53,   99.55
  602.01,   599.43,   224.51
  603.46,   596.34,   349.46
  598.16,   727.46,   102.67
  599.61,   724.37,   227.63
  601.06,   721.27,   352.58
  595.76,   852.40,   105.80
  597.21,   849.31,   230.75
  598.65,   846.21,   355.70
  725.53,   604.96,   98.16
  726.98,   601.87,   223.12
  728.43,   598.77,   348.07
  723.13,   729.90,   101.29
  724.58,   726.81,   226.24
  726.03,   723.71,   351.19
  720.73,   854.84,   104.41
  722.18,   851.74,   229.36
  723.62,   848.65,   354.32
  474.44,   601.31,   225.67
  475.29,   600.70,   350.67
  476.13,   600.10,   475.66
  474.39,   726.31,   226.27
  475.24,   725.70,   351.27
  476.08,   725.10,   476.27
  474.34,   851.30,   226.88
  475.19,   850.70,   351.87
  476.03,   850.10,   476.87
  599.44,   601.36,   224.83
  600.28,   600.76,   349.82
  601.12,   600.15,   474.82
  599.39,   726.36,   225.43
  600.23,   725.76,   350.43
  601.07,   725.15,   475.42
  599.34,   851.36,   226.04
  600.18,   850.75,   351.03
  601.02,   850.15,   476.03
  724.44,   601.41,   223.99
  725.28,   600.81,   348.98
  726.12,   600.21,   473.98
  724.39,   726.41,   224.59
  725.23,   725.81,   349.59
  726.07,   725.20,   474.58
  724.34,   851.41,   225.20
  725.18,   850.81,   350.19
  726.02,   850.20,   475.19
  474.07,   598.14,   349.54
  473.32,   599.03,   474.54
  472.56,   599.91,   599.53
  471.58,   723.11,   348.64
  470.82,   724.00,   473.64
  470.06,   724.88,   598.63
  469.08,   848.08,   347.74
  468.32,   848.97,   472.73
  467.56,   849.86,   597.73
  599.05,   600.64,   350.28
  598.29,   601.53,   475.28
  597.53,   602.42,   600.27
  596.55,   725.62,   349.38
  595.79,   726.50,   474.38
  595.03,   727.39,   599.37
  594.05,   850.59,   348.48
  593.29,   851.47,   473.48
  592.53,   852.36,   598.47
  724.02,   603.15,   351.03
  723.26,   604.04,   476.02
  722.50,   604.92,   601.01
  721.52,   728.12,   350.12
  720.76,   729.01,   475.12
  720.00,   729.89,   600.11
  719.02,   853.09,   349.22
  718.26,   853.98,   474.22
  717.50,   854.87,   599.21
  476.47,   601.48,   475.61
  475.21,   598.86,   600.57
  473.96,   596.25,   725.54
  473.30,   726.41,   478.19
  472.04,   723.79,   603.15
  470.79,   721.18,   728.12
  470.13,   851.34,   480.77
  468.87,   848.73,   605.73
  467.62,   846.11,   730.70
  601.43,   604.62,   476.93
  600.17,   602.00,   601.90
  598.91,   599.39,   726.86
  598.26,   729.55,   479.51
  597.00,   726.94,   604.48
  595.74,   724.32,   729.45
  595.09,   854.48,   482.09
  593.83,   851.87,   607.06
  592.57,   849.26,   732.03
  726.38,   607.76,   478.26
  725.12,   605.15,   603.22
  723.86,   602.53,   728.19
  723.21,   732.69,   480.84
  721.95,   730.08,   605.80
  720.69,   727.47,   730.77
  720.04,   857.63,   483.42
  718.78,   855.01,   608.38
  717.52,   852.40,   733.35
  474.70,   599.19,   601.56
  472.19,   595.99,   726.49
  469.67,   592.80,   851.43
  474.64,   724.14,   604.75
  472.13,   720.95,   729.68
  469.61,   717.76,   854.62
  474.58,   849.10,   607.94
  472.06,   845.91,   732.88
  469.55,   842.72,   857.81
  599.67,   599.18,   604.07
  597.16,   595.99,   729.00
  594.65,   592.80,   853.94
  599.61,   724.14,   607.26
  597.10,   720.95,   732.20
  594.59,   717.76,   857.13
  599.55,   849.10,   610.45
  597.04,   845.91,   735.39
  594.53,   842.72,   860.32
  724.65,   599.18,   606.58
  722.14,   595.99,   731.52
  719.62,   592.79,   856.45
  724.59,   724.14,   609.77
  722.07,   720.95,   734.71
  719.56,   717.75,   859.64
  724.53,   849.10,   612.97
  722.01,   845.90,   737.90
  719.50,   842.71,   862.83
  599.74,   99.06,   101.91
  601.08,   95.66,   226.86
  602.43,   92.26,   351.80
  598.84,   224.01,   105.32
  600.18,   220.61,   230.27
  601.53,   217.21,   355.21
  597.94,   348.96,   108.73
  599.28,   345.56,   233.67
  600.63,   342.16,   358.62
  724.73,   99.99,   100.59
  726.07,   96.60,   225.54
  727.42,   93.20,   350.49
  723.83,   224.94,   104.00
  725.17,   221.55,   228.95
  726.52,   218.15,   353.89
  722.93,   349.89,   107.41
  724.27,   346.50,   232.36
  725.62,   343.10,   357.30
  849.72,   100.93,   99.27
  851.06,   97.53,   224.22
  852.41,   94.13,   349.17
  848.82,   225.88,   102.68
  850.16,   222.48,   227.63
  851.51,   219.08,   352.58
  847.92,   350.83,   106.09
  849.26,   347.43,   231.04
  850.61,   344.03,   355.98
  599.25,   101.24,   225.67
  597.70,   97.74,   350.61
  596.15,   94.23,   475.55
  595.91,   226.15,   229.13
  594.36,   222.64,   354.07
  592.80,   219.14,   479.01
  592.56,   351.06,   232.59
  591.01,   347.55,   357.54
  589.46,   344.05,   482.48
  724.20,   104.54,   227.32
  722.65,   101.04,   352.26
  721.09,   97.53,   477.20
  720.85,   229.45,   230.78
  719.30,   225.94,   355.72
  717.75,   222.44,   480.66
  717.51,   354.36,   234.24
  715.96,   350.85,   359.18
  714.40,   347.35,   484.12
  849.14,   107.84,   228.96
  847.59,   104.34,   353.90
  846.04,   100.83,   478.84
  845.80,   232.75,   232.42
  844.25,   229.24,   357.36
  842.69,   225.74,   482.31
  842.45,   357.66,   235.88
  840.90,   354.15,   360.83
  839.35,   350.65,   485.77
  600.44,   99.85,   349.83
  597.82,   101.21,   474.80
  595.20,   102.57,   599.76
  602.19,   224.83,   348.51
  599.58,   226.19,   473.47
  596.96,   227.55,   598.44
  603.95,   349.81,   347.18
  601.34,   351.17,   472.15
  598.72,   352.54,   597.11
  725.40,   98.12,   352.47
  722.78,   99.48,   477.43
  720.16,   100.84,   602.40
  727.15,   223.10,   351.14
  724.54,   224.46,   476.11
  721.92,   225.82,   601.07
  728.91,   348.08,   349.82
  726.30,   349.44,   474.78
  723.68,   350.80,   599.75
  850.36,   96.39,   355.10
  847.74,   97.75,   480.07
  845.12,   99.11,   605.03
  852.11,   221.37,   353.78
  849.50,   222.73,   478.74
  846.88,   224.09,   603.71
  853.87,   346.35,   352.45
  851.26,   347.71,   477.42
  848.64,   349.07,   602.38
  601.74,   100.66,   476.43
  600.69,   101.78,   601.42
  599.63,   102.91,   726.41
  600.38,   225.65,   475.30
  599.33,   226.77,   600.29
  598.27,   227.90,   725.28
  599.02,   350.63,   474.16
  597.97,   351.76,   599.15
  596.91,   352.88,   724.14
  726.73,   102.03,   477.48
  725.67,   103.15,   602.47
  724.62,   104.28,   727.46
  725.37,   227.02,   476.34
  724.31,   228.14,   601.33
  723.26,   229.27,   726.32
  724.01,   352.00,   475.20
  722.95,   353.13,   600.19
  721.90,   354.25,   725.18
  851.72,   103.40,   478.52
  850.66,   104.52,   603.51
  849.61,   105.65,   728.50
  850.36,   228.39,   477.39
  849.30,   229.51,   602.38
  848.24,   230.64,   727.37
  849.00,   353.37,   476.25
  847.94,   354.50,   601.24
  846.88,   355.62,   726.23
  598.05,   101.00,   600.79
  596.87,   101.48,   725.78
  595.70,   101.96,   850.77
  595.64,   225.97,   600.28
  594.47,   226.45,   725.28
  593.29,   226.93,   850.27
  593.23,   350.95,   599.78
  592.06,   351.43,   724.78
  590.88,   351.91,   849.77
  723.02,   103.41,   601.95
  721.84,   103.89,   726.95
  720.67,   104.37,   851.94
  720.61,   228.39,   601.45
  719.44,   228.86,   726.45
  718.26,   229.34,   851.44
  718.21,   353.36,   600.95
  717.03,   353.84,   725.94
  715.85,   354.32,   850.94
  847.99,   105.82,   603.12
  846.82,   106.30,   728.11
  845.64,   106.78,   853.11
  845.58,   230.80,   602.62
  844.41,   231.28,   727.61
  843.23,   231.76,   852.61
  843.18,   355.77,   602.12
  842.00,   356.25,   727.11
  840.82,   356.73,   852.11
  601.38,   223.40,   98.66
  599.03,   221.84,   223.62
  596.68,   220.28,   348.59
  598.06,   348.34,   100.15
  595.71,   346.79,   225.12
  593.35,   345.23,   350.09
  594.73,   473.29,   101.65
  592.38,   471.73,   226.61
  590.03,   470.17,   351.58
  726.32,   226.69,   101.05
  723.96,   225.13,   226.02
  721.61,   223.58,   350.99
  722.99,   351.64,   102.55
  720.64,   350.08,   227.51
  718.29,   348.52,   352.48
  719.67,   476.59,   104.04
  717.31,   475.03,   229.01
  714.96,   473.47,   353.98
  851.25,   229.99,   103.44
  848.90,   228.43,   228.41
  846.54,   226.87,   353.38
  847.93,   354.93,   104.94
  845.57,   353.38,   229.91
  843.22,   351.82,   354.88
  844.60,   479.88,   106.43
  842.25,   478.32,   231.40
  839.90,   476.76,   356.37
  600.74,   224.43,   226.38
  597.24,   224.85,   351.33
  593.73,   225.27,   476.28
  597.73,   349.40,   225.88
  594.22,   349.81,   350.83
  590.71,   350.23,   475.78
  594.72,   474.36,   225.38
  591.21,   474.78,   350.33
  587.70,   475.19,   475.28
  725.66,   227.46,   229.88
  722.15,   227.88,   354.83
  718.64,   228.29,   479.78
  722.65,   352.42,   229.38
  719.14,   352.84,   354.33
  715.63,   353.26,   479.28
  719.63,   477.39,   228.88
  716.12,   477.80,   353.83
  712.61,   478.22,   478.78
  850.57,   230.49,   233.38
  847.06,   230.90,   358.33
  843.56,   231.32,   483.28
  847.56,   355.45,   232.88
  844.05,   355.87,   357.83
  840.54,   356.28,   482.78
  844.55,   480.41,   232.38
  841.04,   480.83,   357.33
  837.53,   481.24,   482.28
  601.94,   225.20,   351.54
  603.80,   224.77,   476.53
  605.65,   224.35,   601.51
  600.87,   350.20,   351.98
  602.73,   349.77,   476.97
  604.59,   349.34,   601.96
  599.80,   475.19,   352.43
  601.66,   474.76,   477.41
  603.52,   474.34,   602.40
  726.92,   226.28,   349.69
  728.78,   225.85,   474.67
  730.64,   225.42,   599.66
  725.85,   351.27,   350.13
  727.71,   350.84,   475.12
  729.57,   350.42,   600.10
  724.78,   476.27,   350.57
  726.64,   475.84,   475.56
  728.50,   475.41,   600.55
  851.90,   227.35,   347.83
  853.76,   226.92,   472.82
  855.62,   226.50,   597.80
  850.83,   352.35,   348.28
  852.69,   351.92,   473.26
  854.55,   351.49,   598.25
  849.77,   477.34,   348.72
  851.62,   476.91,   473.71
  853.48,   476.49,   598.69
  601.79,   225.44,   475.14
  598.15,   226.13,   600.09
  594.51,   226.81,   725.03
  602.60,   350.44,   474.48
  598.96,   351.12,   599.42
  595.32,   351.81,   724.37
  603.40,   475.43,   473.82
  599.76,   476.12,   598.76
  596.12,   476.80,   723.71
  726.74,   224.66,   478.78
  723.10,   225.34,   603.73
  719.46,   226.03,   728.67
  727.54,   349.65,   478.12
  723.90,   350.34,   603.07
  720.26,   351.02,   728.01
  728.34,   474.65,   477.46
  724.70,   475.33,   602.41
  721.07,   476.02,   727.35
  851.68,   223.87,   482.43
  848.04,   224.56,   607.37
  844.40,   225.24,   732.32
  852.48,   348.87,   481.77
  848.85,   349.55,   606.71
  845.21,   350.24,   731.66
  853.29,   473.86,   481.10
  849.65,   474.55,   606.05
  846.01,   475.23,   730.99
  598.34,   225.71,   601.78
  600.47,   225.00,   726.76
  602.60,   224.29,   851.74
  599.47,   350.71,   602.47
  601.60,   350.00,   727.45
  603.72,   349.28,   852.43
  600.60,   475.70,   603.16
  602.73,   474.99,   728.14
  604.85,   474.28,   853.12
  723.32,   224.60,   599.64
  725.45,   223.89,   724.62
  727.57,   223.17,   849.60
  724.45,   349.59,   600.34
  726.57,   348.88,   725.32
  728.70,   348.17,   850.30
  725.58,   474.58,   601.03
  727.70,   473.87,   726.01
  729.83,   473.16,   850.99
  848.30,   223.48,   597.51
  850.42,   222.77,   722.49
  852.55,   222.06,   847.47
  849.43,   348.48,   598.21
  851.55,   347.76,   723.19
  853.68,   347.05,   848.17
  850.55,   473.47,   598.90
  852.68,   472.76,   723.88
  854.80,   472.04,   848.86
  599.32,   351.52,   101.34
  599.36,   348.92,   226.32
  599.39,   346.33,   351.29
  598.03,   476.48,   103.94
  598.07,   473.89,   228.91
  598.11,   471.30,   353.88
  596.74,   601.45,   106.53
  596.78,   598.86,   231.50
  596.82,   596.27,   356.47
  724.31,   352.80,   101.33
  724.35,   350.21,   226.31
  724.39,   347.62,   351.28
  723.02,   477.77,   103.93
  723.06,   475.18,   228.90
  723.10,   472.59,   353.87
  721.74,   602.74,   106.52
  721.77,   600.15,   231.49
  721.81,   597.55,   356.46
  849.31,   354.09,   101.32
  849.34,   351.50,   226.30
  849.38,   348.91,   351.27
  848.02,   479.06,   103.92
  848.06,   476.47,   228.89
  848.09,   473.88,   353.86
  846.73,   604.03,   106.51
  846.77,   601.43,   231.48
  846.80,   598.84,   356.45
  600.70,   350.76,   226.80
  603.37,   350.98,   351.77
  606.05,   351.20,   476.74
  600.90,   475.75,   226.57
  603.57,   475.98,   351.54
  606.25,   476.20,   476.51
  601.10,   600.75,   226.34
  603.77,   600.98,   351.31
  606.45,   601.20,   476.28
  725.67,   350.55,   224.13
  728.35,   350.77,   349.10
  731.02,   351.00,   474.07
  725.87,   475.55,   223.90
  728.55,   475.77,   348.87
  731.22,   476.00,   473.84
  726.07,   600.55,   223.67
  728.74,   600.77,   348.64
  731.42,   601.00,   473.61
  850.64,   350.35,   221.45
  853.32,   350.57,   346.42
  855.99,   350.79,   471.40
  850.84,   475.35,   221.22
  853.52,   475.57,   346.20
  856.19,   475.79,   471.17
  851.04,   600.35,   221.00
  853.72,   600.57,   345.97
  856.39,   600.79,   470.94
  598.62,   350.35,   350.12
  602.10,   352.20,   475.06
  605.59,   354.06,   600.00
  599.73,   475.33,   348.24
  603.21,   477.18,   473.18
  606.70,   479.04,   598.11
  600.84,   600.31,   346.35
  604.33,   602.16,   471.29
  607.81,   604.02,   596.23
  723.56,   349.18,   346.65
  727.05,   351.04,   471.59
  730.54,   352.89,   596.53
  724.67,   474.17,   344.77
  728.16,   476.02,   469.71
  731.65,   477.87,   594.64
  725.79,   599.15,   342.88
  729.27,   601.00,   467.82
  732.76,   602.85,   592.76
  848.51,   348.02,   343.19
  852.00,   349.88,   468.12
  855.48,   351.73,   593.06
  849.62,   473.00,   341.30
  853.11,   474.86,   466.24
  856.59,   476.71,   591.18
  850.73,   597.98,   339.41
  854.22,   599.84,   464.35
  857.70,   601.69,   589.29
  601.62,   351.32,   474.21
  598.68,   348.07,   599.14
  595.73,   344.82,   724.06
  601.12,   476.28,   477.46
  598.18,   473.03,   602.38
  595.23,   469.77,   727.30
  600.62,   601.24,   480.70
  597.68,   597.98,   605.62
  594.73,   594.73,   730.54
  726.58,   351.74,   477.17
  723.64,   348.49,   602.09
  720.70,   345.24,   727.01
  726.08,   476.70,   480.41
  723.14,   473.45,   605.33
  720.20,   470.20,   730.26
  725.58,   601.66,   483.65
  722.64,   598.41,   608.57
  719.70,   595.15,   733.50
  851.55,   352.17,   480.12
  848.60,   348.92,   605.05
  845.66,   345.66,   729.97
  851.05,   477.13,   483.36
  848.10,   473.87,   608.29
  845.16,   470.62,   733.21
  850.55,   602.08,   486.61
  847.60,   598.83,   611.53
  844.66,   595.58,   736.45
  600.78,   348.60,   600.41
  603.56,   346.27,   725.36
  606.34,   343.93,   850.30
  604.49,   473.52,   602.66
  607.27,   471.19,   727.61
  610.05,   468.86,   852.55
  608.21,   598.45,   604.91
  610.99,   596.12,   729.86
  613.76,   593.78,   854.80
  725.69,   344.94,   597.56
  728.47,   342.60,   722.51
  731.25,   340.27,   847.46
  729.41,   469.86,   599.81
  732.18,   467.53,   724.76
  734.96,   465.20,   849.71
  733.12,   594.79,   602.06
  735.90,   592.45,   727.01
  738.68,   590.12,   851.96
  850.61,   341.27,   594.72
  853.38,   338.94,   719.66
  856.16,   336.61,   844.61
  854.32,   466.20,   596.97
  857.10,   463.87,   721.91
  859.88,   461.53,   846.86
  858.03,   591.12,   599.22
  860.81,   588.79,   724.16
  863.59,   586.46,   849.11
  601.76,   475.76,   100.25
  601.53,   472.38,   225.20
  601.30,   469.00,   350.15
  599.80,   600.70,   103.62
  599.56,   597.32,   228.58
  599.33,   593.94,   353.53
  597.83,   725.64,   107.00
  597.60,   722.26,   231.95
  597.36,   718.88,   356.91
  726.75,   477.72,   100.53
  726.52,   474.34,   225.49
  726.29,   470.96,   350.44
  724.78,   602.66,   103.91
  724.55,   599.28,   228.86
  724.32,   595.90,   353.82
  722.81,   727.60,   107.28
  722.58,   724.22,   232.24
  722.35,   720.84,   357.19
  851.73,   479.69,   100.82
  851.50,   476.31,   225.77
  851.27,   472.92,   350.72
  849.76,   604.63,   104.19
  849.53,   601.24,   229.15
  849.30,   597.86,   354.10
  847.80,   729.56,   107.57
  847.56,   726.18,   232.52
  847.33,   722.80,   357.48
  599.88,   476.75,   223.89
  596.90,   480.20,   348.81
  593.92,   483.64,   473.72
  599.13,   601.70,   220.42
  596.15,   605.15,   345.34
  593.18,   608.59,   470.26
  598.39,   726.65,   216.96
  595.41,   730.10,   341.88
  592.43,   733.54,   466.79
  724.84,   477.58,   226.85
  721.86,   481.03,   351.76
  718.89,   484.47,   476.68
  724.10,   602.53,   223.38
  721.12,   605.98,   348.30
  718.14,   609.42,   473.21
  723.35,   727.48,   219.92
  720.37,   730.93,   344.83
  717.39,   734.37,   469.75
  849.81,   478.41,   229.80
  846.83,   481.86,   354.72
  843.85,   485.30,   479.64
  849.06,   603.36,   226.34
  846.08,   606.81,   351.26
  843.10,   610.25,   476.17
  848.31,   728.31,   222.87
  845.33,   731.76,   347.79
  842.35,   735.20,   472.71
  599.59,   474.96,   350.86
  596.04,   474.13,   475.80
  592.50,   473.31,   600.75
  601.30,   599.94,   351.73
  597.76,   599.12,   476.68
  594.22,   598.30,   601.63
  603.02,   724.93,   352.60
  599.48,   724.11,   477.55
  595.93,   723.28,   602.50
  724.53,   473.22,   354.39
  720.98,   472.39,   479.34
  717.44,   471.57,   604.28
  726.24,   598.20,   355.26
  722.70,   597.38,   480.21
  719.15,   596.55,   605.16
  727.96,   723.19,   356.14
  724.42,   722.36,   481.08
  720.87,   721.54,   606.03
  849.46,   471.48,   357.92
  845.92,   470.65,   482.87
  842.37,   469.83,   607.82
  851.18,   596.46,   358.80
  847.64,   595.64,   483.74
  844.09,   594.81,   608.69
  852.90,   721.45,   359.67
  849.35,   720.62,   484.62
  845.81,   719.80,   609.56
  599.00,   474.05,   474.78
  598.22,   475.37,   599.77
  597.44,   476.69,   724.76
  596.45,   599.01,   473.44
  595.67,   600.33,   598.43
  594.89,   601.65,   723.43
  593.90,   723.98,   472.11
  593.12,   725.30,   597.10
  592.34,   726.62,   722.09
  723.98,   476.60,   475.53
  723.20,   477.92,   600.52
  722.42,   479.25,   725.52
  721.43,   601.57,   474.20
  720.65,   602.89,   599.19
  719.87,   604.21,   724.18
  718.88,   726.54,   472.86
  718.10,   727.86,   597.85
  717.32,   729.18,   722.84
  848.95,   479.16,   476.29
  848.17,   480.48,   601.28
  847.39,   481.80,   726.27
  846.40,   604.13,   474.95
  845.62,   605.45,   599.94
  844.84,   606.77,   724.93
  843.85,   729.10,   473.61
  843.07,   730.42,   598.60
  842.29,   731.74,   723.59
  598.85,   476.23,   601.55
  601.75,   478.04,   726.51
  604.65,   479.86,   851.46
  598.55,   601.21,   599.74
  601.45,   603.03,   724.70
  604.35,   604.85,   849.65
  598.25,   726.20,   597.94
  601.15,   728.02,   722.89
  604.06,   729.83,   847.84
  723.82,   476.48,   598.65
  726.72,   478.30,   723.60
  729.62,   480.12,   848.56
  723.52,   601.47,   596.84
  726.42,   603.29,   721.79
  729.32,   605.10,   846.75
  723.22,   726.46,   595.03
  726.12,   728.27,   719.98
  729.02,   730.09,   844.94
  848.78,   476.74,   595.75
  851.68,   478.56,   720.70
  854.58,   480.37,   845.65
  848.48,   601.73,   593.94
  851.38,   603.54,   718.89
  854.28,   605.36,   843.84
  848.19,   726.71,   592.13
  851.09,   728.53,   717.08
  853.99,   730.34,   842.03
  601.73,   601.71,   98.64
  602.64,   604.89,   223.60
  603.56,   608.07,   348.55
  602.02,   726.67,   95.46
  602.93,   729.85,   220.42
  603.85,   733.03,   345.37
  602.30,   851.63,   92.28
  603.22,   854.81,   217.23
  604.13,   857.99,   342.19
  726.72,   601.40,   97.73
  727.64,   604.58,   222.69
  728.56,   607.76,   347.65
  727.01,   726.36,   94.55
  727.93,   729.54,   219.51
  728.84,   732.72,   344.46
  727.30,   851.32,   91.37
  728.22,   854.50,   216.33
  729.13,   857.68,   341.28
  851.72,   601.09,   96.83
  852.64,   604.27,   221.78
  853.55,   607.45,   346.74
  852.01,   726.05,   93.64
  852.92,   729.23,   218.60
  853.84,   732.41,   343.56
  852.30,   851.01,   90.46
  853.21,   854.19,   215.42
  854.13,   857.37,   340.37
  601.93,   601.85,   223.67
  605.66,   604.95,   348.58
  609.39,   608.05,   473.48
  602.33,   726.81,   220.55
  606.07,   729.91,   345.46
  609.80,   733.02,   470.37
  602.74,   851.77,   217.44
  606.48,   854.87,   342.35
  610.21,   857.98,   467.25
  726.87,   601.35,   219.95
  730.60,   604.45,   344.85
  734.34,   607.55,   469.76
  727.28,   726.31,   216.83
  731.01,   729.41,   341.74
  734.74,   732.51,   466.64
  727.69,   851.27,   213.72
  731.42,   854.37,   338.62
  735.15,   857.48,   463.53
  851.81,   600.85,   216.23
  855.55,   603.95,   341.13
  859.28,   607.05,   466.04
  852.22,   725.81,   213.11
  855.95,   728.91,   338.02
  859.69,   732.01,   462.92
  852.63,   850.77,   210.00
  856.36,   853.87,   334.90
  860.10,   856.97,   459.81
  599.64,   600.70,   350.33
  596.91,   596.99,   475.24
  594.17,   593.28,   600.16
  596.35,   725.60,   353.96
  593.61,   721.90,   478.88
  590.88,   718.19,   603.79
  593.05,   850.51,   357.60
  590.31,   846.80,   482.51
  587.58,   843.09,   607.43
  724.57,   603.92,   353.16
  721.84,   600.21,   478.07
  719.10,   596.50,   602.99
  721.27,   728.82,   356.79
  718.54,   725.11,   481.71
  715.80,   721.40,   606.62
  717.98,   853.72,   360.43
  715.24,   850.02,   485.34
  712.50,   846.31,   610.26
  849.50,   607.13,   355.99
  846.76,   603.42,   480.90
  844.03,   599.72,   605.82
  846.20,   732.04,   359.62
  843.46,   728.33,   484.54
  840.73,   724.62,   609.45
  842.90,   856.94,   363.26
  840.17,   853.23,   488.17
  837.43,   849.52,   613.09
  599.58,   599.06,   476.55
  601.76,   596.70,   601.51
  603.93,   594.33,   726.47
  602.52,   724.00,   478.86
  604.70,   721.64,   603.82
  606.87,   719.28,   728.78
  605.46,   848.95,   481.18
  607.64,   846.59,   606.13
  609.81,   844.22,   731.09
  724.53,   596.16,   474.32
  726.70,   593.80,   599.28
  728.88,   591.43,   724.24
  727.47,   721.11,   476.63
  729.64,   718.74,   601.59
  731.82,   716.38,   726.55
  730.41,   846.05,   478.95
  732.58,   843.69,   603.91
  734.76,   841.32,   728.86
  849.47,   593.26,   472.09
  851.65,   590.90,   597.05
  853.82,   588.54,   722.01
  852.41,   718.21,   474.41
  854.59,   715.84,   599.36
  856.76,   713.48,   724.32
  855.35,   843.15,   476.72
  857.53,   840.79,   601.68
  859.70,   838.42,   726.63
  600.73,   599.27,   600.44
  597.08,   600.88,   725.38
  593.43,   602.48,   850.31
  599.87,   724.26,   598.81
  596.22,   725.87,   723.75
  592.57,   727.47,   848.68
  599.01,   849.25,   597.18
  595.36,   850.85,   722.12
  591.71,   852.46,   847.05
  725.68,   600.18,   604.08
  722.03,   601.79,   729.02
  718.37,   603.39,   853.95
  724.82,   725.17,   602.45
  721.17,   726.77,   727.39
  717.51,   728.38,   852.32
  723.96,   850.16,   600.82
  720.30,   851.76,   725.76
  716.65,   853.37,   850.69
  850.62,   601.09,   607.72
  846.97,   602.70,   732.66
  843.32,   604.30,   857.59
  849.76,   726.08,   606.09
  846.11,   727.68,   731.03
  842.46,   729.29,   855.96
  848.90,   851.06,   604.46
  845.25,   852.67,   729.40
  841.60,   854.27,   854.33
