27, 125, pa2-unknown-i-output1.txt
  209.25,   209.44,   204.19
  397.71,   409.68,   198.73
  101.86,   100.03,   98.05
  99.04,   102.55,   222.99
  96.22,   105.07,   347.93
  105.33,   224.96,   95.61
  102.51,   227.48,   220.55
  99.69,   230.00,   345.49
  108.80,   349.88,   93.16
  105.98,   352.41,   218.11
  103.16,   354.93,   343.05
  226.78,   96.62,   100.94
  223.96,   99.14,   225.88
  221.14,   101.66,   350.82
  230.25,   221.54,   98.49
  227.43,   224.07,   223.44
  224.61,   226.59,   348.38
  233.72,   346.47,   96.05
  230.90,   348.99,   220.99
  228.08,   351.51,   345.94
  351.70,   93.20,   103.82
  348.88,   95.72,   228.77
  346.06,   98.25,   353.71
  355.17,   218.13,   101.38
  352.35,   220.65,   226.32
  349.53,   223.17,   351.27
  358.64,   343.06,   98.94
  355.82,   345.58,   223.88
  353.00,   348.10,   348.82
  98.83,   101.63,   226.87
  97.50,   101.11,   351.86
  96.16,   100.59,   476.85
  97.23,   226.62,   227.37
  95.89,   226.10,   352.37
  94.55,   225.57,   477.36
  95.62,   351.61,   227.88
  94.29,   351.09,   352.87
  92.95,   350.56,   477.86
  223.82,   103.23,   228.21
  222.48,   102.71,   353.20
  221.14,   102.18,   478.20
  222.21,   228.22,   228.72
  220.87,   227.70,   353.71
  219.54,   227.17,   478.70
  220.61,   353.21,   229.22
  219.27,   352.68,   354.21
  217.93,   352.16,   479.21
  348.80,   104.83,   229.56
  347.46,   104.31,   354.55
  346.12,   103.78,   479.54
  347.19,   229.82,   230.06
  345.86,   229.29,   355.05
  344.52,   228.77,   480.05
  345.59,   354.81,   230.57
  344.25,   354.28,   355.56
  342.91,   353.76,   480.55
  98.58,   101.75,   351.74
  99.58,   100.39,   476.73
  100.57,   99.03,   601.72
  102.24,   226.69,   353.07
  103.23,   225.33,   478.06
  104.22,   223.97,   603.05
  105.89,   351.63,   354.40
  106.88,   350.27,   479.39
  107.87,   348.91,   604.38
  223.53,   98.11,   350.71
  224.52,   96.75,   475.70
  225.51,   95.39,   600.69
  227.18,   223.05,   352.04
  228.17,   221.69,   477.03
  229.16,   220.33,   602.02
  230.83,   347.99,   353.37
  231.82,   346.63,   478.36
  232.82,   345.27,   603.34
  348.47,   94.47,   349.68
  349.46,   93.11,   474.67
  350.46,   91.75,   599.65
  352.12,   219.41,   351.01
  353.11,   218.05,   475.99
  354.11,   216.69,   600.98
  355.77,   344.35,   352.33
  356.77,   342.99,   477.32
  357.76,   341.63,   602.31
  100.60,   99.81,   474.72
  97.80,   97.95,   599.68
  95.00,   96.09,   724.63
  96.86,   224.74,   476.50
  94.06,   222.88,   601.45
  91.25,   221.02,   726.41
  93.11,   349.67,   478.27
  90.31,   347.81,   603.22
  87.51,   345.96,   728.18
  225.51,   103.51,   477.58
  222.71,   101.65,   602.53
  219.91,   99.79,   727.49
  221.77,   228.44,   479.35
  218.97,   226.58,   604.30
  216.17,   224.72,   729.26
  218.03,   353.37,   481.12
  215.23,   351.51,   606.08
  212.43,   349.66,   731.03
  350.42,   107.21,   480.43
  347.62,   105.35,   605.38
  344.82,   103.49,   730.34
  346.68,   232.14,   482.20
  343.88,   230.28,   607.16
  341.08,   228.42,   732.11
  342.94,   357.07,   483.98
  340.14,   355.21,   608.93
  337.34,   353.36,   733.89
  99.70,   101.17,   600.47
  97.48,   101.13,   725.45
  95.25,   101.09,   850.43
  95.98,   226.12,   600.44
  93.75,   226.08,   725.42
  91.53,   226.04,   850.40
  92.25,   351.06,   600.42
  90.03,   351.02,   725.40
  87.80,   350.98,   850.38
  224.63,   104.90,   602.70
  222.40,   104.86,   727.68
  220.17,   104.82,   852.66
  220.90,   229.84,   602.67
  218.68,   229.80,   727.65
  216.45,   229.76,   852.63
  217.18,   354.79,   602.65
  214.95,   354.75,   727.63
  212.72,   354.71,   852.61
  349.55,   108.62,   604.93
  347.33,   108.58,   729.91
  345.10,   108.54,   854.89
  345.83,   233.57,   604.90
  343.60,   233.53,   729.88
  341.37,   233.49,   854.86
  342.10,   358.51,   604.87
  339.88,   358.47,   729.85
  337.65,   358.43,   854.83
  99.45,   223.46,   99.51
  97.18,   225.19,   224.48
  94.90,   226.93,   349.45
  103.21,   348.39,   97.85
  100.93,   350.13,   222.81
  98.65,   351.86,   347.78
  106.96,   473.32,   96.18
  104.68,   475.06,   221.14
  102.41,   476.80,   346.11
  224.38,   219.74,   101.84
  222.10,   221.47,   226.81
  219.83,   223.21,   351.77
  228.13,   344.67,   100.17
  225.85,   346.41,   225.14
  223.58,   348.14,   350.11
  231.88,   469.60,   98.50
  229.60,   471.34,   223.47
  227.33,   473.08,   348.44
  349.30,   216.02,   104.17
  347.02,   217.75,   229.13
  344.75,   219.49,   354.10
  353.05,   340.95,   102.50
  350.78,   342.69,   227.47
  348.50,   344.42,   352.43
  356.80,   465.88,   100.83
  354.53,   467.62,   225.80
  352.25,   469.36,   350.76
  101.60,   226.46,   224.68
  103.91,   223.19,   349.62
  106.23,   219.93,   474.56
  101.03,   351.41,   227.96
  103.35,   348.15,   352.90
  105.66,   344.89,   477.83
  100.47,   476.37,   231.23
  102.78,   473.11,   356.17
  105.10,   469.84,   481.11
  226.58,   227.08,   222.39
  228.89,   223.82,   347.32
  231.20,   220.55,   472.26
  226.01,   352.04,   225.66
  228.33,   348.77,   350.60
  230.64,   345.51,   475.53
  225.45,   476.99,   228.94
  227.76,   473.73,   353.87
  230.07,   470.47,   478.81
  351.55,   227.71,   220.09
  353.87,   224.44,   345.02
  356.18,   221.18,   469.96
  350.99,   352.66,   223.36
  353.30,   349.40,   348.30
  355.62,   346.14,   473.24
  350.42,   477.62,   226.64
  352.74,   474.36,   351.57
  355.05,   471.09,   476.51
  99.92,   225.06,   349.60
  98.03,   226.09,   474.58
  96.13,   227.12,   599.56
  101.40,   350.05,   348.59
  99.50,   351.08,   473.57
  97.61,   352.11,   598.55
  102.87,   475.04,   347.58
  100.98,   476.07,   472.56
  99.08,   477.10,   597.54
  224.90,   223.60,   351.50
  223.00,   224.63,   476.48
  221.11,   225.66,   601.47
  226.37,   348.59,   350.49
  224.48,   349.62,   475.48
  222.58,   350.65,   600.46
  227.85,   473.58,   349.49
  225.95,   474.61,   474.47
  224.06,   475.64,   599.45
  349.87,   222.14,   353.41
  347.98,   223.17,   478.39
  346.08,   224.20,   603.37
  351.35,   347.13,   352.40
  349.45,   348.16,   477.38
  347.56,   349.19,   602.36
  352.82,   472.12,   351.39
  350.93,   473.15,   476.37
  349.03,   474.18,   601.36
  100.91,   226.72,   475.07
  104.42,   228.66,   600.00
  107.94,   230.60,   724.94
  99.52,   351.70,   473.16
  103.04,   353.64,   598.10
  106.55,   355.58,   723.04
  98.14,   476.68,   471.26
  101.65,   478.62,   596.20
  105.17,   480.56,   721.13
  225.85,   228.05,   471.53
  229.37,   229.99,   596.47
  232.88,   231.93,   721.40
  224.47,   353.03,   469.63
  227.98,   354.97,   594.56
  231.50,   356.91,   719.50
  223.08,   478.01,   467.73
  226.60,   479.95,   592.66
  230.11,   481.89,   717.60
  350.79,   229.38,   467.99
  354.31,   231.32,   592.93
  357.82,   233.26,   717.87
  349.41,   354.36,   466.09
  352.92,   356.30,   591.03
  356.44,   358.24,   715.96
  348.02,   479.34,   464.19
  351.54,   481.28,   589.13
  355.06,   483.22,   714.06
  99.26,   225.36,   601.30
  100.50,   227.35,   726.28
  101.74,   229.35,   851.26
  97.58,   350.33,   599.33
  98.82,   352.33,   724.30
  100.06,   354.32,   849.28
  95.90,   475.31,   597.35
  97.13,   477.30,   722.33
  98.37,   479.29,   847.31
  224.24,   227.02,   600.04
  225.48,   229.02,   725.02
  226.72,   231.01,   849.99
  222.56,   352.00,   598.06
  223.80,   353.99,   723.04
  225.04,   355.98,   848.02
  220.88,   476.97,   596.09
  222.12,   478.96,   721.06
  223.36,   480.95,   846.04
  349.23,   228.69,   598.77
  350.47,   230.68,   723.75
  351.70,   232.67,   848.73
  347.54,   353.66,   596.80
  348.78,   355.65,   721.77
  350.02,   357.64,   846.75
  345.86,   478.63,   594.82
  347.10,   480.62,   719.80
  348.34,   482.62,   844.78
  98.97,   348.68,   99.13
  101.06,   351.18,   224.09
  103.16,   353.68,   349.05
  98.77,   473.66,   96.64
  100.86,   476.15,   221.60
  102.95,   478.65,   346.56
  98.56,   598.63,   94.15
  100.65,   601.13,   219.11
  102.74,   603.63,   344.06
  223.96,   348.85,   97.04
  226.05,   351.34,   222.00
  228.14,   353.84,   346.95
  223.75,   473.82,   94.55
  225.84,   476.32,   219.50
  227.93,   478.81,   344.46
  223.54,   598.80,   92.05
  225.63,   601.29,   217.01
  227.73,   603.79,   341.97
  348.94,   349.01,   94.94
  351.03,   351.51,   219.90
  353.12,   354.00,   344.86
  348.73,   473.99,   92.45
  350.82,   476.48,   217.41
  352.92,   478.98,   342.37
  348.53,   598.96,   89.96
  350.62,   601.46,   214.91
  352.71,   603.95,   339.87
  98.61,   349.53,   226.80
  97.35,   346.94,   351.77
  96.08,   344.36,   476.74
  100.40,   474.49,   229.41
  99.13,   471.90,   354.37
  97.86,   469.32,   479.34
  102.18,   599.45,   232.01
  100.91,   596.86,   356.97
  99.64,   594.28,   481.94
  223.59,   347.72,   228.04
  222.33,   345.14,   353.00
  221.06,   342.55,   477.97
  225.38,   472.68,   230.64
  224.11,   470.10,   355.60
  222.84,   467.51,   480.57
  227.16,   597.64,   233.24
  225.89,   595.06,   358.20
  224.62,   592.47,   483.17
  348.58,   345.91,   229.27
  347.31,   343.33,   354.23
  346.04,   340.74,   479.20
  350.36,   470.87,   231.87
  349.09,   468.29,   356.83
  347.82,   465.70,   481.80
  352.14,   595.83,   234.47
  350.87,   593.25,   359.43
  349.61,   590.66,   484.40
  101.58,   351.54,   348.73
  101.50,   354.13,   473.70
  101.42,   356.72,   598.67
  100.15,   476.50,   346.13
  100.08,   479.10,   471.11
  100.00,   481.69,   596.08
  98.73,   601.47,   343.54
  98.65,   604.06,   468.51
  98.57,   606.65,   593.48
  226.57,   352.96,   348.78
  226.49,   355.55,   473.75
  226.41,   358.15,   598.72
  225.15,   477.93,   346.18
  225.07,   480.52,   471.15
  224.99,   483.11,   596.13
  223.72,   602.89,   343.59
  223.64,   605.48,   468.56
  223.57,   608.08,   593.53
  351.56,   354.38,   348.83
  351.48,   356.98,   473.80
  351.40,   359.57,   598.77
  350.14,   479.35,   346.23
  350.06,   481.94,   471.20
  349.98,   484.54,   596.18
  348.71,   604.31,   343.64
  348.64,   606.91,   468.61
  348.56,   609.50,   593.58
  101.05,   350.60,   475.40
  97.42,   350.85,   600.35
  93.79,   351.10,   725.29
  102.37,   475.59,   475.19
  98.75,   475.84,   600.13
  95.12,   476.09,   725.08
  103.70,   600.58,   474.98
  100.07,   600.83,   599.92
  96.44,   601.08,   724.87
  225.99,   349.28,   479.03
  222.36,   349.53,   603.98
  218.73,   349.78,   728.93
  227.32,   474.27,   478.82
  223.69,   474.52,   603.77
  220.06,   474.77,   728.71
  228.64,   599.27,   478.61
  225.01,   599.52,   603.55
  221.38,   599.77,   728.50
  350.93,   347.96,   482.66
  347.30,   348.21,   607.61
  343.67,   348.47,   732.56
  352.26,   472.96,   482.45
  348.63,   473.21,   607.40
  345.00,   473.46,   732.35
  353.58,   597.95,   482.24
  349.95,   598.20,   607.19
  346.32,   598.45,   732.13
  98.76,   351.60,   598.97
  98.60,   351.87,   723.97
  98.45,   352.14,   848.97
  97.55,   476.59,   598.70
  97.39,   476.87,   723.70
  97.24,   477.14,   848.70
  96.34,   601.59,   598.43
  96.18,   601.86,   723.43
  96.03,   602.13,   848.43
  223.75,   352.81,   599.13
  223.59,   353.08,   724.13
  223.44,   353.35,   849.13
  222.54,   477.80,   598.85
  222.39,   478.07,   723.85
  222.23,   478.34,   848.85
  221.33,   602.80,   598.58
  221.18,   603.07,   723.58
  221.02,   603.34,   848.58
  348.74,   354.02,   599.28
  348.59,   354.29,   724.28
  348.43,   354.56,   849.28
  347.54,   479.01,   599.01
  347.38,   479.28,   724.01
  347.23,   479.55,   849.01
  346.33,   604.01,   598.73
  346.17,   604.28,   723.73
  346.02,   604.55,   848.73
  101.97,   473.27,   100.69
  99.69,   476.13,   225.63
  97.41,   479.00,   350.58
  100.95,   598.23,   97.80
  98.66,   601.10,   222.74
  96.38,   603.96,   347.69
  99.92,   723.19,   94.91
  97.64,   726.06,   219.86
  95.36,   728.93,   344.80
  226.95,   474.34,   102.94
  224.67,   477.21,   227.89
  222.38,   480.08,   352.84
  225.92,   599.31,   100.06
  223.64,   602.17,   225.00
  221.36,   605.04,   349.95
  224.89,   724.27,   97.17
  222.61,   727.14,   222.12
  220.33,   730.00,   347.06
  351.92,   475.42,   105.20
  349.64,   478.29,   230.15
  347.36,   481.16,   355.09
  350.90,   600.39,   102.31
  348.61,   603.25,   227.26
  346.33,   606.12,   352.21
  349.87,   725.35,   99.43
  347.59,   728.22,   224.37
  345.30,   731.08,   349.32
  99.77,   474.06,   225.30
  101.54,   475.59,   350.28
  103.31,   477.12,   475.26
  102.50,   599.02,   223.74
  104.27,   600.55,   348.71
  106.04,   602.08,   473.69
  105.24,   723.98,   222.17
  107.01,   725.51,   347.15
  108.78,   727.04,   472.13
  224.73,   471.31,   223.57
  226.50,   472.84,   348.55
  228.27,   474.37,   473.52
  227.46,   596.27,   222.00
  229.23,   597.80,   346.98
  231.00,   599.33,   471.96
  230.20,   721.23,   220.43
  231.97,   722.76,   345.41
  233.73,   724.29,   470.39
  349.69,   468.55,   221.83
  351.46,   470.08,   346.81
  353.22,   471.61,   471.79
  352.42,   593.51,   220.27
  354.19,   595.04,   345.24
  355.96,   596.57,   470.22
  355.15,   718.47,   218.70
  356.92,   720.00,   343.68
  358.69,   721.53,   468.65
  100.71,   474.53,   351.83
  103.73,   471.33,   476.75
  106.74,   468.12,   601.68
  104.06,   599.45,   354.96
  107.08,   596.24,   479.88
  110.09,   593.03,   604.80
  107.41,   724.37,   358.09
  110.42,   721.16,   483.01
  113.44,   717.95,   607.93
  225.63,   471.26,   348.73
  228.65,   468.05,   473.65
  231.66,   464.85,   598.58
  228.98,   596.18,   351.86
  231.99,   592.97,   476.78
  235.01,   589.76,   601.70
  232.33,   721.09,   354.99
  235.34,   717.89,   479.91
  238.36,   714.68,   604.83
  350.55,   467.99,   345.63
  353.56,   464.78,   470.55
  356.58,   461.57,   595.48
  353.90,   592.91,   348.76
  356.91,   589.70,   473.68
  359.93,   586.49,   598.60
  357.25,   717.82,   351.89
  360.26,   714.61,   476.81
  363.28,   711.41,   601.73
  100.39,   475.79,   475.70
  103.50,   474.39,   600.65
  106.61,   473.00,   725.61
  101.78,   600.77,   477.06
  104.88,   599.38,   602.01
  107.99,   597.99,   726.96
  103.16,   725.76,   478.41
  106.26,   724.36,   603.37
  109.37,   722.97,   728.32
  225.35,   474.44,   472.58
  228.46,   473.05,   597.53
  231.56,   471.66,   722.48
  226.73,   599.42,   473.93
  229.84,   598.03,   598.89
  232.94,   596.64,   723.84
  228.11,   724.41,   475.29
  231.22,   723.02,   600.25
  234.33,   721.63,   725.20
  350.30,   473.09,   469.46
  353.41,   471.70,   594.41
  356.52,   470.31,   719.36
  351.68,   598.08,   470.81
  354.79,   596.68,   595.77
  357.90,   595.29,   720.72
  353.06,   723.06,   472.17
  356.17,   721.67,   597.12
  359.28,   720.28,   722.08
  98.61,   474.38,   599.46
  101.49,   473.61,   724.42
  104.36,   472.83,   849.39
  100.68,   599.36,   600.19
  103.56,   598.59,   725.15
  106.43,   597.81,   850.12
  102.76,   724.34,   600.92
  105.63,   723.57,   725.88
  108.50,   722.79,   850.85
  223.56,   472.33,   596.57
  226.44,   471.55,   721.54
  229.31,   470.78,   846.50
  225.63,   597.31,   597.30
  228.51,   596.53,   722.27
  231.38,   595.76,   847.23
  227.70,   722.29,   598.03
  230.58,   721.51,   723.00
  233.45,   720.74,   847.96
  348.51,   470.28,   593.69
  351.39,   469.50,   718.65
  354.26,   468.72,   843.62
  350.58,   595.26,   594.42
  353.46,   594.48,   719.38
  356.33,   593.70,   844.35
  352.65,   720.24,   595.15
  355.53,   719.46,   720.11
  358.40,   718.68,   845.07
  98.75,   599.44,   99.79
  100.21,   596.90,   224.75
  101.67,   594.36,   349.72
  95.05,   724.36,   102.37
  96.51,   721.82,   227.34
  97.96,   719.28,   352.30
  91.34,   849.28,   104.96
  92.80,   846.74,   229.92
  94.26,   844.20,   354.89
  223.69,   603.17,   98.41
  225.14,   600.63,   223.37
  226.60,   598.09,   348.34
  219.98,   728.09,   100.99
  221.44,   725.55,   225.96
  222.90,   723.01,   350.92
  216.28,   853.01,   103.57
  217.74,   850.47,   228.54
  219.20,   847.93,   353.51
  348.62,   606.90,   97.02
  350.08,   604.36,   221.99
  351.54,   601.82,   346.96
  344.92,   731.82,   99.61
  346.38,   729.28,   224.57
  347.84,   726.74,   349.54
  341.22,   856.74,   102.19
  342.68,   854.20,   227.16
  344.13,   851.66,   352.12
  101.82,   599.61,   224.35
  104.86,   598.36,   349.31
  107.90,   597.11,   474.26
  98.60,   724.56,   225.68
  101.64,   723.31,   350.63
  104.68,   722.06,   475.59
  95.37,   849.51,   227.01
  98.41,   848.26,   351.96
  101.45,   847.01,   476.92
  226.74,   602.86,   221.34
  229.78,   601.61,   346.30
  232.82,   600.36,   471.26
  223.52,   727.81,   222.67
  226.56,   726.56,   347.63
  229.60,   725.31,   472.58
  220.29,   852.77,   224.00
  223.33,   851.51,   348.96
  226.37,   850.26,   473.91
  351.66,   606.12,   218.34
  354.70,   604.87,   343.29
  357.74,   603.62,   468.25
  348.44,   731.07,   219.66
  351.48,   729.82,   344.62
  354.52,   728.57,   469.58
  345.21,   856.02,   220.99
  348.25,   854.77,   345.95
  351.29,   853.52,   470.91
  100.39,   600.58,   348.57
  97.07,   600.00,   473.52
  93.74,   599.42,   598.47
  99.14,   725.58,   349.11
  95.82,   725.00,   474.07
  92.49,   724.42,   599.02
  97.89,   850.57,   349.66
  94.57,   849.99,   474.61
  91.24,   849.41,   599.57
  225.34,   601.82,   351.89
  222.02,   601.24,   476.85
  218.69,   600.66,   601.80
  224.09,   726.81,   352.44
  220.77,   726.23,   477.40
  217.44,   725.65,   602.35
  222.84,   851.80,   352.99
  219.52,   851.22,   477.94
  216.19,   850.65,   602.90
  350.29,   603.05,   355.22
  346.97,   602.47,   480.18
  343.64,   601.90,   605.13
  349.04,   728.05,   355.77
  345.72,   727.47,   480.72
  342.39,   726.89,   605.68
  347.79,   853.04,   356.32
  344.47,   852.46,   481.27
  341.14,   851.88,   606.22
  100.69,   600.67,   476.53
  102.25,   603.11,   601.49
  103.81,   605.56,   726.46
  100.88,   725.65,   474.08
  102.44,   728.09,   599.05
  104.00,   730.53,   724.01
  101.07,   850.62,   471.63
  102.63,   853.07,   596.60
  104.19,   855.51,   721.56
  225.68,   600.45,   474.97
  227.24,   602.90,   599.94
  228.80,   605.34,   724.90
  225.87,   725.43,   472.52
  227.43,   727.87,   597.49
  228.99,   730.32,   722.45
  226.06,   850.40,   470.08
  227.62,   852.85,   595.04
  229.18,   855.29,   720.01
  350.67,   600.23,   473.41
  352.23,   602.68,   598.38
  353.79,   605.12,   723.34
  350.86,   725.21,   470.97
  352.42,   727.65,   595.93
  353.98,   730.10,   720.90
  351.05,   850.18,   468.52
  352.61,   852.63,   593.48
  354.17,   855.07,   718.45
  98.46,   601.76,   599.34
  100.07,   602.02,   724.33
  101.69,   602.28,   849.32
  96.93,   726.75,   599.10
  98.55,   727.01,   724.09
  100.16,   727.27,   849.08
  95.41,   851.74,   598.86
  97.02,   852.00,   723.85
  98.64,   852.26,   848.84
  223.44,   603.28,   597.73
  225.05,   603.54,   722.72
  226.67,   603.80,   847.70
  221.91,   728.27,   597.48
  223.53,   728.53,   722.47
  225.14,   728.79,   847.46
  220.39,   853.26,   597.24
  222.00,   853.52,   722.23
  223.62,   853.78,   847.22
  348.42,   604.80,   596.11
  350.03,   605.06,   721.10
  351.65,   605.32,   846.09
  346.89,   729.79,   595.87
  348.51,   730.05,   720.85
  350.12,   730.31,   845.84
  345.37,   854.78,   595.62
  346.98,   855.04,   720.61
  348.60,   855.30,   845.60
  224.82,   100.83,   99.99
  222.02,   99.23,   224.95
  219.23,   97.64,   349.91
  226.35,   225.81,   101.62
  223.55,   224.21,   226.58
  220.76,   222.62,   351.54
  227.87,   350.79,   103.24
  225.08,   349.20,   228.20
  222.28,   347.60,   353.16
  349.78,   99.26,   102.77
  346.98,   97.67,   227.73
  344.19,   96.08,   352.69
  351.30,   224.24,   104.39
  348.51,   222.65,   229.35
  345.72,   221.06,   354.31
  352.83,   349.22,   106.02
  350.04,   347.63,   230.98
  347.24,   346.04,   355.94
  474.74,   97.70,   105.54
  471.94,   96.11,   230.50
  469.15,   94.52,   355.46
  476.26,   222.68,   107.17
  473.47,   221.09,   232.13
  470.68,   219.50,   357.09
  477.79,   347.66,   108.79
  475.00,   346.07,   233.75
  472.20,   344.48,   358.71
  225.94,   99.64,   225.91
  226.05,   101.67,   350.89
  226.15,   103.71,   475.87
  226.86,   224.62,   223.87
  226.97,   226.65,   348.85
  227.07,   228.69,   473.84
  227.79,   349.60,   221.83
  227.89,   351.63,   346.82
  228.00,   353.67,   471.80
  350.94,   98.71,   225.82
  351.04,   100.75,   350.80
  351.15,   102.79,   475.78
  351.86,   223.69,   223.78
  351.97,   225.73,   348.76
  352.07,   227.77,   473.75
  352.78,   348.67,   221.74
  352.89,   350.71,   346.73
  352.99,   352.75,   471.71
  475.94,   97.79,   225.73
  476.04,   99.83,   350.71
  476.15,   101.86,   475.69
  476.86,   222.77,   223.69
  476.96,   224.81,   348.67
  477.07,   226.84,   473.66
  477.78,   347.75,   221.65
  477.88,   349.79,   346.64
  477.99,   351.82,   471.62
  224.68,   99.18,   351.53
  222.02,   101.16,   476.48
  219.36,   103.13,   601.44
  228.08,   224.12,   349.63
  225.43,   226.09,   474.58
  222.77,   228.07,   599.54
  231.49,   349.06,   347.72
  228.83,   351.03,   472.68
  226.17,   353.01,   597.64
  349.60,   95.82,   354.24
  346.95,   97.79,   479.19
  344.29,   99.77,   604.15
  353.01,   220.76,   352.33
  350.35,   222.73,   477.29
  347.69,   224.71,   602.25
  356.41,   345.70,   350.43
  353.76,   347.67,   475.39
  351.10,   349.65,   600.34
  474.53,   92.45,   356.95
  471.87,   94.43,   481.90
  469.22,   96.40,   606.86
  477.93,   217.39,   355.04
  475.28,   219.37,   480.00
  472.62,   221.34,   604.96
  481.34,   342.33,   353.14
  478.68,   344.31,   478.10
  476.02,   346.28,   603.05
  226.60,   100.29,   476.23
  225.15,   104.03,   601.16
  223.71,   107.76,   726.10
  228.79,   225.21,   472.51
  227.35,   228.95,   597.45
  225.90,   232.69,   722.38
  230.99,   350.14,   468.80
  229.54,   353.88,   593.74
  228.09,   357.62,   718.67
  351.57,   98.14,   477.74
  350.13,   101.88,   602.67
  348.68,   105.62,   727.61
  353.77,   223.07,   474.03
  352.32,   226.80,   598.96
  350.87,   230.54,   723.90
  355.96,   347.99,   470.31
  354.51,   351.73,   595.25
  353.06,   355.47,   720.18
  476.55,   95.99,   479.25
  475.10,   99.73,   604.19
  473.65,   103.47,   729.12
  478.74,   220.92,   475.54
  477.29,   224.66,   600.47
  475.84,   228.40,   725.41
  480.93,   345.84,   471.82
  479.48,   349.58,   596.76
  478.03,   353.32,   721.70
  226.94,   98.38,   599.55
  227.30,   96.25,   724.53
  227.67,   94.11,   849.51
  225.32,   223.35,   601.69
  225.68,   221.22,   726.67
  226.04,   219.09,   851.65
  223.69,   348.32,   603.82
  224.06,   346.19,   728.81
  224.42,   344.06,   853.79
  351.93,   100.01,   599.21
  352.29,   97.88,   724.20
  352.66,   95.75,   849.18
  350.31,   224.98,   601.35
  350.67,   222.85,   726.33
  351.03,   220.72,   851.32
  348.68,   349.96,   603.49
  349.04,   347.82,   728.47
  349.41,   345.69,   853.45
  476.92,   101.64,   598.88
  477.28,   99.51,   723.86
  477.64,   97.38,   848.84
  475.30,   226.61,   601.02
  475.66,   224.48,   726.00
  476.02,   222.35,   850.98
  473.67,   351.59,   603.16
  474.03,   349.45,   728.14
  474.40,   347.32,   853.12
  224.66,   224.92,   98.68
  221.88,   224.23,   223.65
  219.11,   223.54,   348.62
  227.90,   349.88,   99.44
  225.12,   349.19,   224.41
  222.34,   348.50,   349.38
  231.13,   474.83,   100.21
  228.36,   474.14,   225.17
  225.58,   473.45,   350.14
  349.59,   221.67,   101.44
  346.81,   220.98,   226.41
  344.03,   220.29,   351.37
  352.82,   346.62,   102.20
  350.05,   345.93,   227.17
  347.27,   345.24,   352.14
  356.06,   471.58,   102.96
  353.28,   470.89,   227.93
  350.51,   470.20,   352.90
  474.51,   218.42,   104.20
  471.74,   217.73,   229.16
  468.96,   217.03,   354.13
  477.75,   343.37,   104.96
  474.97,   342.68,   229.93
  472.20,   341.99,   354.89
  480.99,   468.33,   105.72
  478.21,   467.64,   230.69
  475.43,   466.95,   355.66
  224.76,   224.35,   226.76
  222.64,   224.45,   351.74
  220.51,   224.56,   476.72
  226.36,   349.34,   226.68
  224.24,   349.44,   351.66
  222.12,   349.55,   476.65
  227.97,   474.33,   226.61
  225.84,   474.43,   351.59
  223.72,   474.54,   476.57
  349.73,   222.75,   228.88
  347.61,   222.85,   353.86
  345.49,   222.95,   478.85
  351.34,   347.74,   228.81
  349.21,   347.84,   353.79
  347.09,   347.94,   478.77
  352.94,   472.73,   228.73
  350.81,   472.83,   353.71
  348.69,   472.93,   478.69
  474.70,   221.15,   231.01
  472.58,   221.25,   355.99
  470.46,   221.35,   480.97
  476.31,   346.14,   230.93
  474.18,   346.24,   355.91
  472.06,   346.34,   480.89
  477.91,   471.13,   230.85
  475.79,   471.23,   355.84
  473.66,   471.33,   480.82
  225.08,   226.94,   350.55
  228.06,   224.98,   475.50
  231.04,   223.02,   600.45
  222.50,   351.90,   352.57
  225.48,   349.94,   477.52
  228.46,   347.98,   602.47
  219.91,   476.86,   354.59
  222.89,   474.90,   479.54
  225.87,   472.94,   604.49
  350.01,   229.57,   347.61
  352.99,   227.61,   472.56
  355.98,   225.65,   597.51
  347.43,   354.53,   349.63
  350.41,   352.57,   474.58
  353.39,   350.61,   599.53
  344.85,   479.48,   351.65
  347.83,   477.52,   476.60
  350.81,   475.57,   601.55
  474.95,   232.20,   344.67
  477.93,   230.24,   469.62
  480.91,   228.28,   594.57
  472.37,   357.16,   346.69
  475.35,   355.20,   471.64
  478.33,   353.24,   596.59
  469.79,   482.11,   348.71
  472.77,   480.15,   473.66
  475.75,   478.19,   598.61
  223.22,   226.46,   476.93
  220.31,   229.16,   601.87
  217.40,   231.85,   726.81
  221.38,   351.42,   474.20
  218.47,   354.11,   599.13
  215.56,   356.81,   724.07
  219.55,   476.37,   471.46
  216.64,   479.07,   596.39
  213.73,   481.76,   721.33
  348.17,   228.36,   479.81
  345.26,   231.05,   604.74
  342.35,   233.75,   729.68
  346.34,   353.31,   477.07
  343.42,   356.01,   602.00
  340.51,   358.71,   726.94
  344.50,   478.27,   474.33
  341.59,   480.97,   599.26
  338.68,   483.66,   724.20
  473.12,   230.25,   482.68
  470.21,   232.95,   607.61
  467.30,   235.65,   732.55
  471.29,   355.21,   479.94
  468.38,   357.91,   604.87
  465.47,   360.60,   729.81
  469.45,   480.17,   477.20
  466.54,   482.86,   602.14
  463.63,   485.56,   727.07
  223.48,   223.53,   600.36
  223.79,   226.60,   725.32
  224.09,   229.66,   850.29
  225.59,   348.48,   597.29
  225.89,   351.54,   722.26
  226.19,   354.60,   847.22
  227.69,   473.42,   594.22
  227.99,   476.49,   719.19
  228.30,   479.55,   844.15
  348.47,   221.42,   600.11
  348.77,   224.49,   725.07
  349.07,   227.55,   850.03
  350.57,   346.37,   597.04
  350.87,   349.43,   722.00
  351.18,   352.49,   846.97
  352.67,   471.31,   593.97
  352.98,   474.38,   718.93
  353.28,   477.44,   843.90
  473.45,   219.31,   599.86
  473.75,   222.38,   724.82
  474.05,   225.44,   849.78
  475.55,   344.26,   596.79
  475.85,   347.32,   721.75
  476.16,   350.38,   846.71
  477.65,   469.20,   593.72
  477.96,   472.26,   718.68
  478.26,   475.33,   843.64
  225.37,   348.68,   98.52
  228.11,   351.81,   223.45
  230.86,   354.94,   348.38
  226.81,   473.63,   95.36
  229.55,   476.76,   220.29
  232.29,   479.89,   345.22
  228.24,   598.58,   92.19
  230.98,   601.71,   217.12
  233.73,   604.84,   342.06
  350.33,   347.18,   95.81
  353.08,   350.31,   220.74
  355.82,   353.44,   345.67
  351.77,   472.13,   92.65
  354.51,   475.26,   217.58
  357.25,   478.39,   342.51
  353.20,   597.08,   89.49
  355.95,   600.21,   214.42
  358.69,   603.34,   339.35
  475.30,   345.67,   93.11
  478.04,   348.80,   218.04
  480.78,   351.93,   342.97
  476.73,   470.63,   89.94
  479.47,   473.75,   214.88
  482.22,   476.88,   339.81
  478.17,   595.58,   86.78
  480.91,   598.71,   211.71
  483.65,   601.84,   336.64
  224.32,   350.67,   225.15
  226.66,   352.90,   350.11
  228.99,   355.12,   475.07
  222.60,   475.64,   222.96
  224.94,   477.87,   347.92
  227.28,   480.09,   472.88
  220.88,   600.61,   220.77
  223.22,   602.83,   345.72
  225.56,   605.06,   470.68
  349.28,   352.35,   222.79
  351.62,   354.57,   347.74
  353.96,   356.80,   472.70
  347.57,   477.32,   220.59
  349.90,   479.54,   345.55
  352.24,   481.77,   470.51
  345.85,   602.29,   218.40
  348.19,   604.51,   343.36
  350.52,   606.74,   468.31
  474.25,   354.02,   220.42
  476.59,   356.25,   345.38
  478.93,   358.48,   470.33
  472.53,   478.99,   218.22
  474.87,   481.22,   343.18
  477.21,   483.45,   468.14
  470.81,   603.96,   216.03
  473.15,   606.19,   340.99
  475.49,   608.41,   465.95
  226.99,   350.85,   351.29
  224.13,   354.43,   476.21
  221.28,   358.00,   601.12
  230.37,   475.76,   347.79
  227.51,   479.33,   472.71
  224.65,   482.91,   597.63
  233.74,   600.66,   344.30
  230.88,   604.24,   469.21
  228.03,   607.81,   594.13
  351.91,   347.56,   354.24
  349.06,   351.13,   479.16
  346.20,   354.71,   604.07
  355.29,   472.47,   350.74
  352.43,   476.04,   475.66
  349.58,   479.61,   600.58
  358.66,   597.37,   347.25
  355.81,   600.95,   472.16
  352.95,   604.52,   597.08
  476.83,   344.27,   357.19
  473.98,   347.84,   482.11
  471.12,   351.41,   607.02
  480.21,   469.17,   353.69
  477.35,   472.75,   478.61
  474.50,   476.32,   603.53
  483.58,   594.08,   350.20
  480.73,   597.65,   475.12
  477.87,   601.23,   600.03
  224.42,   351.05,   473.45
  223.29,   350.71,   598.44
  222.16,   350.38,   723.44
  220.97,   476.00,   473.75
  219.84,   475.67,   598.75
  218.71,   475.33,   723.74
  217.52,   600.95,   474.06
  216.39,   600.62,   599.05
  215.27,   600.28,   724.05
  349.37,   354.50,   474.59
  348.24,   354.16,   599.58
  347.11,   353.83,   724.58
  345.92,   479.45,   474.89
  344.79,   479.11,   599.89
  343.66,   478.78,   724.88
  342.47,   604.40,   475.20
  341.34,   604.07,   600.19
  340.21,   603.73,   725.18
  474.32,   357.94,   475.72
  473.19,   357.61,   600.72
  472.06,   357.27,   725.71
  470.87,   482.90,   476.03
  469.74,   482.56,   601.02
  468.61,   482.22,   726.02
  467.42,   607.85,   476.33
  466.29,   607.51,   601.33
  465.16,   607.18,   726.32
  224.05,   351.28,   601.38
  225.95,   351.50,   726.37
  227.85,   351.73,   851.35
  223.82,   476.28,   601.16
  225.73,   476.50,   726.14
  227.63,   476.73,   851.13
  223.60,   601.28,   600.94
  225.51,   601.50,   725.92
  227.41,   601.73,   850.91
  349.03,   351.49,   599.48
  350.94,   351.72,   724.46
  352.84,   351.95,   849.45
  348.81,   476.49,   599.25
  350.71,   476.72,   724.24
  352.62,   476.95,   849.22
  348.59,   601.49,   599.03
  350.49,   601.72,   724.02
  352.40,   601.95,   849.00
  474.02,   351.71,   597.57
  475.92,   351.94,   722.56
  477.82,   352.16,   847.54
  473.79,   476.71,   597.35
  475.70,   476.94,   722.33
  477.60,   477.16,   847.32
  473.57,   601.71,   597.13
  475.48,   601.94,   722.11
  477.38,   602.16,   847.10
  224.51,   473.44,   100.73
  221.62,   473.07,   225.70
  218.73,   472.70,   350.66
  226.85,   598.42,   101.16
  223.96,   598.05,   226.12
  221.07,   597.68,   351.09
  229.19,   723.40,   101.58
  226.30,   723.03,   226.55
  223.41,   722.65,   351.52
  349.45,   471.09,   103.61
  346.56,   470.72,   228.58
  343.68,   470.35,   353.54
  351.79,   596.07,   104.04
  348.90,   595.70,   229.00
  346.02,   595.33,   353.97
  354.13,   721.05,   104.46
  351.24,   720.68,   229.43
  348.36,   720.31,   354.40
  474.40,   468.75,   106.49
  471.51,   468.37,   231.46
  468.62,   468.00,   356.42
  476.74,   593.72,   106.92
  473.85,   593.35,   231.88
  470.96,   592.98,   356.85
  479.08,   718.70,   107.34
  476.19,   718.33,   232.31
  473.30,   717.96,   357.28
  224.28,   473.47,   224.41
  226.45,   474.23,   349.39
  228.63,   474.99,   474.37
  223.91,   598.47,   223.66
  226.09,   599.23,   348.64
  228.26,   599.98,   473.62
  223.54,   723.47,   222.91
  225.72,   724.22,   347.89
  227.90,   724.98,   472.87
  349.26,   473.82,   222.23
  351.43,   474.58,   347.21
  353.61,   475.34,   472.19
  348.89,   598.82,   221.48
  351.07,   599.58,   346.46
  353.24,   600.34,   471.44
  348.52,   723.82,   220.73
  350.70,   724.58,   345.71
  352.88,   725.34,   470.69
  474.24,   474.18,   220.05
  476.42,   474.94,   345.03
  478.59,   475.70,   470.01
  473.87,   599.18,   219.30
  476.05,   599.93,   344.28
  478.22,   600.69,   469.26
  473.50,   724.17,   218.55
  475.68,   724.93,   343.53
  477.86,   725.69,   468.51
  225.36,   474.77,   348.88
  224.57,   473.92,   473.87
  223.78,   473.08,   598.87
  224.98,   599.76,   349.72
  224.19,   598.92,   474.71
  223.40,   598.08,   599.71
  224.60,   724.76,   350.56
  223.81,   723.92,   475.55
  223.02,   723.07,   600.55
  350.36,   475.14,   349.67
  349.56,   474.30,   474.67
  348.77,   473.45,   599.66
  349.98,   600.14,   350.51
  349.19,   599.29,   475.51
  348.39,   598.45,   600.50
  349.60,   725.13,   351.35
  348.81,   724.29,   476.35
  348.01,   723.45,   601.34
  475.35,   475.51,   350.47
  474.56,   474.67,   475.46
  473.77,   473.83,   600.45
  474.97,   600.51,   351.31
  474.18,   599.67,   476.30
  473.39,   598.82,   601.30
  474.60,   725.51,   352.15
  473.80,   724.66,   477.14
  473.01,   723.82,   602.14
  225.50,   475.69,   473.48
  228.69,   477.88,   598.42
  231.87,   480.06,   723.36
  222.99,   600.65,   471.36
  226.17,   602.84,   596.30
  229.36,   605.02,   721.24
  220.48,   725.61,   469.24
  223.66,   727.79,   594.18
  226.84,   729.98,   719.12
  350.44,   478.15,   470.25
  353.62,   480.34,   595.19
  356.80,   482.52,   720.14
  347.92,   603.11,   468.13
  351.11,   605.29,   593.07
  354.29,   607.48,   718.01
  345.41,   728.07,   466.01
  348.59,   730.25,   590.95
  351.78,   732.44,   715.89
  475.37,   480.61,   467.03
  478.56,   482.80,   591.97
  481.74,   484.98,   716.91
  472.86,   605.57,   464.91
  476.04,   607.75,   589.85
  479.22,   609.94,   714.79
  470.34,   730.52,   462.78
  473.53,   732.71,   587.72
  476.71,   734.90,   712.66
  223.83,   473.38,   599.46
  226.50,   472.24,   724.42
  229.17,   471.10,   849.39
  223.82,   598.37,   600.60
  226.48,   597.23,   725.56
  229.15,   596.10,   850.53
  223.80,   723.37,   601.73
  226.46,   722.23,   726.70
  229.13,   721.09,   851.67
  348.81,   473.42,   596.79
  351.47,   472.28,   721.76
  354.14,   471.14,   846.72
  348.79,   598.41,   597.93
  351.45,   597.28,   722.90
  354.12,   596.14,   847.86
  348.77,   723.41,   599.07
  351.44,   722.27,   724.04
  354.10,   721.13,   849.00
  473.78,   473.46,   594.13
  476.44,   472.32,   719.09
  479.11,   471.19,   844.06
  473.76,   598.46,   595.26
  476.43,   597.32,   720.23
  479.09,   596.18,   845.20
  473.74,   723.45,   596.40
  476.41,   722.31,   721.37
  479.07,   721.18,   846.34
  225.38,   600.78,   99.08
  224.24,   599.55,   224.06
  223.10,   598.32,   349.05
  228.30,   725.74,   100.33
  227.16,   724.51,   225.32
  226.02,   723.28,   350.31
  231.22,   850.70,   101.59
  230.08,   849.47,   226.58
  228.94,   848.24,   351.57
  350.34,   597.85,   100.19
  349.20,   596.62,   225.18
  348.06,   595.39,   350.17
  353.26,   722.81,   101.45
  352.12,   721.58,   226.43
  350.98,   720.35,   351.42
  356.18,   847.77,   102.70
  355.04,   846.54,   227.69
  353.90,   845.31,   352.68
  475.30,   594.92,   101.30
  474.16,   593.69,   226.29
  473.02,   592.45,   351.28
  478.22,   719.88,   102.56
  477.08,   718.65,   227.55
  475.94,   717.41,   352.54
  481.14,   844.84,   103.82
  480.00,   843.61,   228.81
  478.86,   842.37,   353.79
  223.70,   598.66,   224.74
  223.07,   597.31,   349.73
  222.43,   595.96,   474.72
  222.56,   723.65,   226.08
  221.93,   722.30,   351.07
  221.29,   720.95,   476.06
  221.42,   848.64,   227.42
  220.79,   847.29,   352.41
  220.15,   845.94,   477.41
  348.69,   599.80,   225.38
  348.06,   598.45,   350.37
  347.43,   597.10,   475.36
  347.55,   724.78,   226.72
  346.92,   723.43,   351.72
  346.29,   722.09,   476.71
  346.41,   849.77,   228.07
  345.78,   848.42,   353.06
  345.15,   847.07,   478.05
  473.69,   600.93,   226.03
  473.05,   599.58,   351.02
  472.42,   598.23,   476.01
  472.55,   725.92,   227.37
  471.91,   724.57,   352.36
  471.28,   723.22,   477.35
  471.41,   850.91,   228.71
  470.77,   849.56,   353.70
  470.14,   848.21,   478.70
  224.52,   601.19,   351.42
  224.49,   601.28,   476.42
  224.46,   601.38,   601.42
  225.19,   726.18,   351.33
  225.16,   726.28,   476.33
  225.12,   726.38,   601.33
  225.86,   851.18,   351.23
  225.82,   851.28,   476.23
  225.79,   851.38,   601.23
  349.52,   600.52,   351.46
  349.49,   600.62,   476.46
  349.45,   600.71,   601.46
  350.19,   725.52,   351.36
  350.15,   725.62,   476.36
  350.12,   725.71,   601.36
  350.86,   850.52,   351.26
  350.82,   850.61,   476.26
  350.79,   850.71,   601.26
  474.52,   599.85,   351.49
  474.49,   599.95,   476.49
  474.45,   600.05,   601.49
  475.19,   724.85,   351.40
  475.15,   724.95,   476.40
  475.12,   725.05,   601.40
  475.85,   849.85,   351.30
  475.82,   849.95,   476.30
  475.79,   850.04,   601.30
  224.74,   601.63,   473.96
  226.68,   602.86,   598.94
  228.63,   604.10,   723.92
  222.39,   726.60,   472.77
  224.34,   727.84,   597.74
  226.29,   729.07,   722.72
  220.05,   851.58,   471.57
  221.99,   852.81,   596.55
  223.94,   854.04,   721.53
  349.70,   603.96,   471.99
  351.65,   605.19,   596.97
  353.59,   606.42,   721.95
  347.35,   728.93,   470.80
  349.30,   730.16,   595.77
  351.25,   731.40,   720.75
  345.01,   853.90,   469.60
  346.96,   855.14,   594.58
  348.90,   856.37,   719.56
  474.66,   606.28,   470.02
  476.61,   607.52,   595.00
  478.56,   608.75,   719.98
  472.32,   731.26,   468.83
  474.26,   732.49,   593.80
  476.21,   733.72,   718.78
  469.97,   856.23,   467.63
  471.92,   857.46,   592.61
  473.87,   858.69,   717.59
  225.32,   601.40,   600.69
  221.96,   604.31,   725.61
  218.61,   607.21,   850.54
  227.75,   726.35,   597.85
  224.39,   729.25,   722.77
  221.04,   732.16,   847.70
  230.17,   851.29,   595.01
  226.82,   854.20,   719.93
  223.46,   857.10,   844.86
  350.25,   599.05,   604.10
  346.89,   601.96,   729.02
  343.54,   604.86,   853.95
  352.68,   724.00,   601.26
  349.32,   726.90,   726.18
  345.97,   729.81,   851.11
  355.11,   848.94,   598.42
  351.75,   851.85,   723.34
  348.40,   854.75,   848.27
  475.18,   596.70,   607.51
  471.83,   599.61,   732.43
  468.47,   602.51,   857.36
  477.61,   721.65,   604.67
  474.25,   724.55,   729.59
  470.90,   727.46,   854.52
  480.04,   846.59,   601.83
  476.68,   849.49,   726.75
  473.33,   852.40,   851.68
  351.36,   101.94,   98.09
  348.17,   98.50,   223.00
  344.99,   95.06,   347.91
  352.40,   226.89,   101.56
  349.22,   223.45,   226.47
  346.04,   220.00,   351.38
  353.45,   351.84,   105.03
  350.27,   348.39,   229.94
  347.09,   344.95,   354.85
  476.31,   100.81,   101.24
  473.13,   97.36,   226.15
  469.95,   93.92,   351.07
  477.36,   225.75,   104.71
  474.18,   222.31,   229.62
  470.99,   218.87,   354.54
  478.41,   350.70,   108.18
  475.22,   347.26,   233.09
  472.04,   343.82,   358.00
  601.27,   99.67,   104.39
  598.08,   96.23,   229.31
  594.90,   92.79,   354.22
  602.31,   224.62,   107.86
  599.13,   221.18,   232.78
  595.95,   217.73,   357.69
  603.36,   349.57,   111.33
  600.18,   346.12,   236.25
  597.00,   342.68,   361.16
  351.70,   99.88,   224.64
  351.01,   101.61,   349.63
  350.32,   103.35,   474.61
  348.03,   224.81,   222.89
  347.34,   226.55,   347.87
  346.64,   228.28,   472.86
  344.36,   349.75,   221.13
  343.66,   351.48,   346.12
  342.97,   353.22,   471.10
  476.65,   103.56,   225.28
  475.95,   105.30,   350.27
  475.26,   107.03,   475.25
  472.97,   228.50,   223.53
  472.28,   230.23,   348.51
  471.59,   231.96,   473.50
  469.30,   353.43,   221.77
  468.61,   355.16,   346.76
  467.92,   356.90,   471.75
  601.59,   107.24,   225.92
  600.90,   108.98,   350.91
  600.20,   110.71,   475.90
  597.92,   232.18,   224.17
  597.22,   233.91,   349.16
  596.53,   235.65,   474.14
  594.24,   357.11,   222.42
  593.55,   358.85,   347.40
  592.86,   360.58,   472.39
  349.38,   98.08,   348.14
  351.55,   101.55,   473.07
  353.72,   105.02,   598.01
  346.60,   223.01,   344.72
  348.78,   226.47,   469.65
  350.95,   229.94,   594.59
  343.83,   347.93,   341.30
  346.00,   351.40,   466.23
  348.17,   354.86,   591.17
  474.33,   100.80,   345.89
  476.50,   104.26,   470.82
  478.67,   107.73,   595.76
  471.55,   225.72,   342.47
  473.73,   229.19,   467.40
  475.90,   232.65,   592.34
  468.78,   350.64,   339.05
  470.95,   354.11,   463.99
  473.12,   357.58,   588.92
  599.28,   103.51,   343.64
  601.45,   106.98,   468.57
  603.62,   110.45,   593.51
  596.50,   228.43,   340.22
  598.68,   231.90,   465.16
  600.85,   235.37,   590.09
  593.73,   353.35,   336.80
  595.90,   356.82,   461.74
  598.08,   360.29,   586.67
  348.88,   99.49,   475.44
  345.20,   96.60,   600.36
  341.52,   93.71,   725.27
  347.07,   224.45,   478.28
  343.39,   221.56,   603.19
  339.71,   218.67,   728.11
  345.27,   349.40,   481.12
  341.59,   346.51,   606.03
  337.91,   343.62,   730.95
  473.81,   101.21,   479.16
  470.13,   98.32,   604.08
  466.45,   95.43,   728.99
  472.00,   226.17,   482.00
  468.32,   223.28,   606.91
  464.64,   220.39,   731.83
  470.20,   351.12,   484.84
  466.52,   348.23,   609.75
  462.84,   345.34,   734.67
  598.74,   102.94,   482.88
  595.06,   100.04,   607.80
  591.38,   97.15,   732.71
  596.94,   227.89,   485.72
  593.26,   225.00,   610.64
  589.58,   222.11,   735.55
  595.13,   352.84,   488.56
  591.45,   349.95,   613.47
  587.77,   347.06,   738.39
  348.41,   100.25,   600.17
  348.91,   102.02,   725.15
  349.41,   103.79,   850.14
  346.82,   225.23,   598.40
  347.32,   227.00,   723.39
  347.82,   228.77,   848.38
  345.22,   350.20,   596.64
  345.72,   351.97,   721.62
  346.23,   353.74,   846.61
  473.40,   101.84,   599.64
  473.90,   103.61,   724.63
  474.40,   105.38,   849.62
  471.81,   226.81,   597.88
  472.31,   228.58,   722.86
  472.81,   230.35,   847.85
  470.21,   351.79,   596.11
  470.71,   353.56,   721.10
  471.21,   355.33,   846.09
  598.39,   103.42,   599.12
  598.89,   105.19,   724.10
  599.39,   106.96,   849.09
  596.79,   228.40,   597.35
  597.30,   230.17,   722.34
  597.80,   231.94,   847.33
  595.20,   353.38,   595.59
  595.70,   355.15,   720.58
  596.20,   356.92,   845.56
  350.71,   225.30,   99.60
  351.12,   225.06,   224.60
  351.52,   224.81,   349.60
  351.27,   350.30,   99.85
  351.68,   350.06,   224.85
  352.08,   349.81,   349.85
  351.83,   475.30,   100.09
  352.24,   475.05,   225.09
  352.64,   474.81,   350.09
  475.71,   224.74,   99.20
  476.11,   224.50,   224.20
  476.52,   224.25,   349.20
  476.27,   349.74,   99.44
  476.68,   349.50,   224.44
  477.08,   349.25,   349.44
  476.83,   474.74,   99.69
  477.24,   474.49,   224.69
  477.64,   474.25,   349.69
  600.71,   224.18,   98.79
  601.11,   223.94,   223.79
  601.52,   223.69,   348.79
  601.27,   349.18,   99.04
  601.67,   348.94,   224.04
  602.08,   348.69,   349.03
  601.83,   474.18,   99.28
  602.24,   473.93,   224.28
  602.64,   473.69,   349.28
  348.48,   224.67,   226.50
  347.58,   228.13,   351.45
  346.67,   231.59,   476.40
  346.40,   349.61,   223.03
  345.50,   353.07,   347.98
  344.59,   356.53,   472.93
  344.32,   474.54,   219.55
  343.42,   478.00,   344.50
  342.51,   481.46,   469.45
  473.46,   226.78,   227.35
  472.56,   230.24,   352.30
  471.65,   233.70,   477.25
  471.38,   351.71,   223.88
  470.48,   355.17,   348.83
  469.57,   358.63,   473.78
  469.30,   476.65,   220.40
  468.40,   480.11,   345.35
  467.49,   483.57,   470.30
  598.44,   228.88,   228.20
  597.54,   232.34,   353.15
  596.63,   235.80,   478.10
  596.36,   353.82,   224.73
  595.46,   357.28,   349.67
  594.55,   360.74,   474.62
  594.28,   478.75,   221.25
  593.38,   482.21,   346.20
  592.47,   485.67,   471.15
  351.09,   223.75,   348.40
  350.22,   225.09,   473.39
  349.35,   226.42,   598.38
  347.49,   348.69,   347.04
  346.63,   350.03,   472.03
  345.76,   351.36,   597.02
  343.90,   473.64,   345.68
  343.03,   474.97,   470.67
  342.17,   476.30,   595.66
  476.03,   227.35,   349.23
  475.16,   228.69,   474.22
  474.30,   230.02,   599.21
  472.44,   352.30,   347.87
  471.57,   353.63,   472.86
  470.70,   354.96,   597.85
  468.85,   477.24,   346.51
  467.98,   478.57,   471.50
  467.11,   479.91,   596.49
  600.98,   230.96,   350.06
  600.11,   232.29,   475.05
  599.24,   233.62,   600.04
  597.39,   355.90,   348.70
  596.52,   357.23,   473.69
  595.65,   358.57,   598.68
  593.79,   480.84,   347.34
  592.93,   482.17,   472.33
  592.06,   483.51,   597.32
  349.45,   224.77,   475.36
  348.25,   224.79,   600.35
  347.05,   224.82,   725.35
  347.65,   349.75,   475.32
  346.45,   349.78,   600.31
  345.25,   349.80,   725.30
  345.86,   474.74,   475.27
  344.66,   474.77,   600.27
  343.46,   474.79,   725.26
  474.43,   226.56,   476.56
  473.23,   226.59,   601.55
  472.03,   226.61,   726.55
  472.63,   351.55,   476.52
  471.43,   351.57,   601.51
  470.23,   351.60,   726.50
  470.84,   476.54,   476.47
  469.64,   476.56,   601.47
  468.44,   476.59,   726.46
  599.41,   228.36,   477.76
  598.21,   228.38,   602.75
  597.01,   228.41,   727.75
  597.61,   353.35,   477.72
  596.41,   353.37,   602.71
  595.21,   353.40,   727.70
  595.82,   478.33,   477.67
  594.62,   478.36,   602.67
  593.42,   478.38,   727.66
  349.29,   223.97,   599.72
  351.88,   226.37,   724.68
  354.46,   228.76,   849.63
  347.14,   348.93,   597.38
  349.72,   351.33,   722.33
  352.30,   353.72,   847.28
  344.98,   473.89,   595.03
  347.56,   476.29,   719.98
  350.15,   478.68,   844.93
  474.25,   226.08,   597.10
  476.83,   228.47,   722.05
  479.41,   230.87,   847.00
  472.09,   351.04,   594.75
  474.67,   353.43,   719.70
  477.26,   355.83,   844.65
  469.93,   476.00,   592.40
  472.52,   478.39,   717.35
  475.10,   480.78,   842.30
  599.20,   228.19,   594.48
  601.79,   230.58,   719.43
  604.37,   232.97,   844.38
  597.05,   353.15,   592.13
  599.63,   355.54,   717.08
  602.21,   357.93,   842.03
  594.89,   478.11,   589.78
  597.47,   480.50,   714.73
  600.06,   482.89,   839.68
  350.20,   348.98,   100.95
  349.57,   347.39,   225.94
  348.93,   345.81,   350.93
  349.12,   473.96,   102.53
  348.49,   472.38,   227.52
  347.85,   470.80,   352.50
  348.04,   598.95,   104.11
  347.40,   597.36,   229.09
  346.77,   595.78,   354.08
  475.20,   350.05,   101.60
  474.56,   348.47,   226.59
  473.92,   346.88,   351.58
  474.12,   475.04,   103.18
  473.48,   473.45,   228.17
  472.84,   471.87,   353.16
  473.04,   600.02,   104.76
  472.40,   598.44,   229.75
  471.76,   596.85,   354.73
  600.19,   351.12,   102.25
  599.55,   349.54,   227.24
  598.92,   347.96,   352.23
  599.11,   476.11,   103.83
  598.47,   474.52,   228.82
  597.84,   472.94,   353.81
  598.03,   601.09,   105.41
  597.39,   599.51,   230.40
  596.75,   597.93,   355.38
  351.41,   351.69,   226.71
  351.55,   355.08,   351.67
  351.70,   358.46,   476.62
  348.59,   476.61,   223.33
  348.73,   480.00,   348.28
  348.88,   483.39,   473.24
  345.77,   601.53,   219.95
  345.92,   604.92,   344.90
  346.06,   608.31,   469.85
  476.38,   354.50,   226.49
  476.52,   357.89,   351.45
  476.66,   361.28,   476.40
  473.56,   479.42,   223.11
  473.70,   482.81,   348.06
  473.85,   486.20,   473.02
  470.74,   604.35,   219.73
  470.89,   607.73,   344.68
  471.03,   611.12,   469.63
  601.34,   357.31,   226.27
  601.49,   360.70,   351.23
  601.63,   364.09,   476.18
  598.53,   482.24,   222.89
  598.67,   485.62,   347.84
  598.82,   489.01,   472.80
  595.71,   607.16,   219.50
  595.85,   610.55,   344.46
  596.00,   613.93,   469.41
  349.27,   350.07,   349.00
  347.44,   352.82,   473.96
  345.60,   355.57,   598.91
  351.14,   475.03,   346.28
  349.31,   477.78,   471.24
  347.47,   480.53,   596.19
  353.01,   599.98,   343.56
  351.18,   602.73,   468.52
  349.35,   605.48,   593.47
  474.24,   348.24,   350.88
  472.41,   350.99,   475.83
  470.58,   353.74,   600.79
  476.12,   473.20,   348.16
  474.28,   475.95,   473.11
  472.45,   478.69,   598.07
  477.99,   598.15,   345.43
  476.15,   600.90,   470.39
  474.32,   603.65,   595.35
  599.22,   346.41,   352.75
  597.38,   349.16,   477.71
  595.55,   351.91,   602.66
  601.09,   471.37,   350.03
  599.25,   474.12,   474.99
  597.42,   476.86,   599.94
  602.96,   596.32,   347.31
  601.12,   599.07,   472.27
  599.29,   601.82,   597.22
  349.10,   348.98,   473.24
  346.96,   350.37,   598.21
  344.82,   351.77,   723.19
  345.45,   473.91,   471.78
  343.31,   475.31,   596.75
  341.17,   476.71,   721.73
  341.80,   598.85,   470.32
  339.66,   600.25,   595.29
  337.52,   601.65,   720.27
  474.03,   352.65,   475.34
  471.89,   354.05,   600.31
  469.75,   355.45,   725.28
  470.38,   477.59,   473.88
  468.24,   478.99,   598.85
  466.10,   480.38,   723.82
  466.73,   602.53,   472.42
  464.59,   603.92,   597.39
  462.45,   605.32,   722.37
  598.96,   356.33,   477.43
  596.82,   357.72,   602.41
  594.68,   359.12,   727.38
  595.31,   481.26,   475.97
  593.17,   482.66,   600.95
  591.03,   484.06,   725.92
  591.66,   606.20,   474.51
  589.52,   607.60,   599.49
  587.38,   609.00,   724.46
  351.54,   348.26,   600.56
  354.48,   346.37,   725.51
  357.43,   344.47,   850.46
  353.01,   473.23,   602.41
  355.95,   471.34,   727.37
  358.90,   469.45,   852.32
  354.48,   598.21,   604.27
  357.42,   596.32,   729.22
  360.37,   594.43,   854.17
  476.49,   346.83,   597.59
  479.44,   344.94,   722.54
  482.39,   343.05,   847.49
  477.96,   471.81,   599.45
  480.91,   469.92,   724.40
  483.86,   468.03,   849.35
  479.43,   596.79,   601.30
  482.38,   594.90,   726.25
  485.33,   593.00,   851.21
  601.45,   345.41,   594.62
  604.40,   343.51,   719.57
  607.34,   341.62,   844.52
  602.92,   470.38,   596.48
  605.87,   468.49,   721.43
  608.81,   466.60,   846.38
  604.39,   595.36,   598.34
  607.34,   593.47,   723.29
  610.28,   591.58,   848.24
  349.18,   474.70,   100.34
  351.10,   475.33,   225.32
  353.01,   475.95,   350.31
  348.65,   599.70,   99.72
  350.57,   600.32,   224.70
  352.48,   600.95,   349.69
  348.12,   724.69,   99.10
  350.04,   725.32,   224.09
  351.95,   725.95,   349.07
  474.17,   475.22,   98.42
  476.08,   475.85,   223.41
  477.99,   476.47,   348.39
  473.64,   600.22,   97.81
  475.55,   600.84,   222.79
  477.46,   601.47,   347.77
  473.11,   725.21,   97.19
  475.02,   725.84,   222.17
  476.93,   726.47,   347.15
  599.15,   475.74,   96.51
  601.06,   476.37,   221.49
  602.98,   476.99,   346.48
  598.62,   600.74,   95.89
  600.54,   601.36,   220.87
  602.45,   601.99,   345.86
  598.09,   725.73,   95.27
  600.01,   726.36,   220.26
  601.92,   726.99,   345.24
  350.73,   473.43,   225.17
  347.32,   473.10,   350.13
  343.90,   472.78,   475.08
  352.16,   598.42,   225.54
  348.74,   598.10,   350.49
  345.33,   597.77,   475.44
  353.59,   723.41,   225.90
  350.17,   723.09,   350.86
  346.76,   722.76,   475.81
  475.68,   471.99,   228.59
  472.26,   471.67,   353.54
  468.84,   471.34,   478.49
  477.11,   596.98,   228.95
  473.69,   596.66,   353.90
  470.27,   596.33,   478.86
  478.54,   721.98,   229.32
  475.12,   721.65,   354.27
  471.70,   721.32,   479.22
  600.62,   470.55,   232.00
  597.21,   470.23,   356.95
  593.79,   469.90,   481.91
  602.05,   595.55,   232.37
  598.64,   595.22,   357.32
  595.22,   594.89,   482.27
  603.48,   720.54,   232.73
  600.06,   720.21,   357.68
  596.65,   719.89,   482.64
  350.93,   476.34,   349.53
  348.41,   479.86,   474.45
  345.90,   483.38,   599.38
  349.26,   601.27,   345.97
  346.75,   604.80,   470.89
  344.23,   608.32,   595.82
  347.59,   726.21,   342.41
  345.08,   729.74,   467.34
  342.56,   733.26,   592.26
  475.89,   478.08,   351.99
  473.38,   481.60,   476.92
  470.86,   485.12,   601.84
  474.23,   603.01,   348.44
  471.71,   606.54,   473.36
  469.19,   610.06,   598.29
  472.56,   727.95,   344.88
  470.04,   731.48,   469.81
  467.52,   735.00,   594.73
  600.86,   479.81,   354.46
  598.34,   483.34,   479.39
  595.82,   486.86,   604.31
  599.19,   604.75,   350.91
  596.67,   608.28,   475.83
  594.16,   611.80,   600.76
  597.52,   729.69,   347.35
  595.00,   733.21,   472.27
  592.49,   736.74,   597.20
  351.75,   475.94,   473.15
  350.56,   479.04,   598.11
  349.37,   482.14,   723.06
  353.07,   600.89,   470.06
  351.88,   604.00,   595.02
  350.69,   607.10,   719.97
  354.38,   725.85,   466.97
  353.19,   728.95,   591.93
  352.01,   732.05,   716.88
  476.74,   474.65,   474.37
  475.55,   477.75,   599.33
  474.36,   480.86,   724.28
  478.05,   599.61,   471.28
  476.87,   602.71,   596.24
  475.68,   605.81,   721.19
  479.37,   724.56,   468.19
  478.18,   727.66,   593.15
  476.99,   730.77,   718.10
  601.73,   473.37,   475.59
  600.54,   476.47,   600.55
  599.35,   479.57,   725.51
  603.04,   598.32,   472.50
  601.85,   601.42,   597.46
  600.66,   604.53,   722.42
  604.36,   723.28,   469.41
  603.17,   726.38,   594.37
  601.98,   729.48,   719.33
  348.76,   476.09,   601.28
  352.30,   478.35,   726.21
  355.84,   480.60,   851.14
  348.27,   601.07,   599.03
  351.81,   603.32,   723.96
  355.35,   605.58,   848.89
  347.78,   726.04,   596.78
  351.32,   728.30,   721.71
  354.86,   730.56,   846.64
  473.71,   476.51,   597.73
  477.25,   478.77,   722.66
  480.78,   481.03,   847.59
  473.22,   601.49,   595.48
  476.76,   603.75,   720.41
  480.30,   606.01,   845.34
  472.73,   726.47,   593.24
  476.27,   728.73,   718.17
  479.81,   730.99,   843.10
  598.66,   476.93,   594.18
  602.19,   479.19,   719.11
  605.73,   481.45,   844.04
  598.17,   601.91,   591.94
  601.71,   604.17,   716.87
  605.25,   606.43,   841.79
  597.68,   726.89,   589.69
  601.22,   729.15,   714.62
  604.76,   731.41,   839.55
  348.72,   600.23,   101.93
  345.51,   602.95,   226.86
  342.31,   605.66,   351.79
  350.19,   725.20,   99.26
  346.98,   727.91,   224.19
  343.77,   730.62,   349.12
  351.65,   850.16,   96.58
  348.45,   852.87,   221.51
  345.24,   855.58,   346.44
  473.67,   598.84,   105.17
  470.46,   601.55,   230.10
  467.26,   604.26,   355.03
  475.14,   723.80,   102.49
  471.93,   726.51,   227.42
  468.73,   729.22,   352.35
  476.60,   848.76,   99.82
  473.40,   851.47,   224.75
  470.19,   854.18,   349.68
  598.62,   597.44,   108.40
  595.41,   600.15,   233.33
  592.21,   602.86,   358.26
  600.09,   722.40,   105.73
  596.88,   725.11,   230.66
  593.68,   727.82,   355.59
  601.55,   847.36,   103.06
  598.35,   850.08,   227.99
  595.14,   852.79,   352.92
  349.56,   600.47,   224.68
  346.86,   601.04,   349.65
  344.17,   601.61,   474.62
  351.36,   725.45,   224.15
  348.66,   726.03,   349.12
  345.97,   726.60,   474.09
  353.16,   850.44,   223.62
  350.46,   851.01,   348.59
  347.77,   851.58,   473.56
  474.52,   598.68,   227.38
  471.82,   599.25,   352.35
  469.13,   599.82,   477.32
  476.32,   723.67,   226.85
  473.62,   724.24,   351.82
  470.93,   724.81,   476.79
  478.11,   848.65,   226.32
  475.42,   849.22,   351.29
  472.72,   849.80,   476.26
  599.47,   596.89,   230.09
  596.78,   597.47,   355.06
  594.08,   598.04,   480.03
  601.27,   721.88,   229.55
  598.58,   722.45,   354.52
  595.88,   723.02,   479.49
  603.07,   846.87,   229.02
  600.38,   847.44,   353.99
  597.68,   848.01,   478.96
  350.46,   599.37,   350.30
  351.15,   597.02,   475.27
  351.84,   594.66,   600.25
  347.07,   724.31,   352.67
  347.76,   721.95,   477.65
  348.45,   719.59,   602.62
  343.67,   849.24,   355.05
  344.36,   846.88,   480.02
  345.05,   844.52,   605.00
  475.42,   602.78,   349.67
  476.10,   600.42,   474.65
  476.79,   598.07,   599.63
  472.02,   727.71,   352.05
  472.71,   725.36,   477.03
  473.40,   723.00,   602.00
  468.63,   852.64,   354.43
  469.31,   850.29,   479.40
  470.00,   847.93,   604.38
  600.37,   606.19,   349.05
  601.06,   603.83,   474.03
  601.74,   601.47,   599.00
  596.97,   731.12,   351.43
  597.66,   728.76,   476.40
  598.35,   726.41,   601.38
  593.58,   856.05,   353.80
  594.27,   853.69,   478.78
  594.95,   851.34,   603.75
  348.81,   598.12,   473.35
  350.03,   600.69,   598.32
  351.26,   603.27,   723.29
  349.17,   723.09,   470.77
  350.39,   725.67,   595.74
  351.62,   728.24,   720.71
  349.53,   848.06,   468.20
  350.75,   850.64,   593.16
  351.98,   853.21,   718.13
  473.80,   597.73,   472.14
  475.03,   600.31,   597.10
  476.25,   602.88,   722.07
  474.16,   722.71,   469.56
  475.39,   725.28,   594.52
  476.61,   727.86,   719.49
  474.52,   847.68,   466.98
  475.75,   850.25,   591.95
  476.97,   852.83,   716.91
  598.80,   597.35,   470.92
  600.02,   599.92,   595.89
  601.25,   602.50,   720.85
  599.16,   722.32,   468.34
  600.38,   724.90,   593.31
  601.61,   727.47,   718.27
  599.52,   847.29,   465.76
  600.74,   849.87,   590.73
  601.97,   852.44,   715.70
  348.50,   599.68,   601.46
  345.12,   598.16,   726.41
  341.74,   596.63,   851.35
  349.13,   724.67,   603.01
  345.75,   723.15,   727.95
  342.36,   721.62,   852.89
  349.75,   849.66,   604.55
  346.37,   848.13,   729.49
  342.99,   846.61,   854.44
  473.45,   599.01,   604.84
  470.07,   597.49,   729.78
  466.69,   595.97,   854.73
  474.08,   724.00,   606.38
  470.70,   722.48,   731.32
  467.32,   720.96,   856.27
  474.70,   848.99,   607.92
  471.32,   847.47,   732.86
  467.94,   845.94,   857.81
  598.41,   598.35,   608.21
  595.03,   596.82,   733.16
  591.64,   595.30,   858.10
  599.03,   723.34,   609.75
  595.65,   721.81,   734.70
  592.27,   720.29,   859.64
  599.66,   848.33,   611.29
  596.28,   846.80,   736.24
  592.89,   845.28,   861.18
  475.66,   98.32,   100.60
  478.60,   100.91,   225.53
  481.55,   103.50,   350.47
  472.73,   223.26,   98.08
  475.67,   225.85,   223.01
  478.62,   228.44,   347.95
  469.80,   348.20,   95.55
  472.75,   350.79,   220.49
  475.69,   353.38,   345.43
  600.59,   101.19,   97.59
  603.53,   103.78,   222.53
  606.48,   106.37,   347.47
  597.66,   226.13,   95.07
  600.61,   228.72,   220.01
  603.55,   231.31,   344.95
  594.73,   351.07,   92.55
  597.68,   353.66,   217.49
  600.62,   356.25,   342.43
  725.52,   104.06,   94.59
  728.46,   106.65,   219.53
  731.41,   109.24,   344.46
  722.59,   229.00,   92.07
  725.54,   231.59,   217.01
  728.48,   234.18,   341.94
  719.66,   353.94,   89.55
  722.61,   356.53,   214.48
  725.55,   359.12,   339.42
  473.97,   98.23,   226.92
  477.09,   99.72,   351.87
  480.21,   101.21,   476.82
  472.92,   223.22,   225.45
  476.05,   224.71,   350.41
  479.17,   226.19,   475.36
  471.88,   348.21,   223.99
  475.00,   349.69,   348.94
  478.12,   351.18,   473.90
  598.92,   99.24,   223.78
  602.05,   100.73,   348.73
  605.17,   102.21,   473.69
  597.88,   224.23,   222.32
  601.00,   225.71,   347.27
  604.12,   227.20,   472.22
  596.84,   349.21,   220.86
  599.96,   350.70,   345.81
  603.08,   352.19,   470.76
  723.88,   100.25,   220.65
  727.00,   101.73,   345.60
  730.13,   103.22,   470.55
  722.84,   225.23,   219.19
  725.96,   226.72,   344.14
  729.08,   228.21,   469.09
  721.79,   350.22,   217.72
  724.91,   351.71,   342.68
  728.04,   353.20,   467.63
  474.57,   99.64,   350.80
  475.18,   100.59,   475.79
  475.80,   101.54,   600.79
  476.87,   224.62,   349.84
  477.48,   225.56,   474.83
  478.10,   226.51,   599.83
  479.16,   349.59,   348.88
  479.78,   350.54,   473.87
  480.39,   351.49,   598.87
  599.55,   97.34,   350.20
  600.16,   98.29,   475.19
  600.77,   99.24,   600.19
  601.84,   222.31,   349.24
  602.46,   223.26,   474.23
  603.07,   224.21,   599.23
  604.14,   347.29,   348.28
  604.76,   348.24,   473.27
  605.37,   349.19,   598.27
  724.52,   95.04,   349.60
  725.14,   95.99,   474.60
  725.75,   96.93,   599.59
  726.82,   220.01,   348.64
  727.43,   220.96,   473.64
  728.05,   221.91,   598.63
  729.12,   344.99,   347.68
  729.73,   345.94,   472.68
  730.35,   346.88,   597.67
  475.37,   98.05,   474.38
  474.92,   95.34,   599.35
  474.48,   92.62,   724.32
  475.38,   223.02,   477.09
  474.94,   220.31,   602.06
  474.49,   217.59,   727.03
  475.40,   347.99,   479.80
  474.95,   345.28,   604.77
  474.51,   342.56,   729.74
  600.37,   98.02,   474.82
  599.92,   95.31,   599.79
  599.48,   92.60,   724.76
  600.38,   222.99,   477.54
  599.94,   220.28,   602.51
  599.49,   217.57,   727.47
  600.40,   347.97,   480.25
  599.95,   345.25,   605.22
  599.51,   342.54,   730.19
  725.36,   98.00,   475.27
  724.92,   95.29,   600.24
  724.48,   92.57,   725.21
  725.38,   222.97,   477.98
  724.94,   220.26,   602.95
  724.49,   217.54,   727.92
  725.40,   347.94,   480.69
  724.95,   345.23,   605.66
  724.51,   342.51,   730.63
  474.91,   99.90,   598.71
  477.55,   101.86,   723.67
  480.19,   103.82,   848.62
  473.14,   224.87,   596.79
  475.78,   226.83,   721.74
  478.41,   228.79,   846.70
  471.36,   349.85,   594.87
  474.00,   351.80,   719.82
  476.64,   353.76,   844.78
  599.87,   101.63,   596.04
  602.51,   103.59,   721.00
  605.15,   105.55,   845.96
  598.10,   226.60,   594.12
  600.73,   228.56,   719.08
  603.37,   230.52,   844.04
  596.32,   351.58,   592.20
  598.96,   353.54,   717.16
  601.60,   355.49,   842.11
  724.83,   103.36,   593.38
  727.47,   105.32,   718.33
  730.11,   107.28,   843.29
  723.06,   228.33,   591.46
  725.69,   230.29,   716.41
  728.33,   232.25,   841.37
  721.28,   353.31,   589.53
  723.92,   355.27,   714.49
  726.56,   357.23,   839.45
  475.31,   226.04,   98.24
  475.31,   228.23,   223.22
  475.32,   230.41,   348.20
  478.84,   350.97,   96.06
  478.85,   353.16,   221.04
  478.86,   355.34,   346.02
  482.37,   475.91,   93.88
  482.38,   478.09,   218.86
  482.39,   480.27,   343.84
  600.26,   222.51,   98.29
  600.26,   224.69,   223.27
  600.27,   226.88,   348.25
  603.79,   347.44,   96.11
  603.80,   349.62,   221.09
  603.81,   351.81,   346.07
  607.32,   472.37,   93.93
  607.33,   474.55,   218.91
  607.34,   476.74,   343.89
  725.21,   218.98,   98.35
  725.21,   221.16,   223.33
  725.22,   223.34,   348.31
  728.74,   343.91,   96.16
  728.75,   346.09,   221.14
  728.76,   348.27,   346.13
  732.27,   468.84,   93.98
  732.28,   471.02,   218.96
  732.29,   473.20,   343.94
  473.98,   224.01,   225.35
  471.76,   227.15,   350.29
  469.54,   230.30,   475.23
  473.78,   348.97,   222.20
  471.56,   352.11,   347.14
  469.34,   355.26,   472.08
  473.57,   473.93,   219.05
  471.35,   477.07,   343.99
  469.13,   480.22,   468.93
  598.96,   224.27,   227.56
  596.74,   227.41,   352.50
  594.52,   230.56,   477.44
  598.76,   349.23,   224.41
  596.54,   352.37,   349.35
  594.32,   355.52,   474.29
  598.55,   474.19,   221.26
  596.33,   477.33,   346.20
  594.11,   480.48,   471.14
  723.94,   224.53,   229.77
  721.72,   227.67,   354.71
  719.50,   230.82,   479.65
  723.74,   349.49,   226.62
  721.52,   352.63,   351.56
  719.30,   355.78,   476.50
  723.53,   474.45,   223.47
  721.31,   477.59,   348.41
  719.09,   480.74,   473.35
  476.14,   223.51,   349.50
  474.08,   222.13,   474.48
  472.01,   220.74,   599.45
  478.27,   348.49,   350.92
  476.21,   347.10,   475.90
  474.14,   345.71,   600.87
  480.41,   473.46,   352.35
  478.34,   472.07,   477.32
  476.27,   470.69,   602.30
  601.11,   221.36,   351.54
  599.04,   219.97,   476.52
  596.97,   218.59,   601.49
  603.24,   346.33,   352.97
  601.17,   344.95,   477.94
  599.11,   343.56,   602.92
  605.37,   471.31,   354.39
  603.31,   469.92,   479.36
  601.24,   468.53,   604.34
  726.07,   219.20,   353.59
  724.01,   217.82,   478.56
  721.94,   216.43,   603.54
  728.20,   344.18,   355.01
  726.14,   342.79,   479.98
  724.07,   341.40,   604.96
  730.34,   469.15,   356.43
  728.27,   467.76,   481.40
  726.20,   466.38,   606.38
  473.82,   225.10,   474.36
  474.79,   227.25,   599.33
  475.76,   229.39,   724.31
  476.74,   350.05,   472.19
  477.71,   352.19,   597.17
  478.68,   354.34,   722.14
  479.67,   474.99,   470.02
  480.64,   477.14,   595.00
  481.61,   479.29,   719.98
  598.78,   222.16,   473.44
  599.75,   224.30,   598.41
  600.72,   226.45,   723.39
  601.71,   347.11,   471.27
  602.68,   349.25,   596.25
  603.65,   351.40,   721.22
  604.63,   472.05,   469.10
  605.60,   474.20,   594.08
  606.57,   476.34,   719.06
  723.74,   219.22,   472.52
  724.71,   221.36,   597.49
  725.68,   223.51,   722.47
  726.67,   344.17,   470.35
  727.64,   346.31,   595.33
  728.61,   348.46,   720.30
  729.59,   469.11,   468.18
  730.56,   471.26,   593.16
  731.53,   473.40,   718.14
  474.61,   225.74,   599.72
  472.98,   226.53,   724.71
  471.34,   227.33,   849.69
  477.99,   350.69,   598.97
  476.35,   351.49,   723.96
  474.72,   352.28,   848.94
  481.36,   475.64,   598.22
  479.73,   476.44,   723.20
  478.10,   477.23,   848.19
  599.55,   222.37,   601.37
  597.92,   223.17,   726.36
  596.29,   223.96,   851.35
  602.93,   347.32,   600.62
  601.30,   348.12,   725.61
  599.66,   348.92,   850.60
  606.31,   472.27,   599.87
  604.67,   473.07,   724.86
  603.04,   473.87,   849.84
  724.50,   219.00,   603.03
  722.86,   219.80,   728.01
  721.23,   220.60,   853.00
  727.87,   343.96,   602.28
  726.24,   344.75,   727.26
  724.61,   345.55,   852.25
  731.25,   468.91,   601.52
  729.62,   469.70,   726.51
  727.98,   470.50,   851.50
  476.69,   348.12,   98.98
  477.85,   351.58,   223.93
  479.00,   355.03,   348.87
  476.13,   473.08,   95.53
  477.29,   476.53,   220.48
  478.44,   479.98,   345.42
  475.57,   598.03,   92.08
  476.72,   601.48,   217.03
  477.88,   604.93,   341.98
  601.68,   348.66,   97.81
  602.84,   352.11,   222.75
  604.00,   355.56,   347.70
  601.12,   473.61,   94.36
  602.28,   477.06,   219.31
  603.44,   480.51,   344.25
  600.56,   598.56,   90.91
  601.72,   602.01,   215.86
  602.87,   605.46,   340.81
  726.68,   349.19,   96.63
  727.83,   352.64,   221.58
  728.99,   356.09,   346.53
  726.11,   474.14,   93.19
  727.27,   477.59,   218.13
  728.43,   481.04,   343.08
  725.55,   599.09,   89.74
  726.71,   602.54,   214.69
  727.87,   605.99,   339.63
  474.56,   351.62,   224.01
  475.00,   348.82,   348.97
  475.45,   346.01,   473.94
  472.07,   476.57,   226.82
  472.51,   473.76,   351.79
  472.95,   470.95,   476.76
  469.57,   601.51,   229.64
  470.02,   598.70,   354.60
  470.46,   595.90,   479.57
  599.54,   354.13,   223.62
  599.98,   351.32,   348.59
  600.42,   348.51,   473.55
  597.04,   479.07,   226.43
  597.49,   476.26,   351.40
  597.93,   473.46,   476.37
  594.55,   604.01,   229.25
  594.99,   601.21,   354.22
  595.43,   598.40,   479.18
  724.51,   356.63,   223.23
  724.95,   353.82,   348.20
  725.40,   351.02,   473.17
  722.02,   481.57,   226.05
  722.46,   478.77,   351.01
  722.90,   475.96,   475.98
  719.52,   606.52,   228.86
  719.97,   603.71,   353.83
  720.41,   600.90,   478.80
  474.63,   348.45,   349.43
  471.80,   348.32,   474.40
  468.97,   348.18,   599.37
  474.24,   473.45,   349.55
  471.41,   473.32,   474.52
  468.58,   473.18,   599.49
  473.85,   598.45,   349.68
  471.02,   598.31,   474.64
  468.19,   598.18,   599.61
  599.59,   348.84,   352.26
  596.77,   348.70,   477.23
  593.94,   348.57,   602.19
  599.20,   473.83,   352.38
  596.38,   473.70,   477.35
  593.55,   473.57,   602.32
  598.81,   598.83,   352.50
  595.99,   598.70,   477.47
  593.16,   598.57,   602.44
  724.56,   349.22,   355.09
  721.73,   349.09,   480.05
  718.91,   348.96,   605.02
  724.17,   474.22,   355.21
  721.34,   474.09,   480.18
  718.52,   473.96,   605.14
  723.78,   599.22,   355.33
  720.95,   599.09,   480.30
  718.13,   598.96,   605.27
  476.60,   348.25,   473.21
  478.68,   347.57,   598.19
  480.75,   346.90,   723.17
  480.17,   473.19,   473.82
  482.25,   472.52,   598.80
  484.32,   471.85,   723.79
  483.74,   598.14,   474.44
  485.82,   597.47,   599.42
  487.89,   596.79,   724.40
  601.54,   344.69,   471.12
  603.61,   344.01,   596.10
  605.69,   343.34,   721.08
  605.11,   469.64,   471.73
  607.18,   468.96,   596.71
  609.26,   468.29,   721.69
  608.68,   594.58,   472.35
  610.75,   593.91,   597.33
  612.83,   593.23,   722.31
  726.47,   341.13,   469.02
  728.54,   340.45,   594.00
  730.62,   339.78,   718.98
  730.04,   466.08,   469.64
  732.11,   465.40,   594.62
  734.19,   464.73,   719.60
  733.61,   591.02,   470.25
  735.68,   590.35,   595.23
  737.76,   589.67,   720.21
  475.43,   349.54,   600.06
  473.72,   352.53,   725.01
  472.01,   355.52,   849.97
  475.04,   474.50,   597.07
  473.34,   477.49,   722.02
  471.63,   480.48,   846.97
  474.66,   599.47,   594.07
  472.95,   602.46,   719.02
  471.25,   605.45,   843.98
  600.42,   349.96,   601.76
  598.71,   352.95,   726.71
  597.00,   355.94,   851.66
  600.03,   474.93,   598.76
  598.32,   477.92,   723.72
  596.62,   480.91,   848.67
  599.65,   599.89,   595.77
  597.94,   602.88,   720.72
  596.23,   605.87,   845.67
  725.40,   350.39,   603.46
  723.70,   353.38,   728.41
  721.99,   356.37,   853.36
  725.02,   475.35,   600.46
  723.31,   478.34,   725.41
  721.60,   481.33,   850.37
  724.64,   600.31,   597.47
  722.93,   603.30,   722.42
  721.22,   606.29,   847.37
  473.10,   476.50,   100.13
  469.66,   475.32,   225.08
  466.21,   474.14,   350.03
  471.10,   601.48,   101.26
  467.65,   600.30,   226.21
  464.21,   599.12,   351.16
  469.09,   726.46,   102.39
  465.64,   725.28,   227.34
  462.20,   724.09,   352.28
  598.04,   478.48,   103.60
  594.59,   477.29,   228.54
  591.15,   476.11,   353.49
  596.03,   603.46,   104.73
  592.59,   602.27,   229.67
  589.14,   601.09,   354.62
  594.02,   728.43,   105.85
  590.58,   727.25,   230.80
  587.14,   726.07,   355.75
  722.97,   480.45,   107.06
  719.53,   479.27,   232.01
  716.09,   478.09,   356.95
  720.97,   605.43,   108.19
  717.52,   604.25,   233.14
  714.08,   603.06,   358.08
  718.96,   730.41,   109.32
  715.52,   729.23,   234.26
  712.07,   728.04,   359.21
  474.36,   474.84,   226.70
  474.63,   471.73,   351.66
  474.91,   468.61,   476.62
  471.26,   599.77,   229.82
  471.54,   596.65,   354.78
  471.81,   593.53,   479.74
  468.17,   724.69,   232.94
  468.45,   721.57,   357.90
  468.72,   718.46,   482.86
  599.32,   477.94,   226.50
  599.59,   474.83,   351.46
  599.87,   471.71,   476.42
  596.23,   602.86,   229.62
  596.50,   599.75,   354.58
  596.78,   596.63,   479.54
  593.13,   727.79,   232.74
  593.41,   724.67,   357.70
  593.68,   721.55,   482.66
  724.28,   481.04,   226.30
  724.55,   477.92,   351.26
  724.83,   474.81,   476.22
  721.19,   605.96,   229.42
  721.46,   602.85,   354.38
  721.74,   599.73,   479.34
  718.10,   730.89,   232.54
  718.37,   727.77,   357.51
  718.65,   724.65,   482.47
  474.05,   475.49,   350.73
  472.89,   475.63,   475.73
  471.72,   475.78,   600.72
  472.80,   600.48,   350.58
  471.63,   600.63,   475.57
  470.47,   600.77,   600.57
  471.55,   725.48,   350.42
  470.38,   725.62,   475.42
  469.22,   725.76,   600.41
  599.04,   476.74,   351.89
  597.87,   476.89,   476.89
  596.71,   477.03,   601.88
  597.79,   601.74,   351.74
  596.62,   601.88,   476.73
  595.46,   602.02,   601.73
  596.53,   726.73,   351.58
  595.37,   726.87,   476.58
  594.21,   727.02,   601.57
  724.02,   478.00,   353.05
  722.86,   478.14,   478.05
  721.70,   478.28,   603.04
  722.77,   602.99,   352.90
  721.61,   603.13,   477.89
  720.45,   603.27,   602.89
  721.52,   727.98,   352.75
  720.36,   728.13,   477.74
  719.20,   728.27,   602.73
  474.20,   475.00,   475.50
  473.71,   472.77,   600.48
  473.22,   470.55,   725.46
  473.05,   599.97,   477.72
  472.56,   597.75,   602.70
  472.07,   595.52,   727.68
  471.91,   724.95,   479.94
  471.42,   722.72,   604.92
  470.93,   720.50,   729.90
  599.19,   476.13,   476.01
  598.70,   473.91,   600.99
  598.21,   471.68,   725.97
  598.05,   601.11,   478.23
  597.56,   598.88,   603.21
  597.07,   596.66,   728.19
  596.90,   726.08,   480.45
  596.41,   723.86,   605.43
  595.92,   721.63,   730.41
  724.18,   477.27,   476.52
  723.69,   475.04,   601.50
  723.20,   472.82,   726.48
  723.04,   602.24,   478.74
  722.55,   600.02,   603.72
  722.06,   597.79,   728.70
  721.90,   727.22,   480.96
  721.41,   724.99,   605.94
  720.92,   722.77,   730.92
  474.86,   474.04,   601.81
  475.52,   472.77,   726.80
  476.18,   471.49,   851.79
  473.12,   599.03,   603.10
  473.78,   597.75,   728.09
  474.45,   596.47,   853.08
  471.39,   724.01,   604.39
  472.05,   722.73,   729.38
  472.71,   721.45,   854.37
  599.84,   475.79,   601.16
  600.51,   474.51,   726.16
  601.17,   473.23,   851.15
  598.11,   600.77,   602.45
  598.77,   599.49,   727.44
  599.43,   598.21,   852.44
  596.37,   725.75,   603.74
  597.04,   724.47,   728.73
  597.70,   723.19,   853.72
  724.83,   477.53,   600.52
  725.49,   476.25,   725.51
  726.16,   474.97,   850.50
  723.09,   602.51,   601.81
  723.76,   601.23,   726.80
  724.42,   599.95,   851.79
  721.36,   727.49,   603.09
  722.02,   726.21,   728.08
  722.69,   724.93,   853.08
  474.85,   601.74,   101.39
  473.56,   599.55,   226.36
  472.27,   597.35,   351.34
  471.10,   726.67,   103.54
  469.81,   724.47,   228.52
  468.51,   722.28,   353.49
  467.35,   851.59,   105.70
  466.06,   849.40,   230.67
  464.76,   847.20,   355.65
  599.79,   605.47,   102.75
  598.50,   603.28,   227.72
  597.20,   601.08,   352.70
  596.04,   730.39,   104.90
  594.74,   728.20,   229.88
  593.45,   726.01,   354.85
  592.29,   855.32,   107.06
  590.99,   853.13,   232.03
  589.70,   850.93,   357.01
  724.73,   609.20,   104.11
  723.43,   607.00,   229.08
  722.14,   604.81,   354.05
  720.97,   734.12,   106.26
  719.68,   731.93,   231.24
  718.39,   729.74,   356.21
  717.22,   859.05,   108.42
  715.93,   856.85,   233.39
  714.64,   854.66,   358.36
  476.36,   598.88,   225.34
  474.80,   595.42,   350.29
  473.24,   591.96,   475.23
  479.32,   723.80,   228.84
  477.77,   720.34,   353.78
  476.21,   716.87,   478.73
  482.29,   848.71,   232.34
  480.73,   845.25,   357.28
  479.17,   841.79,   482.22
  601.31,   595.87,   226.82
  599.75,   592.41,   351.76
  598.19,   588.95,   476.70
  604.28,   720.79,   230.32
  602.72,   717.33,   355.26
  601.16,   713.86,   480.20
  607.25,   845.70,   233.82
  605.69,   842.24,   358.76
  604.13,   838.78,   483.70
  726.27,   592.86,   228.30
  724.71,   589.40,   353.24
  723.15,   585.94,   478.18
  729.23,   717.78,   231.79
  727.68,   714.32,   356.74
  726.12,   710.86,   481.68
  732.20,   842.69,   235.29
  730.64,   839.23,   360.23
  729.08,   835.77,   485.18
  475.87,   600.80,   351.68
  474.88,   602.51,   476.66
  473.89,   604.23,   601.65
  475.67,   725.79,   349.96
  474.68,   727.50,   474.95
  473.69,   729.21,   599.93
  475.46,   850.77,   348.25
  474.48,   852.49,   473.23
  473.49,   854.20,   598.22
  600.86,   601.01,   352.67
  599.87,   602.73,   477.65
  598.89,   604.44,   602.63
  600.66,   726.00,   350.95
  599.67,   727.71,   475.93
  598.69,   729.43,   600.92
  600.46,   850.99,   349.23
  599.47,   852.70,   474.22
  598.48,   854.42,   599.20
  725.86,   601.23,   353.65
  724.87,   602.94,   478.63
  723.88,   604.66,   603.62
  725.66,   726.22,   351.93
  724.67,   727.93,   476.92
  723.68,   729.64,   601.90
  725.46,   851.20,   350.22
  724.47,   852.92,   475.20
  723.48,   854.63,   600.19
  473.88,   600.13,   475.74
  472.14,   598.81,   600.72
  470.39,   597.49,   725.70
  476.07,   725.10,   477.09
  474.32,   723.78,   602.07
  472.57,   722.46,   727.05
  478.25,   850.08,   478.44
  476.51,   848.75,   603.42
  474.76,   847.43,   728.41
  598.85,   597.93,   477.47
  597.10,   596.60,   602.45
  595.36,   595.28,   727.43
  601.04,   722.90,   478.82
  599.29,   721.58,   603.80
  597.54,   720.26,   728.78
  603.22,   847.87,   480.17
  601.47,   846.55,   605.15
  599.73,   845.23,   730.13
  723.82,   595.72,   479.19
  722.07,   594.40,   604.17
  720.32,   593.08,   729.15
  726.01,   720.70,   480.54
  724.26,   719.37,   605.52
  722.51,   718.05,   730.50
  728.19,   845.67,   481.89
  726.44,   844.35,   606.88
  724.69,   843.03,   731.86
  474.06,   601.13,   600.35
  476.00,   598.15,   725.30
  477.94,   595.18,   850.25
  475.42,   726.09,   603.31
  477.36,   723.11,   728.25
  479.31,   720.13,   853.20
  476.78,   851.05,   606.26
  478.72,   848.07,   731.21
  480.67,   845.09,   856.16
  599.03,   599.82,   598.37
  600.98,   596.84,   723.32
  602.92,   593.86,   848.27
  600.40,   724.78,   601.33
  602.34,   721.80,   726.28
  604.28,   718.82,   851.23
  601.76,   849.73,   604.29
  603.70,   846.75,   729.24
  605.64,   843.78,   854.19
  724.01,   598.50,   596.40
  725.96,   595.52,   721.35
  727.90,   592.55,   846.30
  725.37,   723.46,   599.35
  727.32,   720.48,   724.30
  729.26,   717.50,   849.25
  726.73,   848.42,   602.31
  728.68,   845.44,   727.26
  730.62,   842.46,   852.21
  600.21,   100.11,   101.60
  603.23,   103.05,   226.53
  606.24,   105.99,   351.46
  603.05,   225.04,   98.59
  606.06,   227.98,   223.52
  609.08,   230.92,   348.45
  605.88,   349.97,   95.58
  608.89,   352.91,   220.51
  611.91,   355.85,   345.44
  725.15,   97.20,   98.65
  728.16,   100.14,   223.58
  731.17,   103.08,   348.51
  727.98,   222.14,   95.65
  730.99,   225.08,   220.57
  734.01,   228.01,   345.50
  730.81,   347.07,   92.64
  733.83,   350.01,   217.57
  736.84,   352.95,   342.50
  850.08,   94.30,   95.71
  853.09,   97.24,   220.64
  856.11,   100.18,   345.57
  852.91,   219.23,   92.70
  855.92,   222.17,   217.63
  858.94,   225.11,   342.56
  855.74,   344.16,   89.69
  858.76,   347.10,   214.62
  861.77,   350.04,   339.55
  601.32,   98.22,   225.85
  599.97,   96.08,   350.83
  598.62,   93.94,   475.80
  600.34,   223.20,   227.98
  598.99,   221.06,   352.96
  597.63,   218.92,   477.93
  599.35,   348.18,   230.11
  598.00,   346.04,   355.09
  596.65,   343.90,   480.06
  726.31,   99.19,   227.22
  724.96,   97.04,   352.20
  723.61,   94.90,   477.17
  725.33,   224.16,   229.35
  723.97,   222.02,   354.33
  722.62,   219.88,   479.30
  724.34,   349.14,   231.48
  722.99,   347.00,   356.46
  721.64,   344.86,   481.43
  851.30,   100.15,   228.59
  849.95,   98.01,   353.57
  848.60,   95.86,   478.54
  850.32,   225.12,   230.72
  848.96,   222.98,   355.70
  847.61,   220.84,   480.67
  849.33,   350.10,   232.85
  847.98,   347.96,   357.83
  846.63,   345.82,   482.80
  599.18,   98.29,   349.40
  598.12,   97.17,   474.39
  597.06,   96.05,   599.38
  600.63,   223.28,   350.53
  599.58,   222.16,   475.52
  598.52,   221.03,   600.51
  602.09,   348.26,   351.66
  601.04,   347.14,   476.65
  599.98,   346.02,   601.64
  724.16,   96.82,   350.44
  723.11,   95.70,   475.43
  722.05,   94.58,   600.42
  725.62,   221.81,   351.57
  724.57,   220.69,   476.56
  723.51,   219.57,   601.55
  727.08,   346.80,   352.71
  726.02,   345.67,   477.70
  724.97,   344.55,   602.69
  849.15,   95.35,   351.48
  848.09,   94.23,   476.47
  847.04,   93.11,   601.46
  850.61,   220.34,   352.62
  849.55,   219.22,   477.61
  848.50,   218.10,   602.60
  852.07,   345.33,   353.75
  851.01,   344.21,   478.74
  849.95,   343.08,   603.73
  599.72,   100.90,   473.40
  597.68,   100.56,   598.38
  595.64,   100.22,   723.36
  596.96,   225.87,   473.69
  594.92,   225.53,   598.68
  592.88,   225.18,   723.66
  594.21,   350.84,   473.99
  592.17,   350.50,   598.97
  590.13,   350.15,   723.96
  724.67,   103.65,   475.44
  722.63,   103.31,   600.43
  720.59,   102.96,   725.41
  721.92,   228.62,   475.74
  719.88,   228.28,   600.72
  717.84,   227.93,   725.71
  719.16,   353.59,   476.04
  717.12,   353.25,   601.02
  715.08,   352.90,   726.00
  849.62,   106.40,   477.49
  847.58,   106.06,   602.47
  845.54,   105.71,   727.46
  846.87,   231.37,   477.79
  844.83,   231.03,   602.77
  842.79,   230.68,   727.75
  844.11,   356.34,   478.09
  842.07,   356.00,   603.07
  840.03,   355.65,   728.05
  598.62,   101.35,   600.25
  601.87,   104.24,   725.18
  605.13,   107.13,   850.10
  595.14,   226.27,   597.45
  598.39,   229.16,   722.37
  601.65,   232.05,   847.30
  591.65,   351.19,   594.65
  594.91,   354.08,   719.57
  598.16,   356.97,   844.50
  723.53,   104.76,   596.92
  726.78,   107.65,   721.84
  730.04,   110.54,   846.77
  720.04,   229.68,   594.12
  723.30,   232.57,   719.04
  726.56,   235.46,   843.96
  716.56,   354.60,   591.31
  719.82,   357.49,   716.24
  723.07,   360.38,   841.16
  848.44,   108.16,   593.58
  851.69,   111.06,   718.51
  854.95,   113.95,   843.43
  844.95,   233.08,   590.78
  848.21,   235.98,   715.71
  851.47,   238.87,   840.63
  841.47,   358.00,   587.98
  844.73,   360.90,   712.90
  847.98,   363.79,   837.83
  600.45,   224.39,   101.61
  603.64,   225.91,   226.56
  606.83,   227.44,   351.51
  598.95,   349.37,   100.12
  602.13,   350.90,   225.07
  605.32,   352.42,   350.02
  597.44,   474.35,   98.63
  600.63,   475.88,   223.58
  603.82,   477.41,   348.53
  725.40,   225.85,   98.40
  728.59,   227.38,   223.35
  731.78,   228.91,   348.30
  723.90,   350.83,   96.92
  727.08,   352.36,   221.87
  730.27,   353.89,   346.82
  722.39,   475.82,   95.43
  725.58,   477.34,   220.38
  728.77,   478.87,   345.33
  850.35,   227.32,   95.20
  853.54,   228.84,   220.15
  856.73,   230.37,   345.10
  848.85,   352.30,   93.71
  852.03,   353.82,   218.66
  855.22,   355.35,   343.61
  847.34,   477.28,   92.22
  850.53,   478.81,   217.17
  853.72,   480.33,   342.12
  599.67,   223.71,   225.54
  598.61,   225.55,   350.52
  597.54,   227.39,   475.50
  598.67,   348.69,   223.69
  597.61,   350.53,   348.67
  596.55,   352.37,   473.65
  597.68,   473.67,   221.84
  596.62,   475.51,   346.82
  595.55,   477.35,   471.80
  724.66,   224.72,   226.59
  723.60,   226.56,   351.57
  722.54,   228.40,   476.55
  723.67,   349.70,   224.74
  722.60,   351.54,   349.72
  721.54,   353.38,   474.70
  722.67,   474.68,   222.89
  721.61,   476.52,   347.87
  720.55,   478.36,   472.85
  849.65,   225.73,   227.63
  848.59,   227.57,   352.61
  847.53,   229.41,   477.60
  848.66,   350.71,   225.78
  847.59,   352.55,   350.77
  846.53,   354.39,   475.75
  847.66,   475.69,   223.93
  846.60,   477.53,   348.92
  845.54,   479.37,   473.90
  598.24,   224.99,   348.08
  598.53,   225.49,   473.08
  598.81,   225.99,   598.08
  600.84,   349.96,   347.58
  601.12,   350.46,   472.58
  601.41,   350.96,   597.57
  603.44,   474.93,   347.07
  603.72,   475.44,   472.07
  604.01,   475.94,   597.07
  723.21,   222.39,   347.81
  723.50,   222.89,   472.81
  723.79,   223.40,   597.81
  725.81,   347.36,   347.30
  726.10,   347.87,   472.30
  726.38,   348.37,   597.30
  728.41,   472.34,   346.79
  728.69,   472.84,   471.79
  728.98,   473.34,   596.79
  848.19,   219.79,   347.53
  848.47,   220.30,   472.53
  848.76,   220.80,   597.53
  850.78,   344.77,   347.03
  851.07,   345.27,   472.02
  851.36,   345.77,   597.02
  853.38,   469.74,   346.52
  853.67,   470.24,   471.52
  853.95,   470.74,   596.52
  601.89,   225.30,   474.12
  605.05,   222.69,   599.06
  608.21,   220.08,   723.99
  603.68,   350.26,   476.69
  606.84,   347.65,   601.62
  610.00,   345.04,   726.56
  605.47,   475.22,   479.26
  608.63,   472.61,   604.19
  611.79,   470.00,   729.12
  726.84,   223.57,   470.93
  730.00,   220.96,   595.86
  733.15,   218.35,   720.79
  728.63,   348.53,   473.50
  731.79,   345.92,   598.43
  734.95,   343.31,   723.36
  730.42,   473.50,   476.06
  733.58,   470.88,   601.00
  736.74,   468.27,   725.93
  851.78,   221.85,   467.73
  854.94,   219.24,   592.67
  858.10,   216.62,   717.60
  853.58,   346.81,   470.30
  856.73,   344.20,   595.23
  859.89,   341.58,   720.17
  855.37,   471.77,   472.87
  858.53,   469.16,   597.80
  861.69,   466.54,   722.73
  598.95,   224.14,   598.36
  595.54,   220.96,   723.27
  592.14,   217.77,   848.19
  601.65,   349.07,   601.62
  598.25,   345.89,   726.53
  594.84,   342.70,   851.45
  604.36,   474.00,   604.88
  600.95,   470.81,   729.79
  597.55,   467.63,   854.71
  723.87,   221.35,   601.69
  720.47,   218.17,   726.61
  717.06,   214.98,   851.52
  726.58,   346.28,   604.95
  723.17,   343.09,   729.87
  719.77,   339.91,   854.78
  729.28,   471.21,   608.21
  725.88,   468.02,   733.13
  722.47,   464.84,   858.04
  848.80,   218.56,   605.03
  845.39,   215.37,   729.94
  841.99,   212.19,   854.86
  851.50,   343.49,   608.29
  848.10,   340.30,   733.20
  844.69,   337.12,   858.12
  854.21,   468.42,   611.55
  850.80,   465.23,   736.46
  847.40,   462.04,   861.37
  599.09,   348.55,   98.79
  597.42,   346.70,   223.76
  595.75,   344.84,   348.74
  600.66,   473.53,   100.66
  598.98,   471.68,   225.64
  597.31,   469.82,   350.61
  602.22,   598.51,   102.54
  600.55,   596.65,   227.51
  598.88,   594.80,   352.49
  724.07,   346.96,   100.43
  722.40,   345.11,   225.41
  720.72,   343.25,   350.38
  725.63,   471.94,   102.31
  723.96,   470.08,   227.28
  722.29,   468.23,   352.26
  727.20,   596.92,   104.19
  725.53,   595.06,   229.16
  723.86,   593.21,   354.14
  849.05,   345.37,   102.08
  847.38,   343.52,   227.06
  845.70,   341.66,   352.03
  850.61,   470.35,   103.96
  848.94,   468.49,   228.93
  847.27,   466.64,   353.91
  852.18,   595.32,   105.83
  850.51,   593.47,   230.81
  848.84,   591.62,   355.78
  598.58,   350.81,   223.72
  599.97,   353.19,   348.69
  601.36,   355.57,   473.66
  597.82,   475.78,   221.35
  599.21,   478.16,   346.32
  600.60,   480.54,   471.29
  597.05,   600.76,   218.98
  598.44,   603.14,   343.95
  599.83,   605.52,   468.92
  723.57,   351.54,   222.32
  724.96,   353.92,   347.29
  726.35,   356.30,   472.26
  722.81,   476.52,   219.95
  724.20,   478.90,   344.92
  725.59,   481.28,   469.89
  722.04,   601.49,   217.58
  723.43,   603.87,   342.55
  724.82,   606.25,   467.52
  848.56,   352.28,   220.92
  849.95,   354.66,   345.89
  851.34,   357.04,   470.85
  847.80,   477.25,   218.54
  849.19,   479.63,   343.51
  850.58,   482.01,   468.48
  847.03,   602.23,   216.17
  848.42,   604.61,   341.14
  849.81,   606.99,   466.11
  601.85,   348.81,   350.71
  598.42,   347.65,   475.66
  595.00,   346.49,   600.61
  599.76,   473.79,   351.81
  596.34,   472.63,   476.76
  592.91,   471.47,   601.71
  597.68,   598.77,   352.92
  594.25,   597.61,   477.86
  590.82,   596.45,   602.81
  726.79,   350.87,   354.16
  723.36,   349.71,   479.10
  719.93,   348.55,   604.05
  724.70,   475.84,   355.26
  721.27,   474.69,   480.21
  717.85,   473.53,   605.15
  722.61,   600.82,   356.36
  719.19,   599.66,   481.31
  715.76,   598.50,   606.26
  851.72,   352.92,   357.60
  848.30,   351.76,   482.55
  844.87,   350.60,   607.50
  849.63,   477.90,   358.70
  846.21,   476.74,   483.65
  842.78,   475.58,   608.60
  847.55,   602.88,   359.81
  844.12,   601.72,   484.75
  840.69,   600.56,   609.70
  601.64,   351.48,   473.83
  600.68,   353.04,   598.82
  599.73,   354.59,   723.81
  602.31,   476.47,   472.28
  601.36,   478.03,   597.27
  600.41,   479.58,   722.26
  602.99,   601.46,   470.74
  602.04,   603.01,   595.72
  601.08,   604.57,   720.71
  726.63,   350.82,   474.79
  725.68,   352.37,   599.78
  724.72,   353.92,   724.77
  727.31,   475.81,   473.25
  726.35,   477.36,   598.23
  725.40,   478.91,   723.22
  727.99,   600.79,   471.70
  727.03,   602.35,   596.68
  726.08,   603.90,   721.67
  851.62,   350.15,   475.76
  850.67,   351.70,   600.74
  849.72,   353.26,   725.73
  852.30,   475.14,   474.21
  851.35,   476.69,   599.20
  850.39,   478.25,   724.18
  852.98,   600.13,   472.66
  852.03,   601.68,   597.65
  851.07,   603.23,   722.63
  599.34,   351.16,   598.23
  602.74,   352.15,   723.18
  606.13,   353.13,   848.13
  596.77,   476.13,   597.31
  600.17,   477.12,   722.26
  603.57,   478.11,   847.21
  594.20,   601.10,   596.40
  597.60,   602.09,   721.35
  601.00,   603.08,   846.30
  724.26,   353.70,   594.81
  727.66,   354.69,   719.76
  731.06,   355.68,   844.71
  721.70,   478.68,   593.89
  725.09,   479.66,   718.84
  728.49,   480.65,   843.79
  719.13,   603.65,   592.98
  722.53,   604.63,   717.93
  725.93,   605.62,   842.88
  849.19,   356.25,   591.39
  852.59,   357.23,   716.34
  855.99,   358.22,   841.29
  846.62,   481.22,   590.48
  850.02,   482.20,   715.43
  853.42,   483.19,   840.38
  844.05,   606.19,   589.56
  847.45,   607.17,   714.51
  850.85,   608.16,   839.46
  599.92,   475.62,   98.57
  599.23,   472.47,   223.53
  598.53,   469.33,   348.49
  602.79,   600.55,   101.73
  602.10,   597.40,   226.69
  601.40,   594.26,   351.65
  605.66,   725.47,   104.89
  604.97,   722.33,   229.85
  604.27,   719.18,   354.81
  724.89,   472.73,   99.20
  724.19,   469.59,   224.16
  723.49,   466.44,   349.11
  727.76,   597.66,   102.36
  727.06,   594.52,   227.31
  726.36,   591.37,   352.27
  730.63,   722.59,   105.52
  729.93,   719.44,   230.47
  729.23,   716.30,   355.43
  849.85,   469.85,   99.82
  849.16,   466.70,   224.78
  848.46,   463.56,   349.74
  852.72,   594.77,   102.98
  852.03,   591.63,   227.94
  851.33,   588.48,   352.90
  855.59,   719.70,   106.14
  854.90,   716.56,   231.10
  854.20,   713.41,   356.06
  598.50,   473.64,   225.00
  598.25,   472.29,   349.99
  598.00,   470.94,   474.99
  601.77,   598.59,   226.36
  601.52,   597.24,   351.35
  601.27,   595.89,   476.34
  605.05,   723.54,   227.71
  604.79,   722.19,   352.71
  604.54,   720.84,   477.70
  723.46,   470.37,   225.22
  723.21,   469.02,   350.21
  722.96,   467.67,   475.20
  726.73,   595.32,   226.57
  726.48,   593.97,   351.57
  726.23,   592.62,   476.56
  730.00,   720.27,   227.93
  729.75,   718.92,   352.92
  729.50,   717.57,   477.92
  848.42,   467.09,   225.43
  848.17,   465.74,   350.43
  847.91,   464.39,   475.42
  851.69,   592.04,   226.79
  851.44,   590.69,   351.78
  851.19,   589.34,   476.78
  854.96,   716.99,   228.15
  854.71,   715.64,   353.14
  854.46,   714.29,   478.13
  601.18,   473.68,   350.72
  602.77,   470.62,   475.68
  604.36,   467.57,   600.63
  600.80,   598.64,   353.78
  602.39,   595.59,   478.73
  603.97,   592.54,   603.68
  600.41,   723.60,   356.83
  602.00,   720.55,   481.79
  603.59,   717.50,   606.74
  726.17,   474.10,   349.14
  727.76,   471.05,   474.10
  729.35,   468.00,   599.05
  725.79,   599.06,   352.20
  727.37,   596.01,   477.15
  728.96,   592.96,   602.10
  725.40,   724.03,   355.26
  726.99,   720.98,   480.21
  728.58,   717.92,   605.16
  851.16,   474.53,   347.56
  852.75,   471.48,   472.52
  854.34,   468.43,   597.47
  850.77,   599.49,   350.62
  852.36,   596.44,   475.57
  853.95,   593.39,   600.53
  850.39,   724.45,   353.68
  851.98,   721.40,   478.63
  853.57,   718.35,   603.58
  600.89,   475.70,   473.40
  600.15,   475.35,   598.40
  599.40,   475.00,   723.40
  602.45,   600.68,   473.76
  601.70,   600.34,   598.76
  600.96,   599.99,   723.75
  604.01,   725.67,   474.12
  603.26,   725.33,   599.11
  602.52,   724.98,   724.11
  725.88,   474.14,   474.14
  725.13,   473.79,   599.14
  724.39,   473.44,   724.14
  727.44,   599.12,   474.50
  726.69,   598.78,   599.50
  725.95,   598.43,   724.49
  728.99,   724.11,   474.85
  728.25,   723.77,   599.85
  727.51,   723.42,   724.85
  850.87,   472.57,   474.88
  850.12,   472.23,   599.88
  849.38,   471.88,   724.88
  852.42,   597.56,   475.24
  851.68,   597.22,   600.24
  850.94,   596.87,   725.23
  853.98,   722.55,   475.59
  853.24,   722.21,   600.59
  852.49,   721.86,   725.59
  599.08,   473.75,   601.17
  596.18,   474.50,   726.13
  593.27,   475.24,   851.10
  597.00,   598.73,   600.38
  594.09,   599.48,   725.34
  591.19,   600.22,   850.31
  594.92,   723.72,   599.58
  592.01,   724.46,   724.55
  589.11,   725.21,   849.51
  724.03,   475.85,   604.06
  721.12,   476.60,   729.03
  718.22,   477.34,   853.99
  721.95,   600.83,   603.27
  719.04,   601.58,   728.23
  716.14,   602.32,   853.20
  719.87,   725.82,   602.48
  716.96,   726.56,   727.44
  714.05,   727.30,   852.41
  848.98,   477.95,   606.96
  846.07,   478.70,   731.92
  843.17,   479.44,   856.89
  846.90,   602.93,   606.16
  843.99,   603.68,   731.13
  841.09,   604.42,   856.09
  844.82,   727.91,   605.37
  841.91,   728.66,   730.33
  839.00,   729.40,   855.30
  600.11,   600.75,   100.11
  596.55,   603.33,   225.03
  593.00,   605.91,   349.95
  600.46,   725.72,   97.53
  596.90,   728.30,   222.46
  593.35,   730.88,   347.38
  600.81,   850.70,   94.96
  597.25,   853.28,   219.89
  593.70,   855.86,   344.81
  725.06,   600.47,   103.67
  721.50,   603.05,   228.59
  717.95,   605.63,   353.51
  725.41,   725.45,   101.10
  721.85,   728.03,   226.02
  718.30,   730.61,   350.94
  725.76,   850.42,   98.52
  722.20,   853.00,   223.45
  718.65,   855.58,   348.37
  850.00,   600.20,   107.23
  846.45,   602.78,   232.15
  842.89,   605.36,   357.07
  850.35,   725.17,   104.66
  846.80,   727.75,   229.58
  843.24,   730.33,   354.50
  850.70,   850.14,   102.08
  847.15,   852.72,   227.01
  843.60,   855.30,   351.93
  599.16,   600.75,   226.22
  599.27,   602.47,   351.21
  599.38,   604.18,   476.20
  601.45,   725.72,   224.51
  601.56,   727.43,   349.49
  601.67,   729.15,   474.48
  603.73,   850.68,   222.79
  603.84,   852.40,   347.78
  603.96,   854.12,   472.76
  724.14,   598.46,   226.14
  724.25,   600.18,   351.13
  724.36,   601.89,   476.12
  726.42,   723.43,   224.43
  726.54,   725.14,   349.41
  726.65,   726.86,   474.40
  728.71,   848.39,   222.71
  728.82,   850.11,   347.70
  728.94,   851.83,   472.68
  849.11,   596.17,   226.06
  849.23,   597.89,   351.05
  849.34,   599.60,   476.04
  851.40,   721.14,   224.35
  851.51,   722.85,   349.33
  851.63,   724.57,   474.32
  853.69,   846.10,   222.63
  853.80,   847.82,   347.62
  853.91,   849.54,   472.60
  600.34,   600.79,   348.16
  599.11,   602.57,   473.14
  597.87,   604.35,   598.12
  600.46,   725.77,   346.38
  599.23,   727.56,   471.36
  597.99,   729.34,   596.34
  600.58,   850.76,   344.60
  599.35,   852.54,   469.58
  598.11,   854.32,   594.56
  725.33,   600.68,   349.40
  724.10,   602.47,   474.38
  722.87,   604.25,   599.36
  725.45,   725.67,   347.62
  724.22,   727.45,   472.60
  722.99,   729.23,   597.58
  725.58,   850.66,   345.83
  724.34,   852.44,   470.82
  723.11,   854.22,   595.80
  850.33,   600.58,   350.63
  849.09,   602.36,   475.61
  847.86,   604.14,   600.59
  850.45,   725.57,   348.85
  849.21,   727.35,   473.83
  847.98,   729.13,   598.81
  850.57,   850.55,   347.07
  849.33,   852.34,   472.05
  848.10,   854.12,   597.03
  601.28,   600.77,   473.33
  599.39,   597.94,   598.28
  597.51,   595.11,   723.23
  597.59,   725.69,   476.10
  595.71,   722.86,   601.06
  593.83,   720.02,   726.01
  593.91,   850.60,   478.88
  592.03,   847.77,   603.83
  590.14,   844.94,   728.79
  726.21,   604.41,   475.29
  724.33,   601.58,   600.25
  722.44,   598.75,   725.20
  722.52,   729.33,   478.07
  720.64,   726.50,   603.02
  718.76,   723.67,   727.98
  718.84,   854.24,   480.84
  716.96,   851.41,   605.80
  715.07,   848.58,   730.75
  851.14,   608.06,   477.26
  849.26,   605.22,   602.21
  847.37,   602.39,   727.17
  847.46,   732.97,   480.03
  845.57,   730.14,   604.99
  843.69,   727.31,   729.94
  843.77,   857.89,   482.81
  841.89,   855.05,   607.76
  840.01,   852.22,   732.72
  600.57,   601.89,   601.84
  598.59,   602.29,   726.83
  596.60,   602.70,   851.81
  600.78,   726.89,   601.44
  598.79,   727.29,   726.42
  596.81,   727.70,   851.41
  600.98,   851.88,   601.04
  599.00,   852.29,   726.02
  597.02,   852.70,   851.00
  725.55,   601.69,   603.83
  723.57,   602.09,   728.81
  721.59,   602.50,   853.79
  725.76,   726.69,   603.42
  723.78,   727.09,   728.41
  721.79,   727.50,   853.39
  725.97,   851.68,   603.02
  723.98,   852.09,   728.00
  722.00,   852.50,   852.99
  850.54,   601.49,   605.81
  848.55,   601.89,   730.79
  846.57,   602.30,   855.78
  850.74,   726.48,   605.41
  848.76,   726.89,   730.39
  846.78,   727.30,   855.37
  850.95,   851.48,   605.00
  848.97,   851.89,   729.99
  846.98,   852.30,   854.97
