200 PA4-J-Unknown-Output.txt
   13.53    22.55    32.00        13.53    22.55    32.00     0.001
    8.32    12.50    -9.80         8.32    12.51    -9.82     0.017
  -11.08     6.39   -37.38       -11.08     6.39   -37.38     0.007
  -21.48    11.24   -35.30       -21.42    10.80   -35.13     0.474
   -5.45   -19.87   -11.16        -5.27   -20.27   -10.89     0.515
   -2.79     3.33   -24.74        -2.65     3.46   -24.84     0.220
   33.36    15.93   -10.21        34.10    16.66   -10.39     1.059
  -23.86   -13.14    -5.60       -23.81   -13.05    -5.76     0.193
    0.52    -4.21    50.88        -0.28    -6.11    50.90     2.063
  -16.71     2.58    -2.55       -16.38     2.18    -2.57     0.518
   16.73    -3.86    51.21        16.90    -4.05    51.23     0.260
   22.57   -15.59    -4.11        22.14   -14.56    -4.88     1.353
  -30.33   -26.43   -13.32       -30.16   -26.24   -13.46     0.288
  -16.18   -16.75   -46.93       -16.15   -16.86   -47.35     0.431
   26.88    14.97    23.42        26.25    14.63    23.19     0.750
  -17.31    -1.55   -47.05       -17.32    -1.51   -47.15     0.103
  -42.74   -14.02   -18.16       -42.05   -13.86   -18.37     0.741
   20.63    22.07    16.67        20.96    22.71    16.79     0.730
    7.27    24.64    14.65         7.31    24.82    14.55     0.213
   34.59     4.16   -22.78        34.17     4.15   -22.54     0.481
  -41.64   -19.41   -29.63       -41.17   -19.26   -29.34     0.576
   19.77     3.46   -27.44        20.56     3.86   -27.04     0.974
   16.59    22.10    31.35        16.61    22.19    31.35     0.095
   32.65    14.42    10.18        33.16    14.81    10.47     0.700
  -10.21     8.07     3.37        -9.80     7.61     3.44     0.627
   -6.63   -25.07   -19.11        -6.25   -25.59   -18.84     0.701
   40.14     5.25    -0.60        40.09     5.25    -0.60     0.050
    3.15    20.86    50.09         3.51    19.41    49.96     1.499
  -30.51     8.93   -17.00       -30.32     7.98   -17.47     1.076
  -23.56    11.32   -34.05       -23.41    10.69   -33.84     0.684
  -25.28   -16.35    -5.65       -25.03   -16.32    -6.32     0.717
   20.69    -9.62     8.23        20.43    -8.64     7.97     1.055
   -7.90   -17.63    -6.57        -7.89   -17.56    -6.63     0.095
   14.63    16.09    62.09        14.92    16.42    62.89     0.907
   11.70    25.34     7.08        11.47    26.54     7.20     1.223
  -33.02     3.38   -40.81       -32.59     2.72   -40.29     0.939
    8.51   -12.00   -21.66         8.25   -11.81   -21.40     0.413
   11.53    -9.18    14.95        11.39    -8.69    14.77     0.537
   -7.22    17.65    37.63        -8.19    18.55    38.81     1.777
   10.43   -12.17     7.68        10.31   -11.76     7.52     0.465
    1.45    -5.75   -25.93         1.79    -5.58   -26.37     0.582
   15.10    -0.44    62.76        15.10    -0.44    62.98     0.222
   -0.68   -10.46   -29.03         0.24   -10.25   -29.67     1.134
   23.13     5.09    52.04        22.20     5.25    51.90     0.958
   -0.87    -2.89   -26.94        -0.54    -2.78   -27.33     0.522
  -32.01   -29.02   -30.52       -32.16   -29.24   -30.55     0.275
  -23.25   -18.55   -46.69       -23.24   -18.80   -47.34     0.691
    1.61    19.67    52.31         1.90    18.67    52.14     1.060
   40.52     1.30    -1.28        39.47     2.07    -1.44     1.315
   -7.50    10.12     3.98        -7.47    10.09     3.99     0.044
  -17.05     0.72   -45.84       -17.06     0.78   -45.92     0.106
    3.27    20.99    47.01         3.54    19.73    46.84     1.299
  -25.38    10.48   -35.42       -25.07     9.75   -35.14     0.836
    1.80    -4.78    54.25         1.07    -6.81    54.10     2.167
  -14.66    19.35    21.66       -15.11    19.59    21.45     0.552
   -9.15    -0.90    20.14        -9.35    -0.93    20.18     0.199
   -7.62   -25.10   -33.51        -6.84   -25.94   -34.17     1.320
   -4.72    -4.17    30.30        -5.81    -4.72    30.84     1.336
   18.73    20.04   -28.63        18.89    20.22   -28.88     0.346
  -39.90     0.29   -35.52       -39.25    -0.15   -35.23     0.841
   11.06   -18.51    -7.30        11.75   -16.83    -7.17     1.815
  -21.77     8.72   -38.58       -21.75     8.38   -38.38     0.396
   15.10    -5.22    42.30        15.22    -5.57    42.32     0.370
    9.43   -14.89     2.94         9.44   -13.98     2.59     0.975
   -6.19     7.01    50.05        -6.93     7.15    50.05     0.751
  -27.88   -19.98    -6.67       -27.85   -19.97    -7.17     0.498
  -27.83    -8.99    -6.25       -27.89    -9.33    -7.18     0.989
   -8.50    25.47    19.80        -8.45    24.04    20.32     1.524
   -3.76    -3.18    36.58        -4.79    -4.13    36.59     1.399
   25.62    16.86    23.43        25.16    16.60    23.31     0.544
    7.77   -14.51   -18.97         7.64   -14.22   -18.79     0.358
   36.16    -5.86   -16.37        34.98    -5.05   -16.12     1.454
   19.75    -1.94   -24.91        20.26    -1.84   -23.96     1.082
  -43.32   -11.42   -27.73       -43.04   -11.29   -27.55     0.351
   34.91    10.94   -17.48        35.07    11.01   -17.54     0.183
   27.40   -15.06   -14.66        26.28   -13.50   -14.81     1.932
   16.10   -17.75   -15.52        16.60   -15.80   -14.56     2.233
   38.44     1.15     7.96        38.32     1.19     7.91     0.138
  -27.05     7.74   -39.12       -26.80     7.11   -38.66     0.826
   28.60     7.88    23.87        28.16     7.82    23.73     0.469
  -40.29   -16.89   -37.49       -39.40   -16.66   -37.31     0.933
  -15.07    11.37   -22.44       -15.12    11.14   -22.49     0.239
   29.95    -6.68   -26.41        30.00    -5.64   -25.41     1.440
  -28.43   -25.29   -10.97       -28.40   -25.27   -11.01     0.049
   -5.91   -23.47   -17.21        -5.55   -24.02   -16.93     0.714
   -0.84    -3.12    56.43        -2.72    -4.94    56.45     2.621
   29.51    -8.54   -26.25        28.96    -7.26   -24.11     2.558
   16.66    20.09   -28.92        16.96    20.55   -29.60     0.864
  -33.58   -16.04    -7.86       -33.51   -15.99    -8.18     0.327
   35.69    -5.55     8.21        34.64    -4.46     7.87     1.543
   16.38   -18.85   -12.60        16.73   -16.90   -12.02     2.070
  -34.00   -27.79   -31.58       -34.05   -27.86   -31.58     0.095
   17.11    21.99    33.47        17.04    21.83    33.45     0.180
   -4.09    18.13    10.88        -4.11    18.16    10.86     0.037
    5.75     6.01   -16.76         5.79     6.13   -16.88     0.177
   35.29    13.23    -4.99        36.13    13.84    -5.02     1.039
    5.94    -7.61    22.37         6.07    -8.12    22.44     0.523
  -30.79   -19.58    -7.37       -30.48   -19.44    -7.98     0.705
   11.18    23.99    16.71        11.21    24.63    16.79     0.641
  -23.61     8.89   -16.55       -23.73     8.45   -17.29     0.872
   24.32     3.36   -31.04        24.43     3.70   -29.91     1.185
  -40.00   -18.38   -36.21       -39.30   -18.19   -35.99     0.754
    2.60    24.90    21.67         2.58    23.93    21.42     1.008
   26.28   -11.10     3.95        26.21    -9.20     3.29     2.015
  -34.97     3.63   -13.28       -34.38     2.60   -13.99     1.382
   -4.37    26.92    26.71        -4.81    24.75    26.71     2.217
   29.91     5.33    20.91        29.50     5.37    20.75     0.439
   18.44    21.00    40.73        17.75    20.35    40.48     0.976
  -12.91    19.08    31.76       -14.43    19.63    32.29     1.705
    1.54   -16.70   -23.21         2.17   -17.12   -23.54     0.830
   -4.58     0.85    56.29        -6.07     0.33    56.29     1.576
   -4.01   -19.31   -35.94        -3.05   -19.96   -36.55     1.310
   27.02   -13.61    -3.26        26.32   -12.07    -3.95     1.820
   20.04    22.73   -19.96        21.08    24.90   -19.92     2.412
   13.84   -14.60   -18.04        14.12   -13.45   -17.09     1.524
   -0.28    25.15    28.25        -0.52    23.81    27.95     1.391
   31.85    -9.42   -22.85        30.62    -8.02   -21.82     2.133
   -2.45   -20.00   -32.90        -1.67   -20.72   -33.21     1.105
   21.62     3.45    55.26        21.35     3.50    55.23     0.275
  -11.43     9.58   -28.64       -11.56     9.10   -28.64     0.495
  -12.70     7.78   -37.54       -13.00     7.94   -37.31     0.408
   23.13    22.49   -19.00        24.08    24.00   -19.42     1.835
   -1.90     3.53   -23.93        -1.73     3.50   -24.33     0.440
   12.16     9.18    62.23        12.15     9.12    63.07     0.836
   -2.98    18.00     9.80        -3.08    18.08     9.71     0.159
   -7.73   -21.48   -38.92        -6.92   -22.11   -39.60     1.233
   21.52     1.00    50.33        21.35     1.36    50.62     0.494
    5.14    22.56    35.18         5.10    21.49    35.25     1.074
    5.94     6.82    62.84         5.99     6.80    63.22     0.388
    1.06    25.01    27.17         0.94    23.61    27.03     1.406
  -31.18   -19.17    -7.46       -30.86   -19.03    -8.09     0.716
   32.86    16.67   -13.40        33.31    17.03   -13.60     0.613
  -26.96    -3.37    -8.30       -26.49    -3.96    -9.17     1.147
   -3.31    -8.85   -37.37        -2.05    -8.43   -37.64     1.356
   14.34    12.44   -23.44        14.45    12.55   -23.47     0.165
   11.26    18.13   -10.94        10.78    17.92   -11.24     0.604
   19.29    20.78    39.07        18.28    20.34    39.11     1.103
   31.85    -9.68     1.05        30.82    -8.25     0.82     1.781
   13.34   -18.57   -11.28        13.88   -16.73   -10.57     2.048
    6.69    -5.74    42.27         6.78    -6.80    42.26     1.064
  -42.35    -5.63   -15.86       -41.33    -5.63   -16.64     1.280
  -42.55   -13.66   -30.13       -41.45   -14.07   -29.48     1.340
   -8.01     6.02   -31.30        -8.02     6.01   -31.30     0.009
   -5.46     1.72    42.06        -6.48     1.56    42.06     1.034
   24.32   -16.21    -9.64        23.41   -15.14    -9.82     1.420
   -3.53    14.75    52.80        -3.64    14.85    52.80     0.153
   -2.71    -9.30   -35.83        -1.55    -9.38   -36.05     1.192
    3.83    -7.85    22.78         3.94    -8.52    22.87     0.689
   12.86    24.18    17.88        12.87    24.41    17.92     0.240
    9.85    24.89     3.10         9.37    26.23     3.36     1.445
    9.02    -5.32    62.65         9.04    -5.32    63.41     0.764
   34.53    10.92   -18.93        34.67    10.97   -18.97     0.150
   22.98    22.07    13.85        23.20    22.47    14.00     0.476
  -33.87   -27.30   -19.58       -33.92   -27.36   -19.56     0.087
  -41.77     1.61   -28.64       -40.63     0.82   -28.60     1.383
  -21.03   -27.06   -40.09       -21.16   -27.70   -40.62     0.836
   -1.74    -9.75   -31.10        -0.90    -9.29   -31.55     1.058
   30.25     6.96    19.82        29.91     6.92    19.64     0.388
  -30.39   -21.42   -43.79       -30.53   -21.56   -43.98     0.273
   10.80    19.47    -9.65         9.68    19.72   -10.17     1.258
  -10.95   -24.86   -14.20       -10.68   -25.46   -13.81     0.760
   12.11     7.29    62.29        12.10     7.25    62.95     0.658
   -1.03    -7.78    23.65        -1.04    -8.92    23.88     1.158
   38.40    -0.88     7.84        37.74    -0.61     7.58     0.758
   -8.89   -25.05   -16.37        -8.46   -25.55   -15.91     0.804
  -38.74   -17.86   -13.17       -38.20   -17.60   -13.53     0.693
  -34.49   -14.85    -8.19       -34.48   -14.85    -8.21     0.017
    9.01    -9.04    15.78         8.99    -9.00    15.76     0.047
  -12.76     6.36    -7.87       -12.53     5.91    -7.94     0.515
  -15.74   -29.69   -33.85       -15.44   -30.69   -34.37     1.157
  -14.28    18.10    28.96       -15.85    18.51    29.39     1.679
  -32.79     3.91   -40.24       -32.39     3.28   -39.75     0.894
   -4.12    14.06    57.86        -4.01    13.97    57.85     0.143
    4.74    -5.10    49.23         4.51    -7.11    49.27     2.028
   -4.57    12.28     3.91        -4.62    12.33     3.92     0.075
  -26.72   -28.55   -36.70       -26.94   -29.26   -37.01     0.800
  -26.55   -18.77    -6.10       -26.42   -18.81    -7.03     0.939
   29.92    -4.21   -27.90        30.08    -4.28   -26.16     1.744
    6.98    21.03    56.02         7.29    20.12    56.00     0.963
  -17.15   -18.16    -6.62       -17.23   -18.34    -6.22     0.446
  -11.08     7.29    -1.36       -10.77     6.73    -1.32     0.644
   -5.86   -15.51   -40.44        -4.84   -15.67   -41.26     1.316
   33.75     8.72   -23.04        33.65     8.72   -23.00     0.104
   -2.98   -21.15   -31.12        -1.77   -21.81   -31.34     1.397
   15.82   -18.55   -12.67        16.29   -16.78   -12.15     1.902
   25.80   -11.14     3.40        25.74    -9.39     2.79     1.857
  -31.26    -2.78   -45.25       -31.11    -2.90   -44.98     0.333
   15.52     1.32    62.51        15.54     1.32    62.97     0.467
  -12.37     5.48     7.07       -12.14     5.32     7.06     0.275
  -39.12     5.02   -27.39       -38.18     4.24   -27.22     1.239
  -34.70   -26.86   -20.24       -34.74   -26.92   -20.22     0.080
   28.55   -12.39    -2.36        27.58   -11.05    -2.62     1.676
   26.55   -14.60   -10.11        25.65   -13.44   -10.34     1.479
   25.93     8.04    35.10        25.03     7.99    34.93     0.909
   31.55    -1.17    15.79        31.30    -1.09    15.59     0.324
   -4.53     1.14    60.37        -5.74     0.73    60.65     1.310
   -1.68     0.17   -26.38        -1.59     0.21   -26.44     0.115
   30.01    17.20   -21.75        30.15    17.30   -21.86     0.206
   -4.96    12.86    46.13        -6.04    13.20    46.46     1.177
  -14.98   -28.16   -16.55       -14.72   -28.75   -16.20     0.734
