200 PA4-K-Unknown-Output.txt
   16.21    21.42    38.20        16.24    21.50    38.19     0.082
  -32.35     7.13   -18.35       -32.36     7.09   -18.34     0.045
  -22.93     2.52   -44.26       -22.96     2.62   -44.39     0.172
   20.25    15.73    48.85        20.02    15.55    48.82     0.288
   -2.55    -6.58   -35.05        -2.49    -6.54   -35.04     0.075
  -37.35    -0.50   -38.96       -37.38    -0.52   -38.94     0.038
  -19.75   -31.82   -34.21       -19.76   -31.73   -34.18     0.090
  -35.17     1.22   -13.17       -35.07     1.12   -13.27     0.171
   29.94    -7.53     5.26        30.02    -7.95     5.29     0.425
   37.41    11.81    -6.52        37.32    11.82    -6.53     0.095
   11.57    20.48    58.72        11.60    20.50    58.72     0.039
   21.96   -15.54   -14.51        22.01   -15.69   -14.55     0.166
   23.73    23.12   -22.27        23.71    23.20   -22.31     0.092
   -6.05   -13.48   -42.92        -5.99   -13.49   -43.02     0.113
   27.18    19.18    14.07        27.21    19.24    14.09     0.061
    0.83   -18.53   -11.35         0.85   -18.55   -11.36     0.032
    3.81    -7.52    60.88         3.82    -7.40    60.91     0.129
    4.99    20.28    43.22         4.89    20.40    43.24     0.166
    0.83   -18.53   -24.39         0.95   -18.56   -24.43     0.123
   -9.64     7.29    -5.98        -9.66     7.37    -6.01     0.083
   11.03     5.74    62.76        11.07     5.72    62.91     0.155
   23.98    24.84    -5.63        23.88    24.68    -5.71     0.213
  -27.12     9.15   -35.04       -27.18     9.25   -35.09     0.128
   -6.34     6.49    59.48        -7.05     6.49    59.48     0.702
    1.77   -18.62   -22.24         1.78   -18.61   -22.26     0.026
   -4.21   -17.09    -7.20        -4.17   -17.30    -7.09     0.242
  -28.55   -23.11   -43.70       -28.54   -23.07   -43.65     0.073
   -5.36   -23.92   -35.12        -5.27   -23.97   -35.17     0.121
   11.44    20.54    55.68        11.46    20.68    55.68     0.138
  -16.33    -9.14    -0.55       -16.31    -9.14    -0.56     0.030
   -6.30     7.91    55.61        -6.73     7.96    55.59     0.432
    6.09   -12.20     6.65         6.08   -12.40     6.63     0.208
   12.37   -10.63     8.61        12.43   -10.79     8.65     0.177
  -30.84   -20.50    -8.46       -30.78   -20.49    -8.53     0.093
   34.62    -4.55     7.75        34.64    -4.52     7.72     0.046
   15.58    11.38   -27.05        15.78    11.61   -26.95     0.325
   -2.90    -9.52    18.47        -2.89    -9.57    18.47     0.056
  -14.22    -6.01   -47.74       -14.25    -6.00   -47.72     0.033
   -7.59    24.02    30.65        -7.62    24.17    30.68     0.156
   -4.03   -11.08   -40.97        -3.97   -11.07   -41.03     0.090
  -32.50   -18.01    -8.55       -32.41   -18.01    -8.68     0.159
  -25.04     6.27   -40.45       -25.11     6.39   -40.58     0.187
    1.48   -10.34    16.08         1.49   -10.43    16.09     0.091
   -5.35    16.81    10.92        -5.24    16.77    10.91     0.121
   21.88    25.32   -15.06        21.78    25.16   -15.04     0.187
   -2.15   -22.36   -31.47        -2.10   -22.37   -31.50     0.052
   15.57    21.76    37.01        15.55    21.65    37.01     0.112
   -6.75   -27.36   -24.27        -6.62   -27.43   -24.30     0.151
    7.09    -5.66   -23.19         7.02    -5.67   -23.04     0.171
   28.09    -2.75    17.94        28.18    -2.81    17.96     0.112
   27.71    11.72    21.91        27.85    11.78    21.94     0.151
  -13.91   -26.63   -12.91       -13.91   -26.55   -12.96     0.095
   27.12    22.57   -18.64        26.97    22.47   -18.60     0.183
  -36.67    -6.71   -42.53       -36.77    -6.70   -42.59     0.114
  -11.80   -30.40   -23.28       -11.83   -30.31   -23.31     0.096
   22.27    25.14   -13.90        22.22    25.11   -13.90     0.058
   20.39   -12.28   -21.07        20.52   -12.14   -20.98     0.208
   18.87   -17.08    -8.64        18.92   -17.21    -8.64     0.135
   25.74    -4.71    16.93        25.79    -4.74    16.92     0.054
   -5.86   -24.79   -17.69        -5.89   -24.72   -17.69     0.081
  -35.05     4.49   -35.99       -34.98     4.40   -35.97     0.122
    4.37   -13.68    -0.33         4.38   -13.70    -0.34     0.027
  -21.57   -11.18   -49.60       -21.59   -11.17   -49.61     0.023
  -15.45   -17.26    -5.71       -15.43   -17.24    -5.79     0.082
   15.72    21.51    41.33        15.62    21.27    41.31     0.260
    8.77    -6.55    34.86         8.83    -6.64    34.85     0.110
  -35.92   -13.03   -44.87       -35.84   -12.98   -44.74     0.163
   11.83    21.42    35.35        11.74    22.01    35.39     0.596
    7.98    18.81    61.55         8.00    18.73    61.51     0.094
  -30.62   -14.57    -6.57       -30.57   -14.50    -6.80     0.240
  -22.21   -11.41    -4.55       -22.18   -11.42    -4.60     0.065
  -24.62   -31.09   -34.44       -24.61   -31.13   -34.45     0.038
   -4.23    18.52    42.16        -4.24    18.53    42.18     0.030
  -35.47   -25.37   -34.91       -35.42   -25.35   -34.88     0.060
   -8.41   -24.58   -38.63        -8.40   -24.57   -38.65     0.023
   33.82    -4.99     0.17        33.96    -5.05     0.11     0.157
   -0.87   -18.22   -34.68        -1.00   -18.18   -34.63     0.142
  -28.06     2.85   -13.30       -28.06     2.79   -13.37     0.094
    0.11    -6.15   -28.36         0.15    -5.70   -28.31     0.455
   23.67     8.76    44.32        23.40     8.74    44.28     0.270
    1.17    -6.83    56.00         1.20    -6.94    56.00     0.106
  -19.21    -4.26   -47.84       -19.21    -4.21   -47.92     0.097
    5.15   -10.42   -23.90         5.17   -10.41   -23.93     0.037
   -4.07    -4.47   -39.17        -4.02    -4.41   -39.22     0.089
   14.77   -14.07     0.71        14.87   -14.24     0.79     0.211
    3.43    -7.25    48.86         3.50    -7.00    48.84     0.253
  -23.29   -11.15   -49.26       -23.31   -11.15   -49.28     0.028
   40.40     4.01    -4.52        40.59     4.06    -4.54     0.193
    9.63    25.72    11.53         9.61    25.68    11.53     0.045
   35.62    -1.06   -19.00        35.62    -1.01   -19.03     0.061
   32.95    17.42     6.63        32.97    17.43     6.57     0.059
   19.13    25.51     7.30        19.15    25.66     7.34     0.152
  -26.59   -14.32   -47.82       -26.61   -14.32   -47.85     0.036
   -2.99    -4.38    51.04        -3.06    -4.55    51.03     0.188
   29.19    -9.94    -5.03        29.29   -10.03    -5.07     0.144
   11.71    18.28   -21.05        11.84    18.37   -21.08     0.158
    6.75    20.37    -5.41         6.98    20.28    -5.26     0.289
   -0.77    -8.03    28.08        -0.73    -7.94    28.05     0.109
   -3.52    -5.61    34.89        -3.25    -5.82    35.23     0.488
    1.19   -11.57     8.98         1.21   -11.60     8.97     0.034
  -39.82    -3.57   -37.49       -39.68    -3.64   -37.38     0.186
   20.81   -13.13    -2.63        20.98   -13.38    -2.48     0.332
  -14.90    -9.88   -48.28       -14.89    -9.93   -48.35     0.089
    4.62    18.44    62.03         4.58    18.58    62.19     0.212
  -37.46     4.87   -25.65       -37.54     4.91   -25.62     0.093
   20.06     3.21   -25.97        20.19     3.30   -25.87     0.191
  -35.80     6.21   -25.17       -35.92     6.30   -25.13     0.152
   -6.90   -23.76   -14.66        -6.92   -23.68   -14.73     0.107
   -4.45    13.48    54.16        -4.57    13.53    54.18     0.129
   -3.59   -20.38   -36.91        -3.58   -20.37   -36.94     0.032
   36.53    13.36    -5.46        36.46    13.37    -5.48     0.071
   -0.01   -17.40   -29.34         0.13   -17.41   -29.40     0.148
   -6.47     6.67    50.70        -7.01     6.74    50.70     0.538
   -7.69    23.64    32.83        -7.70    23.66    32.87     0.040
  -16.15     9.04   -37.79       -16.19     9.02   -37.76     0.056
  -16.85    11.54   -31.49       -16.89    11.49   -31.46     0.065
   14.66    -5.96    32.54        14.67    -5.87    32.52     0.092
   -3.99   -18.08    -8.37        -3.99   -17.94    -8.44     0.151
   -8.80   -19.22   -43.73        -8.80   -19.20   -43.75     0.026
  -39.00    -1.18   -36.73       -39.06    -1.16   -36.98     0.256
  -17.16    10.36   -20.53       -17.17    10.38   -20.51     0.037
  -11.25    -0.11    13.73       -11.41    -0.18    13.80     0.183
   -6.40     0.09    34.27        -6.80    -0.03    34.32     0.423
   12.77    27.42     0.82        12.75    27.41     0.83     0.032
  -32.99     1.22   -12.84       -33.01     1.15   -12.96     0.143
   27.77     8.28    25.81        27.51     8.27    25.71     0.281
   20.79   -11.80    -0.01        20.86   -11.88     0.03     0.117
   36.41     7.70   -16.77        36.40     7.76   -16.80     0.061
  -26.66   -21.04   -45.96       -26.67   -21.04   -45.94     0.019
  -25.30   -28.41   -13.59       -25.28   -28.34   -13.66     0.105
   -6.49    -2.83    32.37        -6.53    -2.90    32.39     0.074
    1.92    -7.02    53.71         1.97    -6.99    53.71     0.060
   16.54   -10.54   -20.19        16.62   -10.41   -20.08     0.190
  -13.06    15.47    17.57       -13.13    15.43    17.49     0.115
  -28.05   -26.78   -40.43       -27.99   -26.62   -40.31     0.213
   38.34    11.05    -3.84        38.23    11.04    -3.85     0.111
  -20.59   -24.41    -9.07       -20.57   -24.39    -9.14     0.072
   18.41    21.83    29.50        18.37    21.76    29.49     0.078
   -0.17    -6.53    38.75        -0.14    -6.55    38.74     0.044
   13.53    22.75   -27.80        13.71    22.54   -27.90     0.293
   -7.60     6.29    35.27        -7.63     6.25    35.28     0.055
   -6.47     5.77   -26.37        -5.93     5.64   -26.07     0.635
   29.52    17.22    12.91        29.61    17.32    12.95     0.146
   34.27    -5.72   -14.02        34.50    -5.83   -14.05     0.265
   -5.61     8.98    -4.76        -5.68     9.09    -4.78     0.131
  -11.15     9.76    30.37       -11.09     9.79    30.37     0.065
  -39.14   -20.72   -34.67       -39.00   -20.66   -34.60     0.171
   11.14    -6.19   -22.11        11.13    -6.10   -21.98     0.161
   20.51    -6.94   -23.94        20.51    -6.87   -23.88     0.094
   13.56    22.63   -24.59        13.81    22.40   -24.48     0.362
   -5.28     2.29   -29.59        -5.17     2.38   -29.66     0.162
   13.40    24.08    19.74        13.39    24.08    19.74     0.013
   12.41    -6.59    60.75        12.29    -6.16    60.73     0.448
  -36.19     1.73   -38.30       -36.22     1.72   -38.28     0.039
   39.23     9.49    -0.70        39.22     9.53    -0.72     0.054
  -29.09     9.57   -20.33       -29.16     9.65   -20.28     0.113
  -35.82     1.27   -39.20       -35.77     1.25   -39.34     0.156
  -24.94    -9.02   -49.14       -24.96    -9.01   -49.14     0.027
  -19.22     3.59   -10.64       -19.18     3.50   -10.69     0.109
   -4.88     3.08   -27.99        -4.84     3.15   -28.05     0.101
    6.74    -9.09    17.53         6.75    -9.06    17.50     0.038
    1.00    -6.53    46.57         0.97    -6.72    46.56     0.199
  -19.75    -0.41    -6.27       -19.86    -0.35    -6.18     0.153
   26.18    23.56   -10.93        26.10    23.49   -10.93     0.101
   -5.85     0.01    46.45        -5.97    -0.08    46.45     0.153
   -7.33     3.28   -36.07        -7.25     3.39   -36.13     0.143
   24.05    16.14    27.36        24.08    16.17    27.35     0.035
   16.43     9.47   -24.42        16.69     9.56   -24.38     0.272
   -8.05   -20.67   -10.01        -8.00   -20.72    -9.95     0.097
    8.67    -6.87    47.81         8.71    -6.76    47.80     0.116
   20.44    18.35    35.49        20.59    18.44    35.51     0.178
   13.75    23.63   -20.20        13.89    23.36   -20.19     0.305
   33.04    -2.33    12.01        33.37    -2.57    11.98     0.408
  -22.58    -4.03   -47.50       -22.67    -3.97   -47.34     0.196
   23.16    15.92    31.93        23.09    15.89    31.91     0.077
  -18.39   -16.45   -47.92       -18.41   -16.43   -47.89     0.035
  -11.70     2.67    14.86       -11.82     2.64    14.89     0.132
  -38.47   -16.62   -13.10       -38.41   -16.62   -13.12     0.064
  -17.46   -28.64   -14.35       -17.45   -28.62   -14.38     0.047
   21.38    -5.63    20.71        21.42    -5.69    20.69     0.070
    4.09    -0.07   -22.75         4.05    -0.07   -22.71     0.054
   19.49     6.61   -27.45        19.67     6.71   -27.36     0.228
  -15.10   -11.86   -48.47       -15.21   -11.88   -48.57     0.150
  -12.66     9.18   -33.20       -12.72     9.14   -33.17     0.070
   -4.33    12.83    55.10        -4.70    12.97    55.16     0.403
   -6.66     6.65    53.98        -7.01     6.69    53.99     0.348
   14.15   -16.12    -2.23        14.18   -16.27    -2.20     0.162
  -24.28     0.20   -11.18       -24.34     0.12   -11.24     0.121
  -19.73     0.13    -6.14       -19.62     0.04    -6.21     0.153
   34.67    11.82   -17.89        34.64    11.87   -17.91     0.062
  -21.72     7.09   -39.91       -21.74     7.18   -39.97     0.113
  -14.79    14.56    31.75       -14.77    14.53    31.76     0.039
  -31.90     4.64   -38.97       -31.93     4.63   -38.95     0.039
  -14.22    13.52    32.13       -14.14    13.25    31.99     0.314
   -8.33    13.56    11.56        -8.34    13.54    11.57     0.019
  -39.42   -22.07   -21.36       -39.47   -22.14   -21.34     0.091
   22.27     7.87    53.24        22.14     7.86    53.20     0.131
  -36.53    -3.29   -41.66       -36.77    -3.04   -41.45     0.402
   30.43    20.90     0.68        30.30    20.79     0.67     0.175
  -31.88     7.96   -19.62       -31.93     7.97   -19.58     0.062
