200 PA4-F-Debug-Output.txt
   32.59    17.97   -12.77        32.63    18.01   -12.78     0.057
   -6.99     5.34    48.77        -7.00     5.34    48.77     0.004
  -16.47    16.34    22.12       -16.45    16.35    22.12     0.016
   22.54     8.82    51.15        22.40     8.81    51.13     0.141
   27.14    21.77   -19.90        27.19    21.84   -19.92     0.091
   15.48    25.96   -11.38        15.63    25.47   -11.30     0.515
   -1.34   -20.91   -33.50        -1.65   -20.62   -33.37     0.434
   -0.06   -18.34   -31.43        -0.26   -18.28   -31.39     0.212
    1.68     8.85   -15.04         1.69     8.63   -14.94     0.234
  -39.61   -17.62   -33.47       -39.99   -17.52   -33.46     0.389
   -2.95    -6.37   -37.76        -2.71    -6.32   -37.83     0.260
  -13.65   -27.09   -12.95       -13.78   -26.61   -13.17     0.542
   35.68    15.27     2.22        35.60    15.21     2.23     0.096
   21.79     0.98    44.34        22.15     0.82    44.43     0.405
   13.07    23.72   -16.30        13.47    23.20   -16.19     0.667
   -6.96   -24.79   -37.45        -7.19   -24.57   -37.27     0.361
  -25.14     8.75   -35.41       -25.42     9.40   -35.66     0.754
   19.07    23.48    18.92        18.91    23.01    18.79     0.508
    1.91    21.09    42.79         1.88    20.29    42.50     0.855
   23.80    19.41    23.26        23.53    19.06    23.20     0.440
   27.68    -5.60   -25.18        27.87    -5.54   -25.42     0.308
  -30.68   -31.10   -24.06       -30.41   -30.55   -24.12     0.623
    0.31   -13.44    -0.42         0.31   -13.45    -0.42     0.014
   39.57     5.89    -6.94        39.70     5.92    -6.97     0.137
  -34.61   -12.65   -45.44       -34.74   -12.71   -45.65     0.254
  -25.41   -32.63   -32.40       -25.28   -31.86   -32.28     0.786
  -29.50   -31.34   -31.28       -29.24   -30.75   -31.16     0.656
   -6.41     8.34    51.65        -6.63     8.39    51.66     0.224
   -6.13    16.36    10.94        -5.81    16.17    11.19     0.444
  -24.85    11.12   -28.21       -24.99    11.74   -28.31     0.644
  -39.69   -19.20   -34.20       -39.59   -19.27   -34.13     0.135
   35.47    15.32     6.28        35.24    15.12     6.17     0.327
   29.73    13.93   -25.61        29.67    13.88   -25.56     0.096
  -16.53   -26.18   -42.04       -16.57   -26.05   -41.88     0.207
    6.42    12.51    62.93         6.41    12.52    63.17     0.244
   24.34     3.95    37.75        24.33     3.95    37.75     0.009
  -15.33    19.41    20.54       -14.96    19.22    20.75     0.469
   24.08    25.08    -5.04        23.92    24.74    -5.00     0.372
   21.47   -11.83    -1.03        21.58   -12.01    -0.91     0.243
   27.29     1.60    25.01        27.38     1.56    25.04     0.103
   15.62    -4.32    38.18        15.82    -5.45    38.21     1.146
   -8.67     8.36    31.91        -8.95     8.16    32.02     0.360
   24.36    -5.05    15.47        24.57    -5.61    15.62     0.622
    5.16     8.41    63.09         5.19     8.40    63.37     0.273
   18.68    -5.72   -23.45        18.74    -5.73   -23.32     0.148
   -5.08    -1.16    57.65        -5.50    -1.30    57.65     0.442
   -0.12   -12.21   -32.53        -0.06   -12.19   -32.54     0.058
   -4.84    -5.11    28.10        -5.25    -5.51    28.11     0.572
    6.42    -6.16   -23.33         6.43    -6.16   -23.35     0.016
  -26.96     8.20   -17.11       -27.49     8.43   -17.06     0.586
  -10.68    10.35    31.28       -10.97    10.03    31.39     0.447
  -36.95    -3.26   -12.89       -37.18    -3.10   -12.65     0.368
   -7.97    21.20    15.26        -7.75    20.87    15.63     0.545
   -0.49    18.61    52.88        -0.02    17.87    52.80     0.885
    6.52    22.10    -3.66         7.07    21.74    -3.48     0.679
   15.16    -6.96    16.73        15.22    -7.46    16.83     0.520
  -27.85   -26.43   -10.72       -27.61   -26.21   -11.05     0.461
  -18.09     8.44   -18.31       -18.15     8.91   -18.11     0.515
   -6.77     7.48    52.06        -6.83     7.50    52.06     0.062
  -26.18     9.86   -19.76       -26.31    10.26   -19.53     0.476
  -14.95   -26.75   -41.46       -15.05   -26.44   -41.14     0.447
   12.08    -8.42    13.97        12.17    -8.73    14.08     0.340
   -7.26   -18.26    -6.99        -7.24   -18.10    -7.14     0.220
  -32.74   -11.75    -7.19       -32.73   -11.75    -7.19     0.008
  -10.44    15.87    36.91       -10.65    15.76    37.19     0.358
   -1.33   -19.89   -34.61        -1.47   -19.77   -34.50     0.210
   -0.94   -11.50   -35.24        -0.94   -11.51   -35.24     0.003
  -27.68   -29.63   -36.99       -27.55   -29.17   -36.79     0.516
  -29.21    -6.03   -47.06       -29.26    -6.02   -47.16     0.112
   -5.93   -21.21   -10.82        -6.13   -20.84   -11.07     0.488
  -36.14   -14.42   -44.34       -35.90   -14.28   -44.05     0.409
   22.41     5.52    49.78        22.54     5.52    50.01     0.263
  -14.80   -25.31   -10.65       -14.86   -24.94   -11.08     0.569
   -5.89    10.93     2.36        -5.82    10.83     2.39     0.124
  -22.97     1.61   -44.25       -22.96     2.00   -44.83     0.698
   -6.99    25.00    21.63        -6.96    24.43    21.76     0.576
   34.94    -2.87     8.05        35.54    -3.40     8.28     0.838
   -2.76   -20.82   -35.64        -2.89   -20.69   -35.54     0.214
   31.32    -7.24    -8.03        31.51    -7.45    -8.08     0.287
  -18.31   -15.56    -4.93       -18.24   -15.45    -5.28     0.367
   -4.69    -1.14    56.55        -5.46    -1.41    56.55     0.817
   22.33     5.36    49.56        22.54     5.33    49.57     0.210
   35.71     1.64    10.71        36.16     1.66    10.94     0.502
   26.52     0.61   -29.57        26.58     0.70   -29.39     0.211
   12.12    16.94   -29.80        12.72    17.11   -29.34     0.772
   12.89   -16.87    -7.72        12.78   -17.17    -7.75     0.317
   22.74    21.38    18.88        22.70    21.35    18.86     0.058
   -2.67     0.54   -27.20        -2.44     0.63   -27.37     0.309
   12.27   -12.68     4.09        12.35   -13.02     4.35     0.433
   -3.06   -25.55   -24.60        -3.30   -25.09   -24.78     0.553
  -42.91    -4.66   -24.96       -43.39    -4.44   -24.82     0.547
  -12.33   -26.03   -41.20       -12.52   -25.74   -40.88     0.471
  -41.45   -13.88   -16.60       -41.27   -13.83   -16.70     0.211
  -28.24     8.68   -33.01       -28.54     9.16   -33.12     0.572
    0.56   -18.45   -10.63         0.55   -18.40   -10.65     0.063
  -13.55   -27.17   -12.97       -13.71   -26.61   -13.22     0.637
   27.41     8.08    25.98        27.45     8.08    25.99     0.044
   -7.98   -19.61    -8.47        -8.03   -19.39    -8.61     0.270
   29.23     9.38    20.16        29.38     9.39    20.23     0.166
   27.58    -2.48    17.99        27.95    -2.89    18.20     0.586
    5.81    22.16    36.31         5.81    21.46    36.29     0.706
  -10.13    13.48    13.41        -9.86    13.46    13.57     0.317
  -26.64     1.49   -43.73       -26.76     1.90   -44.18     0.629
  -32.76    -7.66   -45.39       -33.03    -7.48   -45.85     0.567
    7.32   -15.19    -3.38         7.31   -15.24    -3.36     0.056
   27.61    19.19   -23.13        27.57    19.16   -23.09     0.058
   17.91    24.53    17.44        17.71    23.74    17.44     0.818
  -38.44    -9.11   -41.17       -38.67    -9.31   -41.39     0.372
  -33.31     7.46   -23.23       -33.65     7.87   -23.10     0.544
   27.02    -8.09     4.61        27.04    -8.65     4.80     0.591
  -27.67     9.32   -31.79       -27.41    10.14   -31.98     0.888
    0.89    19.81    47.45         0.90    19.24    47.31     0.584
   32.52    18.47     6.06        32.42    18.36     6.05     0.139
   27.66     2.18    23.73        28.00     2.06    23.85     0.377
   19.99    16.68    47.40        19.63    16.43    47.33     0.445
   -0.36    21.87    36.61        -0.39    21.50    36.53     0.384
    8.52    20.38    -9.35         9.09    20.17    -8.99     0.716
   -7.79    22.82    17.19        -7.68    22.37    17.48     0.546
   31.86     1.57    15.24        32.19     1.46    15.51     0.437
   12.06    22.76    44.61        12.32    21.87    44.50     0.934
   30.51    -8.32    -6.27        30.78    -8.60    -6.34     0.395
  -25.32     7.84   -17.19       -25.29     8.19   -16.85     0.488
   10.12    23.08    32.58        10.13    22.32    32.50     0.769
   -6.69     8.77    51.93        -6.54     8.73    51.92     0.156
  -22.39   -22.27    -7.15       -22.40   -22.01    -7.66     0.579
  -33.00     4.41   -37.73       -33.14     4.55   -37.88     0.245
   -4.15    -9.02    16.31        -4.28    -9.30    16.33     0.315
  -24.38    11.30   -28.33       -24.50    11.83   -28.42     0.555
   -6.35     2.29    51.22        -6.62     2.27    51.19     0.278
   -5.39    -0.56   -35.89        -4.88    -0.28   -36.01     0.594
   -4.54   -10.20   -41.64        -4.43   -10.21   -41.74     0.147
   26.77    12.08    25.25        26.71    12.06    25.23     0.069
    8.91   -13.09     3.19         8.82   -13.54     3.38     0.496
  -21.68   -33.08   -24.00       -21.71   -32.62   -24.09     0.467
    2.20   -17.79   -22.82         2.11   -17.73   -22.78     0.117
   40.10     5.54    -1.35        40.21     5.52    -1.33     0.112
  -21.24   -30.25   -14.46       -21.18   -29.59   -14.86     0.778
   26.47    -5.58    11.47        26.57    -6.37    11.89     0.902
  -39.67     0.76   -30.38       -40.15     1.08   -30.55     0.610
  -43.17    -7.38   -29.36       -43.29    -7.38   -29.40     0.125
    2.95    24.85    14.94         3.15    24.22    15.07     0.673
   -3.17    -8.45   -39.75        -3.05    -8.42   -39.86     0.171
  -29.50     4.56   -39.58       -29.72     4.95   -40.14     0.715
  -29.94   -30.08   -33.94       -29.78   -29.74   -33.80     0.394
  -43.31    -7.12   -29.32       -43.31    -7.12   -29.32     0.004
    1.68   -19.00   -15.53         1.99   -18.72   -15.55     0.419
  -41.32   -16.16   -17.25       -41.08   -16.12   -17.36     0.270
  -41.26    -2.02   -20.60       -41.64    -1.82   -20.59     0.427
   12.27    -5.09    57.26        12.57    -6.11    57.35     1.069
   36.06     1.13    10.67        36.29     1.17    10.73     0.237
   -3.95   -17.52   -39.56        -3.97   -17.51   -39.53     0.034
  -11.21   -24.32   -42.15       -11.38   -24.02   -41.84     0.467
   32.48    -5.83     0.90        32.90    -6.35     0.90     0.663
  -17.96     9.52   -35.82       -17.82    10.37   -36.07     0.903
  -39.96   -17.97   -32.20       -40.31   -17.95   -32.39     0.400
   -6.92    -9.49     8.74        -6.96    -9.58     8.76     0.097
  -14.12   -23.91   -43.43       -14.14   -23.79   -43.31     0.166
  -40.91   -20.08   -20.67       -40.75   -20.00   -20.71     0.185
  -42.21    -3.71   -22.39       -42.73    -3.73   -22.17     0.564
   20.30   -16.40    -6.71        20.36   -16.52    -6.67     0.141
    5.68    22.79    30.56         5.61    22.47    30.63     0.335
  -11.63     6.81    17.92       -11.53     6.83    17.94     0.111
   33.12    -3.09   -23.04        33.24    -3.13   -23.12     0.152
  -23.07     4.88   -41.40       -23.02     5.45   -41.93     0.778
  -34.26     6.85   -29.15       -34.54     7.21   -29.22     0.462
  -42.54   -15.72   -20.75       -42.37   -15.68   -20.80     0.185
  -18.73   -33.25   -25.15       -18.82   -32.44   -25.20     0.815
    7.21   -14.50   -19.47         6.98   -14.17   -19.71     0.469
    2.00    -7.44   -26.45         2.06    -7.43   -26.52     0.091
  -40.30   -18.72   -31.65       -40.48   -18.74   -31.69     0.180
  -13.08   -31.69   -28.96       -13.26   -31.15   -28.88     0.576
    3.64   -15.07    -4.61         3.65   -15.33    -4.51     0.286
  -23.21   -11.97    -4.90       -23.11   -11.93    -5.13     0.248
   -3.46    10.66    -3.79        -3.42    10.58    -3.76     0.100
  -10.20     6.99    -6.78       -10.24     7.09    -6.78     0.101
   21.29    15.39    45.00        20.93    15.18    44.95     0.418
  -25.07    10.45   -22.13       -25.30    11.19   -22.07     0.774
   -8.26   -28.42   -33.63        -8.65   -27.83   -33.72     0.709
  -31.67     4.37   -38.57       -31.97     4.65   -38.90     0.524
   30.20    21.13    -6.66        30.02    20.91    -6.67     0.285
  -17.67   -10.07   -48.42       -17.60    -9.93   -48.83     0.445
  -41.76   -15.25   -17.90       -41.60   -15.21   -17.99     0.193
  -26.83     7.44   -36.83       -27.09     8.15   -37.04     0.791
  -15.36    19.70    21.54       -15.18    19.61    21.62     0.220
   22.99    20.98    19.97        22.77    20.77    19.86     0.318
  -22.56     7.80   -38.11       -22.58     8.32   -38.42     0.604
   20.97     6.70    61.54        21.21     6.72    61.58     0.244
   28.96   -10.28   -10.53        29.10   -10.44   -10.48     0.215
   30.84     8.45    17.36        30.96     8.46    17.43     0.140
   24.53   -12.74    -4.69        24.68   -13.05    -4.62     0.347
  -37.74    -4.72   -11.97       -37.41    -4.87   -11.67     0.475
   10.34     4.70    62.77        10.34     4.71    62.95     0.179
  -33.07    -2.21   -43.15       -33.24    -2.06   -43.53     0.447
   18.55    -2.82    40.26        18.99    -3.46    40.25     0.778
   -1.91     3.05    63.21        -1.91     3.06    63.41     0.198
   20.76    13.80    56.22        20.44    13.56    56.20     0.400
   -7.71     4.19    30.47        -7.91     4.16    30.52     0.202
  -13.67   -32.04   -28.42       -13.87   -31.43   -28.34     0.647
   11.57   -15.63   -13.16        11.57   -15.50   -13.10     0.135
   22.29   -15.40   -14.76        22.33   -15.61   -14.77     0.208
