200 PA4-B-Debug-Output.txt
  -14.11     5.67   -10.14       -14.14     5.71   -10.15     0.046
  -19.46   -32.52   -30.53       -19.46   -32.56   -30.57     0.054
  -31.68   -23.09   -11.00       -31.72   -23.11   -11.00     0.043
  -23.64   -32.52   -31.11       -23.65   -32.50   -31.13     0.036
   26.87    -0.94    23.40        26.89    -0.97    23.41     0.041
    4.15   -17.18   -10.03         4.10   -17.08   -10.06     0.113
   26.58     0.04   -29.45        26.66     0.17   -29.17     0.321
   -6.83     8.54    55.43        -6.62     8.48    55.41     0.220
   -1.81   -22.65   -26.18        -1.76   -22.69   -26.20     0.074
   36.65     3.16    10.31        36.68     3.15    10.36     0.062
   30.74   -10.46   -16.55        30.50   -10.29   -16.52     0.292
   -0.94   -16.58   -35.40        -0.91   -16.58   -35.44     0.051
   20.11    -0.81   -24.23        20.23    -0.76   -24.12     0.172
    5.43    20.20    51.86         5.52    19.87    51.83     0.342
   -1.26    16.56    61.02        -1.03    16.18    60.95     0.450
   19.18     8.40   -28.22        19.38     8.51   -28.06     0.281
  -40.02   -15.28   -14.74       -39.97   -15.25   -14.81     0.092
   22.37    -8.09     8.99        22.30    -7.89     8.93     0.226
   -0.88   -11.74   -34.41        -0.73   -11.71   -34.46     0.155
    4.46    -5.58   -24.29         4.47    -5.57   -24.34     0.058
   14.68    -4.60    55.45        14.86    -4.99    55.46     0.423
  -11.76   -13.02   -47.13       -11.77   -13.00   -47.12     0.032
  -17.60   -28.78   -14.74       -17.59   -28.87   -14.70     0.094
  -10.56     7.95     6.89       -10.47     7.86     6.91     0.129
  -28.54    -7.37   -47.72       -28.56    -7.41   -47.60     0.132
   36.40     8.00     9.44        36.50     8.03     9.53     0.138
  -32.48   -18.14    -8.71       -32.49   -18.12    -8.75     0.047
   23.69     9.91    41.74        23.72     9.91    41.75     0.032
   20.12   -11.27     2.27        20.02   -11.13     2.18     0.188
   -5.33   -11.42     4.56        -5.65   -11.54     4.54     0.344
   35.89    10.65   -14.56        35.85    10.64   -14.55     0.045
   17.86    16.83    59.07        17.70    16.70    59.05     0.211
    8.05    -3.48   -22.48         8.03    -3.48   -22.47     0.022
  -15.81    16.01    20.30       -15.82    16.02    20.29     0.005
  -35.50   -15.65   -43.93       -35.42   -15.60   -43.85     0.128
   29.16     8.34   -29.72        29.08     8.36   -29.56     0.171
   31.78    -5.75    10.24        31.63    -5.51    10.13     0.301
  -15.61   -12.83   -48.52       -15.61   -12.81   -48.47     0.057
   -9.43   -11.05     2.61        -9.46   -11.07     2.62     0.033
   10.07   -13.33     4.57        10.05   -13.20     4.50     0.146
   15.57    24.97   -11.44        15.44    25.38   -11.51     0.431
    2.68   -11.74    10.11         2.66   -11.73    10.09     0.028
  -37.06     5.38   -28.38       -36.99     5.32   -28.39     0.092
  -15.08   -11.56   -48.51       -15.30   -11.62   -48.57     0.234
   -9.06   -14.78   -45.20        -9.09   -14.76   -45.20     0.035
  -40.59   -18.14   -17.80       -40.55   -18.10   -17.86     0.081
  -26.96   -18.74    -7.05       -26.98   -18.73    -7.12     0.065
   33.43    -3.02   -23.17        33.30    -2.99   -23.09     0.155
    1.53    11.32    -7.59         1.50    11.39    -7.63     0.080
   24.68   -13.39    -4.52        24.52   -13.12    -4.59     0.317
  -40.35     1.63   -25.45       -40.25     1.57   -25.48     0.123
   18.84    17.11    50.62        18.72    17.02    50.60     0.156
   26.01    16.56   -26.83        26.06    16.61   -26.89     0.098
  -16.42   -17.85    -6.08       -16.44   -17.87    -6.03     0.053
   16.85    19.85    46.67        16.74    19.74    46.64     0.161
   -0.48   -10.77    12.71        -0.50   -10.87    12.71     0.101
   20.93    -8.49     8.90        20.86    -8.29     8.83     0.217
   19.39    19.81   -28.90        19.37    19.79   -28.87     0.040
  -15.50   -13.41   -48.49       -15.50   -13.40   -48.48     0.020
   15.02    -4.84    49.74        15.12    -5.16    49.74     0.339
   -6.78    -2.56    31.84        -6.72    -2.55    31.81     0.071
   -2.28   -22.24   -18.89        -2.26   -22.27   -18.90     0.035
   33.39    11.39    12.21        33.44    11.39    12.25     0.060
  -35.55   -25.74   -34.21       -35.49   -25.65   -34.20     0.112
  -17.96    10.94   -34.19       -17.96    10.94   -34.20     0.012
   19.05    19.53    38.96        18.95    19.46    38.95     0.122
  -33.08    -2.78    -9.98       -32.99    -2.79    -9.78     0.219
  -23.81    10.25   -35.06       -23.81    10.27   -35.08     0.026
  -13.36     8.94   -34.86       -13.37     8.96   -34.87     0.021
  -37.18     2.54   -17.23       -37.15     2.53   -17.27     0.051
   -0.96    21.88    36.40        -1.01    21.59    36.33     0.304
  -28.74    -7.34    -7.87       -28.75    -7.31    -7.87     0.027
   29.85    -6.58    10.22        29.74    -6.33    10.10     0.302
  -27.86   -29.93   -35.22       -27.86   -29.88   -35.23     0.050
   -5.69   -22.00   -13.28        -5.65   -22.04   -13.27     0.059
   -0.40    10.27    -8.24        -0.32    10.46    -7.99     0.325
   12.83    -5.66    54.91        13.02    -6.06    54.93     0.446
   10.90    23.22    26.36        10.88    23.17    26.35     0.055
  -28.55   -24.87   -10.70       -28.33   -25.18   -10.89     0.422
  -38.55   -20.69   -16.39       -38.53   -20.65   -16.44     0.067
  -11.92   -15.36    -4.12       -11.90   -15.46    -4.11     0.100
   12.04    -6.01    45.22        12.05    -6.31    45.21     0.296
   -6.91     3.72    53.57        -6.83     3.72    53.55     0.085
   -7.21     6.88    57.12        -7.03     6.83    57.11     0.185
   28.27    -7.80   -24.32        28.20    -7.65   -24.07     0.300
  -11.58     8.95   -18.52       -11.56     9.06   -18.49     0.114
   24.47    23.88   -12.29        24.61    24.16   -12.29     0.309
   -7.03     7.47    44.67        -6.98     7.47    44.66     0.050
  -12.08     8.31   -34.84       -12.07     8.36   -34.86     0.048
   14.86    20.60   -29.78        14.92    20.79   -29.79     0.195
  -34.53   -13.24   -45.77       -34.47   -13.19   -45.69     0.115
  -22.46     2.15   -11.57       -22.47     2.16   -11.59     0.025
   -6.65   -17.28    -6.19        -6.49   -17.34    -6.23     0.175
   25.38    -2.78    23.27        25.35    -2.79    23.26     0.034
    0.31     5.85   -19.98         0.08     5.81   -20.18     0.309
   -8.74    -6.67    12.80        -8.78    -6.68    12.78     0.035
   29.54     5.97   -29.04        29.36     6.04   -28.79     0.316
   -8.33   -16.86    -5.84        -8.35   -16.85    -5.86     0.032
   -2.94    19.33    42.66        -2.87    19.12    42.57     0.238
  -36.20     0.04   -40.20       -36.11    -0.00   -40.15     0.107
  -16.18   -30.82   -19.50       -16.19   -30.87   -19.50     0.047
    8.70    19.07    61.26         8.65    18.92    61.14     0.199
   24.69    10.41    35.33        24.71    10.41    35.33     0.025
   12.90    15.95   -28.21        12.90    15.95   -28.22     0.007
    9.72    21.94    39.76         9.73    21.71    39.77     0.226
   21.09   -12.03    -0.00        20.98   -11.89    -0.10     0.208
   -4.55   -18.73   -39.34        -4.47   -18.68   -39.32     0.089
   -9.54   -22.74   -11.41        -9.56   -22.74   -11.42     0.023
   10.71    -6.15    34.88        10.72    -6.35    34.87     0.207
   12.02   -16.78   -10.81        12.05   -16.49   -10.79     0.290
  -37.42    -1.47   -39.86       -37.32    -1.49   -39.80     0.111
  -12.59     5.38     0.34       -12.55     5.32     0.32     0.083
   36.67     0.92    10.25        36.66     0.91    10.26     0.018
    5.77   -16.48    -9.48         5.72   -16.39    -9.51     0.115
   12.06    22.14    35.80        12.06    22.03    35.79     0.114
   28.31    -0.13    20.85        28.30    -0.15    20.85     0.020
   -7.96    -7.87   -44.99        -7.94    -7.85   -45.03     0.048
   11.95    21.17    54.08        11.93    20.88    54.03     0.297
   25.78    23.69    -0.21        25.89    23.92    -0.19     0.253
  -39.78     2.12   -29.72       -39.70     2.08   -29.74     0.092
   -8.99    -0.11    22.69        -9.00    -0.11    22.67     0.021
  -22.12    -2.59   -47.54       -22.15    -2.56   -47.37     0.179
   -0.13   -20.26   -25.14        -0.05   -20.31   -25.18     0.099
   10.09    21.94    -8.50         9.86    22.12    -8.60     0.302
  -29.32   -28.16   -37.58       -29.31   -28.08   -37.57     0.082
  -14.10    -0.64     6.64       -14.13    -0.64     6.65     0.033
   -0.70     0.06   -25.53        -0.71     0.06   -25.54     0.016
  -32.75    -2.64   -44.13       -32.69    -2.67   -44.02     0.135
  -11.70   -26.02   -14.07       -11.69   -26.08   -14.05     0.069
  -38.88   -23.08   -21.03       -38.73   -23.13   -20.86     0.236
    8.23    23.66    23.47         8.21    23.64    23.46     0.030
  -24.94     1.07   -45.47       -24.93     1.05   -45.44     0.032
  -35.82     3.05   -15.55       -35.81     3.06   -15.58     0.034
  -15.73   -18.49    -6.61       -15.87   -18.46    -6.34     0.308
   -8.08    -3.10    23.93        -8.11    -3.11    23.92     0.030
   -4.45    11.03    -0.48        -4.46    11.03    -0.49     0.014
    7.00    19.16    -5.66         6.99    19.65    -5.70     0.489
   12.38    -9.64    11.83        12.35    -9.59    11.79     0.066
    1.30    19.10    50.99         1.38    18.73    50.92     0.383
  -32.72   -16.83    -8.53       -32.76   -16.87    -8.47     0.076
   -9.48   -21.30   -42.98        -9.49   -21.29   -43.00     0.028
  -21.74   -10.52    -4.21       -21.77   -10.52    -4.21     0.032
   -9.57    15.71    37.70        -9.92    15.75    37.74     0.355
  -30.53   -30.10   -21.65       -30.56   -30.12   -21.67     0.042
   -4.33   -11.46     5.20        -4.36   -11.50     5.19     0.044
  -15.87    16.02    30.00       -16.09    16.00    30.04     0.232
   37.30    -1.44     8.13        37.29    -1.41     7.91     0.225
   20.10   -12.34     0.45        20.01   -12.17     0.33     0.226
   -1.48    18.76     8.42        -1.43    18.71     8.47     0.086
   14.58    -8.99   -21.73        14.59    -9.00   -21.61     0.118
  -10.26    -3.62    13.31       -10.33    -3.65    13.31     0.076
   -9.23   -29.32   -25.76        -9.19   -29.38   -25.77     0.070
   10.78    24.28    19.19        10.77    24.31    19.19     0.035
   31.09     0.44    16.60        31.08     0.43    16.60     0.018
    1.65   -11.59   -26.90         1.75   -11.58   -26.96     0.121
   18.71    26.26    -4.67        18.74    26.52    -4.71     0.268
   -4.96     8.69   -11.87        -4.99     8.79   -11.89     0.107
   25.31    23.06     7.01        25.40    23.30     7.07     0.260
   20.43    18.37    36.63        20.37    18.33    36.62     0.069
   22.44    10.36    49.32        22.47    10.36    49.33     0.029
    0.89    18.69    53.55         1.00    18.26    53.51     0.451
   -2.68    11.17    -3.14        -2.69    11.17    -3.14     0.014
    8.11   -15.48    -1.93         8.18   -15.23    -1.98     0.266
   30.64    20.14    -2.42        30.78    20.32    -2.43     0.223
  -41.63    -6.17   -33.44       -41.62    -6.15   -33.46     0.035
   21.92     1.07    44.99        22.08     0.98    45.03     0.195
   23.60    23.56     7.87        23.67    23.78     7.93     0.245
   -3.06    23.28    32.78        -3.12    23.05    32.70     0.253
  -14.43   -25.32   -11.43       -14.37   -25.35   -11.49     0.093
   21.97    -5.90    18.16        21.92    -5.80    18.14     0.114
  -22.79    -8.38    -4.74       -22.77    -8.38    -4.81     0.066
    2.79    20.85    41.36         2.79    20.56    41.31     0.294
    7.96    20.98    44.88         7.98    20.71    44.85     0.274
   32.58    -5.76   -22.74        32.35    -5.61   -22.58     0.310
  -35.63   -23.80   -15.82       -35.64   -23.77   -15.86     0.042
   29.24    -2.36   -27.20        29.01    -2.12   -26.92     0.435
   21.24     8.37    59.78        21.33     8.36    59.79     0.095
  -14.64   -31.67   -25.90       -14.64   -31.70   -25.93     0.040
   -1.27   -20.53   -15.84        -1.30   -20.51   -15.87     0.040
   -9.74    21.29    16.72        -9.62    21.10    16.93     0.316
   32.29    -6.34     8.13        32.13    -6.08     8.02     0.326
   22.35    24.17   -19.39        22.43    24.56   -19.46     0.411
  -28.27   -28.95   -36.96       -28.27   -28.88   -36.96     0.070
   -3.76   -14.95   -39.93        -3.68   -14.93   -40.04     0.128
   -9.90   -28.98   -31.29        -9.89   -29.01   -31.32     0.047
   23.82     9.52    41.18        23.87     9.51    41.19     0.049
   -9.66    12.75    36.09        -9.98    12.64    36.08     0.338
   -1.17   -16.48   -35.85        -1.14   -16.48   -35.89     0.049
  -33.91    -6.29    -9.15       -33.91    -6.29    -9.21     0.062
   32.51    -0.33    14.54        32.50    -0.34    14.55     0.019
   16.25    -3.99    52.59        16.48    -4.29    52.61     0.376
  -19.39   -21.17   -46.59       -19.40   -21.14   -46.60     0.028
   28.70    -9.52     1.91        28.55    -9.23     1.79     0.346
  -29.54   -31.08   -24.39       -29.53   -31.02   -24.42     0.071
  -26.84     2.32   -43.90       -26.79     2.24   -43.90     0.096
  -23.44   -28.19   -13.30       -23.47   -28.22   -13.30     0.038
   15.50    -9.91   -21.08        15.47    -9.69   -20.87     0.308
   -3.22    12.55     1.44        -3.22    12.54     1.43     0.012
    6.93    -6.82    59.99         6.93    -7.34    59.96     0.515
  -29.97   -12.72    -6.16       -29.99   -12.69    -6.12     0.048
