200 PA4-G-Unknown-Output.txt
   -4.51   -18.59   -39.31        -4.49   -18.59   -39.39     0.082
   -6.95     7.05    51.03        -6.95     7.05    51.00     0.026
   12.56    21.68    49.28        12.58    21.69    49.26     0.036
  -11.94   -13.57   -47.16       -11.99   -13.53   -47.12     0.080
    7.37    25.11    10.36         7.35    25.25    10.34     0.138
   -5.02    20.38    13.28        -4.93    20.28    13.36     0.156
  -41.48   -15.70   -30.79       -41.21   -15.73   -30.59     0.343
  -19.04   -31.80   -21.57       -19.06   -32.03   -21.58     0.230
   17.29   -10.42   -20.77        17.35   -10.19   -20.52     0.352
   30.39     7.25   -28.66        30.37     7.39   -28.44     0.268
   -6.59    -6.32   -43.47        -6.52    -6.40   -43.42     0.116
   37.57    10.31    -8.92        37.65    10.30    -8.96     0.090
   18.53    -1.28    58.89        18.56    -1.34    58.86     0.074
   -6.94     7.28    58.83        -6.99     7.28    58.80     0.053
    0.40   -14.79    -3.47         0.38   -14.84    -3.48     0.060
   38.30     5.00   -11.95        38.37     4.99   -12.03     0.109
   -9.26     7.22    28.57        -9.45     7.15    28.61     0.207
    5.45    23.09    26.72         5.47    23.10    26.70     0.035
   18.78    -8.55    10.38        18.73    -8.46    10.32     0.123
   -4.81    24.51    28.92        -4.81    24.36    28.86     0.160
   21.18     3.44    56.35        21.18     3.40    56.31     0.051
   22.24     9.99    51.71        22.19     9.94    51.67     0.082
   28.08    -3.46    16.89        27.99    -3.42    16.83     0.115
   35.55    -1.89   -18.99        35.43    -1.91   -18.99     0.116
   16.73    -4.70    45.30        16.73    -4.74    45.27     0.053
   11.81    -6.29    42.05        11.80    -6.33    42.02     0.046
  -29.38   -26.51   -39.81       -29.44   -26.48   -39.86     0.084
  -10.05     7.59     4.00        -9.99     7.53     3.99     0.090
   19.67    -8.97     7.97        19.62    -8.87     7.90     0.135
  -13.41    -5.15     5.50       -13.49    -5.17     5.51     0.080
   -2.20    15.79    57.77        -2.17    15.74    57.76     0.056
  -13.55    10.93    23.14       -13.72    10.80    23.09     0.217
   21.68    25.34     2.88        21.77    25.49     2.87     0.174
    2.85   -18.06   -12.43         2.87   -18.16   -12.42     0.096
  -33.75   -28.00   -21.54       -33.85   -28.02   -21.55     0.103
   19.12   -15.07   -17.07        19.13   -14.82   -16.83     0.345
  -31.09   -11.49   -47.06       -31.05   -11.41   -46.89     0.185
   -4.19   -13.60    -0.67        -4.23   -13.67    -0.67     0.085
   21.11     1.89    53.38        21.11     1.85    53.35     0.054
    0.21   -17.07   -28.76         0.37   -17.10   -28.87     0.191
  -13.85   -29.47   -35.61       -13.87   -29.54   -35.70     0.120
  -26.72   -29.66   -16.33       -26.90   -29.76   -16.27     0.208
    0.39    -1.88   -26.00         0.38    -1.87   -26.04     0.041
   22.38    -6.46    15.03        22.32    -6.30    14.96     0.179
   10.06    20.82    56.22        10.09    20.72    56.20     0.106
   26.83    10.47    26.40        26.87    10.44    26.37     0.059
  -29.64   -29.63   -34.21       -29.71   -29.60   -34.25     0.083
  -15.57    20.14    23.66       -15.61    20.22    23.63     0.096
   -0.27   -12.68   -33.32        -0.12   -12.58   -33.42     0.206
  -23.06     9.44   -18.14       -23.06     9.50   -18.12     0.064
    1.30     8.52   -15.17         1.30     8.50   -15.19     0.024
  -11.59    -4.13     9.79       -11.68    -4.16     9.81     0.098
    6.51    -8.40    19.59         6.51    -8.49    19.58     0.086
   -3.63     9.05   -11.12        -3.63     9.04   -11.14     0.028
  -41.63    -7.24   -16.47       -41.49    -7.21   -16.57     0.177
  -42.39   -17.37   -24.01       -42.50   -16.91   -24.26     0.532
   33.05    17.21    -4.70        33.20    17.28    -4.72     0.169
   18.65    16.13    55.92        18.57    16.02    55.89     0.143
  -19.37    -4.07   -48.05       -19.45    -4.09   -47.95     0.130
   16.39    -6.70    21.66        16.36    -6.61    21.61     0.103
   18.09    -6.08    24.99        18.05    -6.03    24.94     0.075
    9.52    26.04     3.97         9.51    26.22     3.95     0.175
  -39.30   -17.77   -37.46       -39.12   -17.65   -37.44     0.218
  -36.44   -26.48   -26.67       -36.51   -26.44   -26.70     0.086
  -21.56   -17.97   -47.75       -21.59   -17.90   -47.66     0.117
  -16.72    12.14   -27.13       -16.67    12.04   -27.16     0.114
   -5.99    -2.41    36.35        -6.02    -2.55    36.32     0.141
    4.98   -17.05   -12.28         4.95   -17.06   -12.31     0.050
    5.59    -6.87    49.67         5.60    -7.03    49.64     0.161
   16.53    24.72   -15.62        16.37    25.02   -15.68     0.347
   -6.23    -1.31    36.37        -6.26    -1.31    36.35     0.037
   -8.36     8.26   -23.51        -8.40     8.20   -23.52     0.071
   29.70    16.12    13.73        29.85    16.19    13.80     0.185
    0.60   -19.13   -19.35         0.70   -19.25   -19.35     0.160
    7.48    16.00    62.95         7.50    15.98    63.20     0.256
   20.73     0.32   -25.65        20.93     0.38   -25.51     0.248
  -40.04   -15.38   -35.91       -39.82   -15.29   -35.91     0.234
  -25.67   -31.20   -19.22       -25.77   -31.33   -19.23     0.155
  -25.92    -5.61    -7.57       -25.89    -5.63    -7.67     0.105
  -31.09   -15.12   -46.46       -30.95   -15.06   -46.27     0.247
   -0.49    -7.22    31.63        -0.54    -7.31    31.60     0.101
  -31.11   -26.94   -15.55       -31.20   -26.98   -15.51     0.107
   26.64    13.12    24.16        26.73    13.12    24.16     0.085
   20.51    20.52   -27.99        20.45    20.43   -27.87     0.164
   12.02    20.64    57.85        12.04    20.55    57.82     0.101
   32.40    -2.63    13.17        32.34    -2.63    13.10     0.090
   -0.38    -7.23    32.15        -0.43    -7.32    32.13     0.103
   11.77    24.03    -8.43        11.62    24.18    -8.52     0.227
   35.50    11.65   -15.23        35.40    11.59   -15.22     0.118
   14.40   -13.66   -17.43        14.43   -13.40   -17.24     0.323
  -11.21     8.20    11.91       -11.14     8.17    11.90     0.073
    6.90    11.10   -10.92         6.90    11.09   -10.94     0.027
  -13.33     5.19   -41.35       -13.39     5.12   -41.29     0.118
  -23.11     2.93   -44.43       -23.13     2.83   -44.25     0.206
    1.39    -6.12   -26.92         1.40    -6.11   -26.98     0.063
  -15.75   -11.06    -2.12       -15.87   -11.23    -2.22     0.234
    9.61    22.77    -6.67         9.53    22.84    -6.76     0.138
   -8.07   -23.02   -39.85        -8.03   -23.09   -39.97     0.141
   -6.63     8.67    47.42        -6.69     8.68    47.40     0.069
  -35.16     6.99   -29.53       -34.99     6.81   -29.50     0.251
   11.74    -6.47   -22.09        11.73    -6.44   -21.88     0.212
   14.88    25.57    -8.27        14.84    25.77    -8.34     0.224
  -35.54   -19.16   -41.61       -35.50   -19.03   -41.55     0.142
   35.45    15.27     2.41        35.56    15.29     2.37     0.115
  -24.32    12.18   -26.39       -24.29    12.04   -26.43     0.154
   14.88    18.37   -31.24        14.96    18.41   -31.00     0.258
   -6.45    11.63    44.72        -6.54    11.64    44.71     0.101
    8.29    20.50    55.90         8.32    20.47    55.88     0.047
    9.60   -14.49   -17.21         9.53   -14.32   -17.16     0.194
  -38.68     2.97   -31.83       -38.45     2.79   -31.74     0.303
  -28.41    -1.56   -11.22       -28.58    -1.27   -11.41     0.383
   28.42    -7.81   -24.31        28.31    -7.66   -24.04     0.331
   -9.42     7.14    28.02        -9.61     7.07    28.06     0.205
   27.32    22.85    -5.95        27.35    23.02    -6.05     0.201
   18.40     0.64    62.19        18.48     0.53    62.26     0.152
   21.40   -13.80   -19.84        21.56   -13.45   -19.93     0.400
  -37.04    -2.30   -41.12       -36.83    -2.35   -40.96     0.263
   34.47    -2.85   -20.76        34.29    -2.83   -20.72     0.189
  -28.42    -3.20   -10.14       -28.44    -3.17   -10.19     0.058
   15.48     8.60    62.94        15.48     8.57    63.17     0.228
   28.20    21.67     6.77        28.31    21.86     6.76     0.220
  -28.65     3.54   -42.16       -28.56     3.40   -41.98     0.249
   39.90     6.63    -0.35        40.16     6.24    -0.31     0.472
   -2.24    -7.40   -36.64        -2.13    -7.35   -36.71     0.133
   22.43    24.84   -11.25        22.53    25.06   -11.27     0.241
  -41.01     0.70   -24.22       -40.81     0.64   -24.28     0.214
   32.38    -5.22    10.59        32.27    -5.06    10.48     0.228
  -19.21   -31.62   -19.89       -19.23   -31.86   -19.90     0.234
   -6.76   -25.15   -35.25        -6.66   -25.29   -35.35     0.193
    3.53   -12.19     7.78         3.51   -12.16     7.75     0.053
   16.56    17.99    57.57        16.54    17.89    57.53     0.107
   -5.39    11.97    58.89        -5.35    11.95    58.87     0.044
   -6.78     9.66    44.33        -6.87     9.67    44.32     0.087
  -14.63     3.80    -2.15       -14.55     3.72    -2.18     0.119
  -31.71   -18.83    -8.51       -31.76   -18.79    -8.52     0.066
   17.94    22.19   -27.75        17.95    22.19   -27.79     0.044
    6.05   -12.10   -22.41         5.97   -12.05   -22.34     0.115
  -40.55   -21.29   -28.45       -40.58   -21.13   -28.34     0.197
  -27.09     7.11   -15.77       -27.10     7.15   -15.79     0.049
    4.14    22.14     3.89         4.05    22.22     3.83     0.134
   21.20   -11.38   -21.70        21.21   -11.26   -21.45     0.277
   -3.44    18.63    10.49        -3.39    18.60    10.50     0.067
   33.29    -5.50   -21.61        33.07    -5.41   -21.59     0.242
   -5.08    -5.59    28.83        -5.13    -5.62    28.80     0.068
   31.78     7.93   -26.80        31.65     7.89   -26.74     0.150
   -3.04   -11.88     4.37        -3.08   -11.92     4.35     0.060
    7.23    24.33     3.11         7.14    24.45     3.05     0.161
   31.01    -9.89   -14.41        30.87    -9.85   -14.46     0.151
   28.44    20.58     9.59        28.60    20.75     9.64     0.235
   -9.32   -18.42   -44.19        -9.33   -18.41   -44.28     0.094
  -34.89     3.51   -15.24       -34.83     3.45   -15.37     0.151
   15.74    -8.09    14.14        15.70    -8.02    14.09     0.099
  -18.00   -32.20   -29.80       -18.02   -32.37   -29.87     0.180
   33.19    -5.51   -22.00        32.96    -5.41   -21.95     0.246
  -35.02   -16.90   -43.74       -34.98   -16.78   -43.68     0.142
   -9.72    23.52    19.48        -9.63    23.34    19.59     0.235
  -43.66   -10.13   -22.14       -43.55   -10.05   -22.19     0.142
   26.36    23.00   -16.92        26.50    23.23   -16.95     0.271
   -5.64   -10.84     6.18        -5.69   -10.91     6.18     0.085
   19.11    20.39    35.78        19.10    20.33    35.74     0.075
   12.67    18.60   -29.96        12.74    18.61   -29.93     0.078
   21.59    14.13    45.33        21.56    14.07    45.29     0.082
  -15.02   -31.52   -24.54       -15.02   -31.73   -24.56     0.209
  -36.46   -25.76   -31.45       -36.49   -25.67   -31.48     0.095
   -1.99    16.02    56.87        -1.93    15.95    56.84     0.094
   -0.69    21.57    36.86        -0.67    21.46    36.81     0.124
   15.47   -11.15     6.36        15.43   -11.11     6.29     0.085
  -13.84   -31.03   -29.83       -13.83   -31.20   -29.89     0.188
    9.50    25.42     0.99         9.41    25.56     0.92     0.182
   20.13    -1.23    49.49        20.11    -1.25    49.46     0.045
  -15.17   -19.79    -7.95       -15.13   -19.91    -7.76     0.234
   35.79     7.53   -18.59        35.73     7.48   -18.61     0.080
   13.04    -5.68    59.54        13.08    -5.78    59.51     0.117
  -15.35    -7.56     1.23       -15.43    -7.58     1.24     0.086
  -32.49     8.13   -20.67       -32.38     8.02   -20.74     0.171
  -18.83   -10.22   -49.26       -18.89   -10.23   -49.16     0.112
   -6.85     4.10    56.64        -6.90     4.09    56.61     0.058
  -36.98   -24.45   -33.67       -36.97   -24.33   -33.67     0.115
   -7.31     8.47    39.46        -7.46     8.46    39.46     0.148
  -30.15     6.59   -38.29       -30.03     6.43   -38.18     0.229
  -17.70     6.19   -13.62       -17.71     6.24   -13.63     0.050
   20.35   -10.01     4.34        20.29    -9.98     4.28     0.090
   28.12    21.96   -15.94        28.27    22.14   -15.96     0.236
    7.62    -9.41   -23.15         7.53    -9.32   -23.03     0.174
   -6.84     4.56    53.28        -6.92     4.55    53.26     0.082
   14.04    -3.91    62.44        14.14    -4.29    62.44     0.393
    6.58    19.68    60.63         6.56    19.73    60.58     0.080
  -12.33   -28.17   -16.99       -12.38   -28.27   -16.95     0.117
  -22.40    12.39   -26.44       -22.38    12.26   -26.48     0.140
   39.86     6.93    -0.97        39.99     6.92    -0.99     0.130
   34.14    -1.20    12.49        34.22    -1.04    12.57     0.199
  -21.37   -12.68   -47.85       -21.41   -12.73   -47.88     0.075
   -0.35    -6.06    44.55        -0.41    -6.19    44.52     0.149
   28.81    -5.61    12.69        28.74    -5.50    12.57     0.179
   24.30     3.25    37.36        24.29     3.21    37.32     0.052
   22.59    10.29    49.08        22.55    10.24    49.04     0.071
  -24.29   -31.58   -19.83       -24.39   -31.72   -19.84     0.167
   -6.71    20.07    14.01        -6.62    19.96    14.12     0.185
   34.39    -4.88     8.13        34.24    -4.77     8.04     0.201
   -3.74    24.24    29.23        -3.74    24.10    29.18     0.148
