200 PA4-C-Debug-Output.txt
   -5.65    11.03    56.86        -5.70    11.00    56.95     0.107
  -13.62   -28.84   -17.15       -13.68   -28.86   -17.15     0.059
  -12.42    -1.28   -45.36       -12.46    -1.35   -45.39     0.080
   20.28    14.04    53.94        20.47    13.84    53.61     0.432
   -6.48   -12.68     1.05        -6.52   -12.70     1.03     0.042
    7.90    22.50    30.33         7.93    22.55    30.26     0.091
   11.43    -2.29    63.00        11.46    -2.22    63.20     0.220
    6.78    19.88    58.75         6.84    19.87    58.68     0.101
   28.13     9.82   -29.95        28.04     9.67   -29.84     0.217
  -12.51    14.70    16.94       -12.37    14.75    17.06     0.192
   24.76    22.97   -21.49        24.80    22.94   -21.61     0.125
  -40.87   -19.30   -30.31       -40.81   -19.29   -30.29     0.061
   -8.44   -22.68   -11.98        -8.47   -22.71   -11.98     0.048
  -25.90   -26.67   -11.42       -25.95   -26.69   -11.39     0.059
  -13.09   -11.67    -0.64       -13.14   -11.71    -0.63     0.071
  -27.89     9.66   -32.49       -27.92     9.68   -32.54     0.071
   14.20    21.84    43.89        14.20    21.79    43.81     0.097
   -8.66     6.99    30.42        -8.76     6.98    30.41     0.106
   15.78    21.22    41.59        15.79    21.19    41.51     0.091
    0.41    20.36     7.68         0.50    20.29     7.65     0.120
  -10.78   -30.27   -27.88       -10.90   -30.20   -27.86     0.136
   20.53     0.13    52.32        20.55     0.16    52.26     0.061
   14.49    25.66    -8.56        14.51    25.62    -8.64     0.097
    7.28   -16.37   -13.53         7.22   -16.32   -13.56     0.081
  -27.24   -30.82   -18.64       -27.26   -30.76   -18.66     0.065
   -1.12   -20.23   -32.65        -1.19   -20.27   -32.67     0.084
  -35.48   -16.56    -9.80       -35.53   -16.54    -9.80     0.052
  -13.52    21.72    20.43       -13.40    21.70    20.41     0.120
  -18.18     4.39   -11.48       -18.24     4.53   -11.46     0.158
   24.64    17.31    23.53        24.72    17.32    23.46     0.097
  -11.72   -13.74   -47.20       -11.82   -13.78   -47.05     0.184
  -25.91     9.89   -19.03       -25.97    10.06   -18.98     0.182
  -14.21     2.23     3.43       -14.30     2.29     3.42     0.101
  -39.05   -18.08   -37.76       -39.00   -17.97   -37.65     0.165
  -26.10     3.83   -42.73       -26.10     3.76   -42.73     0.069
   -5.09    -1.85    54.00        -5.17    -1.84    53.95     0.093
    2.90    -6.83    44.86         2.89    -6.86    44.82     0.053
  -10.29    22.13    18.09       -10.19    22.03    18.15     0.151
   11.80    24.70    15.78        11.86    24.76    15.69     0.124
    4.42    19.17    56.06         4.47    19.17    55.98     0.094
   23.85     6.72   -30.62        23.92     6.67   -30.35     0.286
  -18.07     5.49   -13.30       -18.15     5.63   -13.20     0.193
    1.00    23.10    29.43         1.08    23.17    29.36     0.130
  -32.12     8.85   -24.87       -32.17     8.93   -24.91     0.101
   20.85     0.04   -25.58        21.03     0.04   -25.48     0.204
   -5.02    20.22    13.14        -4.92    20.11    13.19     0.156
  -28.79     7.74   -36.37       -28.80     7.72   -36.41     0.051
  -34.34     7.42   -28.51       -34.38     7.45   -28.56     0.073
   22.88     3.11    44.62        22.90     3.12    44.56     0.062
    2.69   -18.37   -14.71         2.61   -18.34   -14.73     0.089
   -0.44   -12.67     2.11        -0.46   -12.67     2.07     0.040
  -18.12   -15.99   -48.26       -18.21   -15.95   -48.07     0.210
   22.01     1.03    45.37        22.04     1.04    45.32     0.060
   21.46   -13.26   -18.84        21.47   -13.24   -18.89     0.055
   12.00    12.02    62.87        12.04    12.08    63.12     0.259
   38.18    11.01     4.72        38.22    10.97     4.65     0.094
    8.17    -6.67    36.96         8.18    -6.69    36.92     0.047
  -24.88    11.19   -21.50       -24.92    11.29   -21.54     0.116
    5.84   -14.59   -21.07         5.92   -14.40   -20.94     0.246
   24.61    12.63    32.28        24.65    12.63    32.22     0.078
  -36.29   -25.21   -33.91       -36.37   -25.01   -33.70     0.307
  -22.42     8.64   -37.88       -22.43     8.61   -37.93     0.059
   35.94    13.55   -10.89        35.93    13.47   -10.97     0.109
    6.37   -14.44   -20.50         6.24   -14.39   -20.47     0.143
   -7.08     8.55    41.32        -7.17     8.59    41.28     0.107
  -21.38     4.00   -43.19       -21.41     3.93   -43.20     0.071
   21.16    14.00   -30.85        21.03    13.89   -30.73     0.209
   15.07    -7.61   -22.29        15.07    -7.61   -22.05     0.243
    7.86   -14.64    -0.64         7.82   -14.70    -0.65     0.076
   -5.00    -0.79   -37.50        -4.93    -0.77   -37.45     0.095
    3.06    -6.91    40.33         3.06    -6.95    40.29     0.055
   22.44   -16.09   -12.36        22.33   -16.02   -12.35     0.125
   -7.05     4.62   -33.53        -6.92     4.65   -33.54     0.131
  -10.05    12.88    13.61        -9.93    12.82    13.61     0.138
   36.57    13.97     5.24        36.61    13.93     5.16     0.098
   12.29    16.58   -22.40        12.35    16.55   -22.48     0.104
  -25.32   -32.62   -23.59       -25.38   -32.52   -23.61     0.113
  -14.80   -16.96   -47.42       -14.87   -16.96   -47.22     0.207
  -16.18    17.62    23.36       -16.14    17.65    23.30     0.079
   -8.41   -26.24   -36.79        -8.55   -26.18   -36.72     0.168
  -29.16     4.84   -40.54       -29.14     4.76   -40.50     0.088
   13.66    18.63    62.16        13.77    18.76    62.27     0.203
   21.60    25.46    -7.07        21.64    25.47    -7.17     0.102
  -27.44    10.88   -23.15       -27.50    11.02   -23.17     0.154
    3.66    24.41    15.46         3.68    24.44    15.37     0.094
   18.84    20.46   -28.93        18.77    20.30   -28.90     0.171
   27.87   -11.62   -10.96        27.85   -11.69   -11.00     0.086
  -20.97   -21.50    -7.56       -20.83   -21.14    -7.28     0.476
   -0.55    -6.27    40.47        -0.59    -6.30    40.44     0.061
    7.06   -12.54     5.91         7.03   -12.51     5.82     0.098
   17.39    21.20   -29.17        17.24    21.16   -29.06     0.191
   16.50    -4.74    46.21        16.53    -4.76    46.17     0.054
   21.01   -13.40   -18.60        21.20   -13.06   -18.69     0.398
   17.89    -7.13    15.98        17.89    -7.18    15.94     0.059
   22.01    21.07    21.06        22.08    21.09    20.99     0.100
  -40.26   -16.84   -16.14       -40.28   -16.81   -16.15     0.040
   -0.38   -10.52   -31.79        -0.36   -10.56   -31.84     0.063
  -26.13   -32.47   -23.19       -26.19   -32.37   -23.20     0.110
   -1.70     0.53    63.21        -1.68     0.60    63.43     0.227
  -25.98   -13.45   -48.36       -26.00   -13.43   -48.15     0.205
    3.94    -6.01   -24.95         3.82    -6.08   -24.85     0.165
   13.38    -5.68    57.04        13.42    -5.70    57.00     0.056
   -2.06   -21.57   -33.50        -2.17   -21.60   -33.49     0.112
    1.56    -5.35    63.29         1.56    -5.28    63.50     0.220
   33.28    13.40   -20.40        33.28    13.32   -20.47     0.113
  -11.77   -27.94   -16.45       -11.82   -27.95   -16.46     0.056
   15.44    -8.65    11.90        15.43    -8.71    11.87     0.068
  -22.00   -31.45   -35.10       -22.03   -31.28   -35.01     0.196
   23.94     7.42    41.48        23.94     7.43    41.41     0.068
  -30.65     0.63   -43.10       -30.64     0.56   -43.07     0.078
   34.93    15.24     6.28        35.05    15.29     6.25     0.132
    6.08    20.11    -3.71         6.18    20.05    -3.75     0.128
   15.79    -0.05   -21.98        15.87    -0.13   -21.76     0.243
   18.60    -8.65     9.52        18.59    -8.71     9.49     0.066
   17.07    22.27    28.90        17.10    22.29    28.82     0.088
   25.43    -6.71    10.91        25.42    -6.80    10.88     0.092
  -27.97    10.05   -20.65       -28.03    10.18   -20.66     0.148
  -31.92     8.76   -29.41       -31.97     8.81   -29.46     0.085
   -8.33     7.79   -25.00        -8.36     7.92   -24.88     0.183
   -2.34   -20.50   -13.94        -2.39   -20.51   -13.91     0.056
   22.55    13.74    40.99        22.55    13.74    40.91     0.077
   -9.45   -28.74   -32.04        -9.57   -28.70   -32.03     0.132
  -12.94    10.79    20.21       -12.87    10.87    20.19     0.111
   13.03    27.28     0.15        13.06    27.26     0.06     0.094
    9.71   -11.25     9.08         9.70   -11.31     9.07     0.062
  -11.22     7.26    10.27       -11.15     7.25    10.11     0.171
  -42.08   -14.36   -18.82       -42.09   -14.33   -18.84     0.035
   -6.13     0.23    41.48        -6.20     0.26    41.44     0.087
  -25.31     7.98   -38.15       -25.33     7.96   -38.20     0.057
    0.10    -8.19    26.92         0.09    -8.23    26.89     0.049
  -24.68   -21.58    -7.46       -24.72   -21.61    -7.37     0.098
   37.22    12.56    -4.58        37.25    12.52    -4.66     0.096
   17.60    26.27     6.38        17.66    26.35     6.32     0.119
  -43.36   -12.65   -26.37       -43.30   -12.66   -26.31     0.082
   -9.40    -3.54    16.77        -9.46    -3.54    16.74     0.071
   29.65    20.81     6.21        29.72    20.81     6.14     0.107
  -29.84     4.65   -40.40       -29.83     4.57   -40.36     0.087
   19.46    22.70   -26.75        19.46    22.58   -26.80     0.128
   21.67    10.32    55.93        21.63    10.33    55.86     0.089
   -3.73    18.47    10.56        -3.63    18.40    10.56     0.125
   -5.16     0.11   -36.03        -5.10     0.10   -36.10     0.082
   22.85    13.54    39.57        22.84    13.53    39.49     0.078
   -6.24   -27.14   -23.14        -6.33   -27.12   -23.16     0.096
   13.09     7.44    62.74        13.09     7.48    63.00     0.264
   -8.70   -20.86   -42.95        -8.84   -20.83   -42.84     0.181
   10.65    -6.64    52.73        10.67    -6.66    52.68     0.052
   29.54    -1.86    17.10        29.63    -1.96    17.12     0.139
    3.48    -5.51    63.25         3.49    -5.45    63.46     0.219
  -14.20   -15.21   -47.99       -14.29   -15.19   -47.80     0.212
  -12.03     9.34    19.08       -12.04     9.36    19.03     0.060
   12.33    16.97   -21.17        12.35    16.98   -21.22     0.052
   20.62    25.94     1.98        20.68    25.98     1.90     0.105
   21.47    22.39   -25.70        21.46    22.27   -25.75     0.129
   -3.75   -16.08    -4.91        -3.78   -16.13    -4.92     0.054
   -4.31    13.65    56.86        -4.31    13.74    56.80     0.106
  -30.40     6.34   -37.92       -30.40     6.30   -37.95     0.048
   38.94     2.05     6.68        39.01     1.97     6.64     0.114
   -6.50    17.10    12.40        -6.36    17.06    12.44     0.152
  -16.06    19.12    24.07       -15.97    19.15    24.03     0.103
   14.34   -16.93   -10.64        14.34   -16.82   -10.63     0.110
    4.08    -7.31    59.19         4.07    -7.37    59.15     0.075
   31.63    -7.62    -0.65        31.62    -7.69    -0.70     0.081
   -4.69    16.83    10.18        -4.57    16.76    10.21     0.148
   33.84    -5.45     6.67        33.84    -5.52     6.62     0.087
  -33.06     5.70   -16.55       -33.13     5.83   -16.54     0.151
  -36.73     5.50   -28.21       -36.77     5.54   -28.26     0.076
    6.70    -1.14   -22.49         6.65    -1.27   -22.38     0.177
    1.48    -0.33   -24.42         1.36    -0.38   -24.31     0.174
    7.57     3.80    62.93         7.62     3.87    63.14     0.230
   22.85   -12.08    -2.23        22.85   -12.19    -2.22     0.116
  -11.64   -30.03   -31.89       -11.76   -29.96   -31.86     0.147
   30.83    16.32   -22.02        30.76    16.19   -22.05     0.143
   -0.17   -20.43   -25.69        -0.26   -20.44   -25.70     0.099
   18.66   -17.25    -8.34        18.61   -17.24    -8.37     0.063
   -7.40    21.22    36.61        -7.40    21.38    36.63     0.162
   -9.63   -24.14   -12.85        -9.65   -24.19   -12.82     0.067
   -3.21    -5.80    34.33        -3.07    -6.28    34.01     0.589
   14.66    15.32    62.85        14.69    15.37    63.12     0.275
   -1.77    12.15    -2.34        -1.74    12.09    -2.38     0.079
   -6.42   -25.44   -18.28        -6.47   -25.47   -18.29     0.059
  -20.83   -32.79   -30.58       -20.92   -32.66   -30.76     0.249
  -40.83   -18.93   -19.31       -40.82   -18.89   -19.32     0.040
   15.42    22.73    27.38        15.46    22.77    27.31     0.091
   20.71    18.01    36.14        20.74    18.02    36.06     0.083
  -13.68    -1.33     7.31       -13.76    -1.33     7.30     0.080
   -0.08     4.41   -22.38        -0.11     4.34   -22.40     0.085
  -30.87    -6.00   -46.66       -30.82    -6.09   -46.60     0.125
    7.58    23.40    24.40         7.61    23.47    24.33     0.100
   -8.26     6.08    30.60        -8.33     6.09    30.57     0.075
   21.26    -7.72    10.40        21.26    -7.79    10.37     0.074
   20.00    22.12    21.64        20.03    22.13    21.56     0.088
   25.07    -5.19    16.30        25.08    -5.25    16.26     0.076
  -31.39   -29.46   -20.53       -31.39   -29.37   -20.54     0.090
    8.03    21.42    39.24         8.07    21.39    39.16     0.091
   37.44    12.53    -0.46        37.50    12.52    -0.53     0.095
   38.16     2.40     8.29        38.31     2.33     8.34     0.177
   17.11   -12.57     2.52        17.13   -12.64     2.51     0.075
  -15.06    12.49    23.30       -15.04    12.52    23.24     0.067
   -0.37   -12.70   -34.20        -0.37   -12.74   -34.25     0.059
   32.18    17.02   -17.17        32.25    16.91   -17.20     0.128
