27, 8, pa1-unknown-k-output1.txt
  206.04,   206.12,   193.14
  400.62,   392.67,   203.25
  208.20,   211.82,   211.86
  210.17,   210.07,   336.83
  212.14,   208.31,   461.81
  208.23,   336.81,   213.61
  210.20,   335.05,   338.59
  212.17,   333.30,   463.56
  208.25,   461.79,   215.37
  210.22,   460.04,   340.34
  212.19,   458.29,   465.31
  333.19,   211.82,   209.89
  335.16,   210.07,   334.86
  337.13,   208.32,   459.84
  333.21,   336.81,   211.64
  335.18,   335.06,   336.62
  337.15,   333.31,   461.59
  333.23,   461.80,   213.40
  335.20,   460.05,   338.37
  337.17,   458.29,   463.34
  458.17,   211.83,   207.92
  460.14,   210.08,   332.89
  462.11,   208.32,   457.87
  458.19,   336.82,   209.67
  460.16,   335.06,   334.65
  462.14,   333.31,   459.62
  458.22,   461.80,   211.43
  460.19,   460.05,   336.40
  462.16,   458.30,   461.37
  208.37,   211.34,   450.30
  210.59,   213.58,   575.26
  212.80,   215.82,   700.22
  205.01,   336.27,   448.12
  207.23,   338.51,   573.08
  209.44,   340.75,   698.04
  201.65,   461.21,   445.94
  203.86,   463.45,   570.90
  206.08,   465.69,   695.86
  333.31,   214.66,   448.02
  335.52,   216.90,   572.99
  337.73,   219.14,   697.95
  329.95,   339.60,   445.84
  332.16,   341.84,   570.81
  334.37,   344.08,   695.77
  326.59,   464.53,   443.66
  328.80,   466.77,   568.62
  331.01,   469.01,   693.59
  458.24,   217.98,   445.75
  460.46,   220.22,   570.71
  462.67,   222.46,   695.67
  454.88,   342.92,   443.57
  457.10,   345.16,   568.53
  459.31,   347.40,   693.49
  451.52,   467.85,   441.39
  453.73,   470.09,   566.35
  455.95,   472.33,   691.31
  208.60,   449.53,   211.01
  208.19,   450.63,   336.01
  207.78,   451.73,   461.00
  210.58,   574.51,   209.92
  210.17,   575.61,   334.91
  209.76,   576.71,   459.91
  212.56,   699.49,   208.82
  212.15,   700.59,   333.82
  211.74,   701.69,   458.81
  333.58,   447.55,   211.44
  333.17,   448.65,   336.44
  332.76,   449.75,   461.43
  335.56,   572.53,   210.34
  335.15,   573.63,   335.34
  334.74,   574.73,   460.33
  337.55,   697.51,   209.25
  337.14,   698.61,   334.24
  336.73,   699.71,   459.24
  458.56,   445.57,   211.87
  458.15,   446.67,   336.86
  457.75,   447.78,   461.86
  460.55,   570.55,   210.77
  460.14,   571.65,   335.77
  459.73,   572.76,   460.76
  462.53,   695.53,   209.67
  462.12,   696.63,   334.67
  461.71,   697.73,   459.66
  211.97,   448.70,   450.39
  211.94,   451.17,   575.36
  211.92,   453.64,   700.34
  212.36,   573.68,   447.92
  212.34,   576.14,   572.90
  212.31,   578.61,   697.87
  212.76,   698.65,   445.45
  212.73,   701.12,   570.43
  212.70,   703.59,   695.40
  336.97,   448.31,   450.42
  336.94,   450.78,   575.40
  336.92,   453.24,   700.37
  337.36,   573.28,   447.95
  337.34,   575.75,   572.93
  337.31,   578.22,   697.91
  337.76,   698.26,   445.49
  337.73,   700.73,   570.46
  337.70,   703.19,   695.44
  461.97,   447.92,   450.46
  461.94,   450.39,   575.43
  461.92,   452.85,   700.41
  462.36,   572.89,   447.99
  462.34,   575.36,   572.97
  462.31,   577.83,   697.94
  462.75,   697.87,   445.52
  462.73,   700.34,   570.50
  462.70,   702.80,   695.47
  449.84,   210.70,   211.21
  450.06,   213.80,   336.17
  450.27,   216.90,   461.13
  452.98,   335.62,   208.11
  453.19,   338.72,   333.07
  453.41,   341.82,   458.03
  456.12,   460.54,   205.00
  456.33,   463.64,   329.96
  456.55,   466.74,   454.92
  574.80,   207.56,   211.07
  575.02,   210.66,   336.03
  575.23,   213.76,   460.99
  577.94,   332.48,   207.96
  578.16,   335.58,   332.93
  578.37,   338.68,   457.89
  581.08,   457.40,   204.86
  581.29,   460.50,   329.82
  581.51,   463.60,   454.78
  699.76,   204.41,   210.93
  699.98,   207.51,   335.89
  700.19,   210.61,   460.85
  702.90,   329.33,   207.82
  703.12,   332.43,   332.79
  703.33,   335.53,   457.75
  706.04,   454.26,   204.72
  706.26,   457.36,   329.68
  706.47,   460.46,   454.64
  450.87,   211.89,   449.92
  452.41,   210.81,   574.90
  453.96,   209.73,   699.89
  449.64,   336.88,   451.02
  451.19,   335.80,   576.00
  452.73,   334.72,   700.99
  448.42,   461.87,   452.12
  449.96,   460.79,   577.10
  451.50,   459.70,   702.09
  575.85,   213.13,   448.39
  577.40,   212.05,   573.37
  578.94,   210.96,   698.36
  574.63,   338.12,   449.48
  576.17,   337.04,   574.47
  577.71,   335.95,   699.46
  573.40,   463.11,   450.58
  574.95,   462.03,   575.57
  576.49,   460.94,   700.55
  700.84,   214.37,   446.85
  702.38,   213.29,   571.84
  703.92,   212.20,   696.83
  699.61,   339.36,   447.95
  701.16,   338.28,   572.94
  702.70,   337.19,   697.92
  698.39,   464.35,   449.05
  699.93,   463.27,   574.04
  701.47,   462.18,   699.02
  448.86,   450.26,   210.03
  447.15,   449.52,   335.02
  445.44,   448.78,   460.01
  446.57,   575.24,   210.74
  444.86,   574.50,   335.73
  443.15,   573.76,   460.72
  444.29,   700.22,   211.45
  442.58,   699.48,   336.44
  440.87,   698.73,   461.43
  573.83,   452.54,   211.76
  572.12,   451.80,   336.74
  570.41,   451.06,   461.73
  571.54,   577.52,   212.47
  569.83,   576.77,   337.45
  568.12,   576.03,   462.44
  569.25,   702.49,   213.18
  567.54,   701.75,   338.16
  565.84,   701.01,   463.15
  698.79,   454.81,   213.48
  697.08,   454.07,   338.47
  695.37,   453.33,   463.45
  696.51,   579.79,   214.19
  694.80,   579.05,   339.18
  693.09,   578.31,   464.16
  694.22,   704.77,   214.90
  692.51,   704.03,   339.88
  690.80,   703.29,   464.87
  450.02,   451.42,   449.31
  446.32,   450.66,   574.26
  442.62,   449.91,   699.20
  449.20,   576.41,   450.05
  445.49,   575.66,   574.99
  441.79,   574.90,   699.93
  448.37,   701.41,   450.78
  444.66,   700.65,   575.72
  440.96,   699.90,   700.66
  574.97,   452.23,   453.02
  571.26,   451.47,   577.97
  567.56,   450.71,   702.91
  574.14,   577.22,   453.76
  570.43,   576.46,   578.70
  566.73,   575.71,   703.64
  573.31,   702.22,   454.49
  569.61,   701.46,   579.43
  565.90,   700.70,   704.37
  699.91,   453.03,   456.73
  696.21,   452.28,   581.68
  692.50,   451.52,   706.62
  699.08,   578.03,   457.46
  695.38,   577.27,   582.41
  691.67,   576.51,   707.35
  698.25,   703.02,   458.20
  694.55,   702.27,   583.14
  690.84,   701.51,   708.08
