27, 8, pa1-unknown-i-output1.txt
  189.32,   194.79,   195.32
  400.69,   391.14,   205.80
  209.60,   211.48,   208.12
  209.10,   211.19,   333.12
  208.59,   210.90,   458.11
  208.37,   336.47,   208.40
  207.87,   336.19,   333.40
  207.37,   335.90,   458.40
  207.15,   461.47,   208.68
  206.64,   461.18,   333.68
  206.14,   460.89,   458.68
  334.59,   212.70,   208.62
  334.09,   212.42,   333.62
  333.59,   212.13,   458.62
  333.37,   337.70,   208.91
  332.86,   337.41,   333.90
  332.36,   337.12,   458.90
  332.14,   462.69,   209.19
  331.64,   462.40,   334.19
  331.13,   462.12,   459.19
  459.59,   213.93,   209.13
  459.08,   213.64,   334.13
  458.58,   213.35,   459.13
  458.36,   338.92,   209.41
  457.86,   338.64,   334.41
  457.35,   338.35,   459.41
  457.13,   463.92,   209.69
  456.63,   463.63,   334.69
  456.13,   463.34,   459.69
  210.62,   209.08,   448.78
  212.13,   205.42,   573.72
  213.64,   201.77,   698.66
  208.22,   334.00,   452.47
  209.73,   330.35,   577.40
  211.24,   326.69,   702.34
  205.82,   458.92,   456.15
  207.33,   455.27,   581.09
  208.83,   451.62,   706.02
  335.59,   211.52,   447.35
  337.10,   207.87,   572.28
  338.61,   204.22,   697.22
  333.19,   336.45,   451.03
  334.70,   332.79,   575.97
  336.21,   329.14,   700.90
  330.79,   461.37,   454.71
  332.29,   457.71,   579.65
  333.80,   454.06,   704.59
  460.56,   213.97,   445.91
  462.07,   210.32,   570.85
  463.58,   206.66,   695.79
  458.16,   338.89,   449.59
  459.66,   335.24,   574.53
  461.17,   331.58,   699.47
  455.75,   463.81,   453.27
  457.26,   460.16,   578.21
  458.77,   456.51,   703.15
  209.77,   448.70,   209.97
  208.27,   449.96,   334.95
  206.76,   451.23,   459.94
  207.60,   573.67,   208.68
  206.10,   574.94,   333.66
  204.60,   576.21,   458.65
  205.44,   698.65,   207.38
  203.93,   699.91,   332.37
  202.43,   701.18,   457.35
  334.74,   450.88,   211.45
  333.24,   452.15,   336.43
  331.74,   453.41,   461.42
  332.57,   575.85,   210.16
  331.07,   577.12,   335.14
  329.57,   578.39,   460.12
  330.41,   700.83,   208.86
  328.91,   702.09,   333.85
  327.41,   703.36,   458.83
  459.71,   453.06,   212.93
  458.21,   454.33,   337.91
  456.71,   455.59,   462.90
  457.54,   578.03,   211.63
  456.04,   579.30,   336.62
  454.54,   580.57,   461.60
  455.38,   703.01,   210.34
  453.88,   704.27,   335.33
  452.38,   705.54,   460.31
  209.47,   451.64,   450.66
  212.18,   450.82,   575.63
  214.88,   449.99,   700.60
  209.73,   576.64,   451.48
  212.43,   575.81,   576.45
  215.14,   574.99,   701.41
  209.98,   701.63,   452.30
  212.69,   700.81,   577.26
  215.39,   699.99,   702.23
  334.44,   451.40,   447.95
  337.15,   450.58,   572.92
  339.85,   449.76,   697.89
  334.70,   576.40,   448.77
  337.40,   575.58,   573.74
  340.11,   574.75,   698.71
  334.95,   701.40,   449.59
  337.66,   700.57,   574.56
  340.36,   699.75,   699.53
  459.41,   451.17,   445.25
  462.12,   450.34,   570.22
  464.82,   449.52,   695.18
  459.67,   576.16,   446.07
  462.37,   575.34,   571.03
  465.08,   574.52,   696.00
  459.92,   701.16,   446.88
  462.63,   700.34,   571.85
  465.33,   699.51,   696.82
  451.91,   210.82,   210.45
  453.90,   209.43,   335.42
  455.90,   208.05,   460.40
  453.72,   335.80,   211.80
  455.71,   334.41,   336.78
  457.71,   333.03,   461.75
  455.52,   460.78,   213.15
  457.52,   459.39,   338.13
  459.52,   458.01,   463.11
  576.88,   209.03,   208.43
  578.87,   207.65,   333.41
  580.87,   206.27,   458.38
  578.69,   334.01,   209.78
  580.68,   332.63,   334.76
  582.68,   331.24,   459.74
  580.50,   458.99,   211.14
  582.49,   457.61,   336.11
  584.49,   456.22,   461.09
  701.85,   207.24,   206.42
  703.84,   205.86,   331.39
  705.84,   204.48,   456.37
  703.66,   332.22,   207.77
  705.65,   330.84,   332.75
  707.65,   329.46,   457.72
  705.47,   457.20,   209.12
  707.46,   455.82,   334.10
  709.46,   454.44,   459.07
  449.41,   210.08,   451.27
  447.87,   211.31,   576.26
  446.32,   212.54,   701.24
  446.25,   335.04,   450.01
  444.71,   336.27,   574.99
  443.16,   337.49,   699.98
  443.09,   459.99,   448.74
  441.55,   461.22,   573.72
  440.00,   462.45,   698.71
  574.36,   213.26,   452.79
  572.82,   214.49,   577.77
  571.27,   215.72,   702.76
  571.20,   338.21,   451.52
  569.66,   339.44,   576.50
  568.11,   340.67,   701.49
  568.04,   463.17,   450.25
  566.50,   464.40,   575.24
  564.95,   465.62,   700.22
  699.31,   216.44,   454.30
  697.77,   217.66,   579.28
  696.22,   218.89,   704.27
  696.15,   341.39,   453.03
  694.61,   342.62,   578.02
  693.06,   343.85,   703.00
  692.99,   466.34,   451.76
  691.45,   467.57,   576.75
  689.90,   468.80,   701.73
  448.31,   448.46,   210.15
  450.46,   449.66,   335.12
  452.62,   450.86,   460.10
  446.22,   573.44,   208.98
  448.38,   574.64,   333.96
  450.54,   575.84,   458.93
  444.14,   698.41,   207.82
  446.30,   699.61,   332.79
  448.45,   700.82,   457.77
  573.27,   450.52,   207.97
  575.43,   451.72,   332.95
  577.59,   452.93,   457.92
  571.19,   575.50,   206.81
  573.34,   576.70,   331.78
  575.50,   577.90,   456.76
  569.10,   700.48,   205.64
  571.26,   701.68,   330.62
  573.42,   702.88,   455.59
  698.24,   452.59,   205.79
  700.39,   453.79,   330.77
  702.55,   454.99,   455.75
  696.15,   577.56,   204.63
  698.31,   578.77,   329.60
  700.47,   579.97,   454.58
  694.07,   702.54,   203.46
  696.22,   703.74,   328.44
  698.38,   704.94,   453.41
  450.08,   451.09,   449.22
  452.43,   448.48,   574.17
  454.78,   445.87,   699.12
  447.84,   576.04,   451.87
  450.19,   573.43,   576.82
  452.54,   570.82,   701.77
  445.59,   700.99,   454.52
  447.94,   698.38,   579.47
  450.29,   695.77,   704.42
  575.04,   453.38,   446.92
  577.39,   450.77,   571.87
  579.74,   448.16,   696.82
  572.79,   578.34,   449.57
  575.14,   575.73,   574.52
  577.50,   573.12,   699.47
  570.55,   703.29,   452.22
  572.90,   700.68,   577.17
  575.25,   698.07,   702.12
  700.00,   455.68,   444.61
  702.35,   453.07,   569.56
  704.70,   450.46,   694.51
  697.75,   580.63,   447.27
  700.10,   578.02,   572.22
  702.45,   575.41,   697.17
  695.51,   705.58,   449.92
  697.86,   702.97,   574.87
  700.21,   700.36,   699.82
